<?xml version="1.0"?>
<opencv_storage>
<keypoint2d002 type_id="opencv-matrix">
  <rows>397</rows>
  <cols>1</cols>
  <dt>"2f"</dt>
  <data>
    4.55421997e+02 2.78761871e+02 4.76498962e+02 3.12539398e+02
    3.97973877e+02 8.60681534e+01 4.55318146e+02 3.25438904e+02
    4.56317627e+02 2.73201935e+02 3.79843933e+02 2.66858887e+02
    3.72707733e+02 2.98910797e+02 4.53083496e+02 3.29683746e+02
    3.93346313e+02 2.63710327e+02 3.85015900e+02 2.66066681e+02
    3.99774597e+02 2.70013092e+02 3.74814514e+02 2.94820374e+02
    3.82681915e+02 1.34324234e+02 3.72933624e+02 1.62696320e+02
    4.40135406e+02 3.04933441e+02 4.54582550e+02 2.93438873e+02
    4.08492279e+02 2.56784821e+02 4.64130554e+02 3.16242249e+02
    4.14037079e+02 3.18420227e+02 4.10263153e+02 4.61998940e+01
    3.80368134e+02 1.28905807e+02 4.10634918e+02 6.27922287e+01
    4.70372833e+02 2.96725555e+02 4.01571198e+02 6.67457352e+01
    4.05877136e+02 1.08842636e+02 4.59010956e+02 3.09364105e+02
    4.74526398e+02 3.31065491e+02 4.23594482e+02 2.67520966e+02
    4.07656982e+02 2.91433380e+02 4.14416840e+02 2.56439850e+02
    4.53718170e+02 3.46196686e+02 3.62588684e+02 1.53941330e+02
    3.95847961e+02 3.10009369e+02 4.05995178e+02 2.88886292e+02
    4.07176910e+02 2.64782837e+02 3.65092529e+02 3.05690247e+02
    4.70887238e+02 2.64626709e+02 4.05878815e+02 1.19524879e+02
    4.16744904e+02 7.50588913e+01 4.44066315e+02 5.90467300e+01
    4.11132935e+02 2.65302338e+02 4.01300934e+02 3.33535278e+02
    4.08900848e+02 1.20620415e+02 4.42867371e+02 7.32322540e+01
    4.20067383e+02 3.02367798e+02 4.67419830e+02 2.55914215e+02
    4.55545685e+02 1.49266525e+02 4.53119873e+02 3.35968201e+02
    4.37418854e+02 3.65436157e+02 4.12390228e+02 1.28017227e+02
    4.47175232e+02 1.22477844e+02 4.20245239e+02 3.03396027e+02
    4.05915619e+02 5.48503113e+01 3.67698914e+02 3.39138428e+02
    3.94881226e+02 2.98743652e+02 4.31899536e+02 3.58348114e+02
    3.72981110e+02 9.97390442e+01 3.78991333e+02 3.32511353e+02
    4.43353149e+02 3.18104248e+02 4.10574066e+02 2.92615051e+02
    4.06094238e+02 3.38615509e+02 3.95082123e+02 9.89884949e+01
    3.89826660e+02 2.54072922e+02 4.32106079e+02 2.99120544e+02
    4.08011688e+02 2.83747528e+02 4.36912354e+02 2.66116882e+02
    4.47114899e+02 3.61894440e+02 4.66887329e+02 3.34924011e+02
    3.90206848e+02 3.00941071e+02 3.87593109e+02 3.01972717e+02
    4.18592316e+02 3.14681244e+02 4.57530304e+02 3.05177246e+02
    4.41345795e+02 8.17323761e+01 4.47819977e+02 3.69419708e+02
    3.45599731e+02 2.53075226e+02 4.49991791e+02 7.49949493e+01
    4.47703949e+02 3.69087006e+02 4.43336395e+02 3.69883545e+02
    3.96413788e+02 1.01554321e+02 4.40990448e+02 2.75790009e+02
    4.74291626e+02 2.71148041e+02 4.69565155e+02 3.18715179e+02
    3.63657837e+02 3.05426941e+02 4.63912750e+02 3.34654602e+02
    4.55994934e+02 1.24461533e+02 4.26935120e+02 3.82505798e+02
    4.60217926e+02 2.99469116e+02 4.40922760e+02 3.20665710e+02
    4.04467041e+02 3.44912659e+02 4.04271393e+02 2.83330811e+02
    3.75526215e+02 2.88880920e+02 4.50774994e+02 3.75190491e+02
    4.44292267e+02 3.55413605e+02 4.09018372e+02 2.66935303e+02
    4.44886017e+02 3.16224060e+02 4.50794800e+02 2.85017883e+02
    4.49670166e+02 3.60264252e+02 4.39820007e+02 1.53007385e+02
    3.70812775e+02 3.21413269e+02 4.34923798e+02 3.79254913e+02
    3.93254822e+02 2.85384521e+02 4.20860443e+02 3.02977081e+02
    4.11884796e+02 1.04899979e+02 4.05738129e+02 3.76526756e+01
    4.02976135e+02 2.51167633e+02 4.43788452e+02 6.46073456e+01
    3.90574463e+02 9.28506851e+01 4.49458252e+02 1.13474449e+02
    3.70226318e+02 3.22849518e+02 3.95426300e+02 5.66534271e+01
    4.14767670e+02 2.73805817e+02 3.49145569e+02 2.58956818e+02
    4.02505890e+02 4.49808388e+01 4.33066315e+02 3.31428162e+02
    4.06319824e+02 3.22884003e+02 4.12482605e+02 3.38175140e+02
    4.34693146e+02 3.31545502e+02 4.36591797e+02 3.30494202e+02
    4.42443481e+02 1.28342239e+02 4.29078979e+02 2.81116394e+02
    4.46722107e+02 3.80907013e+02 4.13003174e+02 3.28418457e+02
    4.20135162e+02 3.69100304e+01 3.61024414e+02 3.23519531e+02
    4.42891113e+02 3.63153015e+02 3.86197906e+02 2.81995331e+02
    4.20143494e+02 2.90354034e+02 4.45846436e+02 2.62857056e+02
    4.26093323e+02 3.17443909e+02 4.19378174e+02 8.03903351e+01
    4.40596832e+02 1.05620422e+02 4.21967285e+02 2.92575287e+02
    4.23133087e+02 2.76829651e+02 4.49710541e+02 4.68674812e+01
    3.79906769e+02 1.44185181e+02 4.13833466e+02 2.92180023e+02
    4.21847351e+02 2.90168610e+02 4.00675232e+02 2.77715851e+02
    4.03210602e+02 2.78639557e+02 3.95423401e+02 2.92657471e+02
    4.17227631e+02 2.89272980e+02 4.49809509e+02 3.64319458e+02
    4.45076202e+02 3.51797089e+02 3.50169952e+02 1.85009735e+02
    4.45665833e+02 1.09814903e+02 3.60931061e+02 1.68851761e+02
    4.08168091e+02 5.37741737e+01 3.51467499e+02 1.73459320e+02
    4.45604187e+02 3.48419281e+02 3.54997559e+02 2.99387604e+02
    4.39159637e+02 3.41982689e+01 4.35465698e+02 2.84474182e+02
    3.76144562e+02 2.78324860e+02 4.19299896e+02 3.25605072e+02
    3.45194183e+02 2.19234879e+02 3.98558044e+02 3.17937897e+02
    4.06355865e+02 7.69832916e+01 3.75207245e+02 2.56010834e+02
    3.90373810e+02 8.22260971e+01 4.06069916e+02 3.11591858e+02
    3.85267090e+02 2.53516998e+02 3.43358459e+02 2.29048889e+02
    3.65927826e+02 3.25719025e+02 4.51844788e+02 3.14353546e+02
    4.71644623e+02 2.82063354e+02 4.36913300e+02 1.10126961e+02
    3.89191406e+02 3.42953888e+02 4.20063141e+02 3.77858215e+02
    3.83001862e+02 3.08734436e+02 4.16625214e+02 3.81131256e+02
    4.36506897e+02 2.86207672e+02 3.86045227e+02 9.71985931e+01
    4.20139221e+02 3.63286957e+02 3.94926056e+02 1.29248795e+02
    4.19673126e+02 3.44929443e+02 3.94930786e+02 1.05298798e+02
    4.30116089e+02 2.56993164e+02 4.33454285e+02 7.75894012e+01
    3.47073792e+02 2.08451920e+02 4.38253357e+02 3.37045441e+02
    3.57730652e+02 1.92386307e+02 4.35855072e+02 3.37164551e+02
    4.15666290e+02 3.11155579e+02 4.21139038e+02 1.08613747e+02
    4.12100372e+02 3.50712677e+02 4.24039886e+02 2.85886871e+02
    4.17812836e+02 2.54728943e+02 4.57257935e+02 1.36026382e+02
    4.32208405e+02 3.68505829e+02 3.52790619e+02 1.61700989e+02
    4.19713959e+02 3.35754517e+02 3.55678833e+02 1.91422882e+02
    3.66427277e+02 2.92031494e+02 3.45340637e+02 2.08340408e+02
    3.74590393e+02 1.43521500e+02 4.05125000e+02 2.62768402e+02
    3.55998383e+02 2.04912964e+02 3.98631714e+02 3.36471039e+02
    4.65155853e+02 1.33651215e+02 4.21983154e+02 2.88223267e+02
    3.62791046e+02 3.19186493e+02 4.65721924e+02 2.98104248e+02
    4.27106628e+02 2.91469452e+02 3.89480438e+02 3.20720459e+02
    3.85263275e+02 3.34503540e+02 4.31467590e+02 3.23275238e+02
    3.69840729e+02 1.51128952e+02 4.09751862e+02 2.78483582e+02
    4.13786255e+02 3.82746338e+02 4.23451630e+02 8.89774475e+01
    4.40968567e+02 2.88972717e+02 4.37258362e+02 3.38815918e+02
    4.40896515e+02 2.86860962e+02 3.52929474e+02 2.27073059e+02
    4.18566559e+02 1.08126747e+02 3.57642944e+02 1.79876953e+02
    3.94000153e+02 3.26328278e+02 4.31029968e+02 2.85611206e+02
    3.77066711e+02 1.46391266e+02 3.48909851e+02 2.46023148e+02
    4.41906525e+02 3.43722992e+02 3.95038513e+02 3.25759094e+02
    3.60484344e+02 1.92719131e+02 4.53013428e+02 3.54877808e+02
    4.36154419e+02 5.38431435e+01 3.81302032e+02 2.96703705e+02
    3.97768951e+02 3.24745850e+02 3.69633759e+02 3.32315765e+02
    4.11152313e+02 3.14132446e+02 4.58013184e+02 3.53828857e+02
    3.61480774e+02 3.17745972e+02 4.42216827e+02 2.58811462e+02
    4.25859375e+02 2.91210724e+02 3.90880493e+02 7.12238083e+01
    3.90198700e+02 3.13745636e+02 3.64688446e+02 3.17610657e+02
    3.94971588e+02 1.11281258e+02 4.24653534e+02 3.87768311e+02
    4.21944336e+02 3.22942902e+02 4.27396393e+02 3.68065887e+02
    3.65234924e+02 2.71751373e+02 3.61147186e+02 3.32652893e+02
    4.24536377e+02 5.36020737e+01 4.57290375e+02 9.38012161e+01
