<?xml version="1.0"?>
<opencv_storage>
<keypoint3d004 type_id="opencv-matrix">
  <rows>207</rows>
  <cols>3</cols>
  <dt>"3f"</dt>
  <data>
    -8.26404989e-03 -7.05787614e-02 -8.46108273e-02 6.37924299e-03
    -4.03742120e-03 1.33321304e-02 7.65424781e-03 1.67416763e-02
    -1.27145052e-02 4.75103445e-02 -3.68957408e-03 -2.42612977e-02
    -9.48904920e-03 9.48904920e-03 3.22713587e-03 3.22713587e-03
    -1.06195547e-02 1.10051632e-02 -2.40080692e-02 -1.37665987e-01
    -2.95453519e-02 1.48444320e-04 1.30244135e-03 3.35243717e-03
    9.10611998e-04 9.82357282e-03 -1.90262939e-03 5.95124066e-03
    -1.31769970e-01 -3.19394805e-02 -1.43085467e-02 3.09463125e-02
    -1.04417689e-01 1.86647683e-01 -6.31242245e-02 6.31242245e-02
    -1.36685930e-03 -1.39680251e-01 -3.35808098e-02 1.70933753e-01
    1.07101142e-01 1.83585837e-01 3.16373527e-01 3.27637970e-01
    -6.01944588e-02 -3.15586850e-02 -1.37103528e-01 -4.03364860e-02
    -1.18983462e-01 1.20660938e-01 -5.37142949e-03 5.93357021e-03
    2.35207123e-03 3.07944114e-03 5.11429384e-02 -1.32069308e-02
    -1.08532738e-02 1.97346769e-02 -9.67346248e-04 9.19965189e-03
    1.18664950e-02 4.11842540e-02 3.53459232e-02 -2.38009989e-02
    -1.37929738e-01 -3.11171375e-02 1.14389739e-04 3.17450389e-02
    1.68845966e-01 3.32378149e-01 8.55174512e-02 3.38219851e-01
    -3.75689566e-02 -1.06775478e-01 -2.79876515e-02 3.18070948e-02
    1.57511547e-01 2.75194764e-01 -7.62711558e-03 1.11666173e-02
    -9.58782658e-02 -3.99951786e-02 -5.16290925e-02 -5.17950654e-02
    1.85066907e-04 1.19729037e-03 8.47339444e-03 8.56156088e-03
    -3.19066545e-04 3.75198608e-04 -3.47077549e-02 -4.78464365e-02
    -4.53921482e-02 6.82817074e-04 1.07466138e-03 1.26519043e-03
    -4.92282212e-03 4.92282212e-03 -8.30769597e-04 -4.93869334e-02
    -1.17323473e-01 -1.29650772e-01 1.67532749e-02 1.81109402e-02
    -4.05423203e-03 4.95639071e-03 -1.28230546e-03 1.40928803e-03
    4.32379209e-02 -2.46452801e-02 -2.80686747e-02 6.21371670e-03
    -1.14791989e-02 1.20317815e-02 -1.06302707e-03 2.15474563e-03
    -2.58614891e-04 -3.34437899e-02 -5.47732040e-02 -5.95601797e-02
    7.39885589e-43 0. 7.39885589e-43 0. -9.39512916e-04 2.59347912e-03
    -4.88707423e-02 -1.17909737e-01 -1.32824928e-01 2.78586522e-03
    2.00964417e-03 2.35931366e-03 2.45956960e-03 1.13840904e-02
    2.91297818e-03 2.02807803e-02 -9.62987095e-02 -1.96807273e-02
    -3.22150532e-03 1.77513491e-02 3.27913202e-02 6.40223473e-02
    -9.22773685e-03 9.63090546e-03 -2.52784677e-02 -1.03497811e-01
    -1.39819920e-01 4.31511365e-03 -1.45748421e-03 1.45748421e-03
    -7.76267331e-03 8.28394666e-03 -3.21363623e-04 -8.07469152e-03
    -6.21156693e-02 -8.70292261e-02 -8.65338184e-03 1.24641405e-02
    3.96039616e-03 4.65178024e-03 -1.75534524e-02 3.11170574e-02
    3.34931277e-02 -4.41607200e-02 5.02256714e-02 8.01261961e-02
    7.35223591e-02 7.68887699e-02 -2.81092763e-01 3.19758654e-01
    1.55943975e-01 -4.56282161e-02 -1.20938614e-01 -4.33003418e-02
    6.88832924e-02 8.73158649e-02 -3.16000953e-02 2.97387630e-01
    8.02741572e-03 1.03444895e-02 3.94468866e-02 -3.27676870e-02
    -4.18600552e-02 1.08485095e-01 -3.52758798e-04 7.34946225e-04
    -1.69027075e-02 1.90590732e-02 1.47946377e-03 -2.27019209e-02
    -9.34211910e-02 -1.27249733e-01 5.44291083e-03 2.77613029e-02
    7.62913958e-04 8.26355442e-03 -1.37260914e-01 1.70721039e-01
    -2.53565852e-02 -8.55669305e-02 -1.15890227e-01 4.76550646e-02
    1.02131933e-01 1.57421172e-01 3.90947640e-01 4.31149125e-01
    -3.46082635e-02 -2.28990465e-02 -6.72754720e-02 -7.19754100e-02
    -7.54194846e-03 1.79565977e-02 -3.40246446e-02 3.61261331e-02
    -6.52846992e-02 6.68156520e-02 -2.33655050e-02 -6.61053583e-02
    -6.97474331e-02 1.85711849e-02 -2.49537756e-03 3.08324350e-03
    8.76881590e-04 1.41462416e-03 -1.93748367e-03 -4.65789922e-02
    -1.20278470e-01 -4.10813801e-02 -1.28212394e-02 3.06564756e-02
    -2.12521590e-02 2.44863331e-02 5.74886473e-03 1.60560068e-02
    4.09864113e-02 -3.00693959e-02 -4.05906029e-02 2.92350594e-02
    -4.93453210e-03 5.00394329e-02 7.85099715e-03 8.91920924e-03
    -4.20511095e-03 -2.55883895e-02 -1.35100201e-01 -1.73834085e-01
    -2.68188608e-03 2.77434848e-03 4.09933535e-04 6.25678920e-04
    -1.19809073e-03 2.56040366e-03 -2.61694361e-02 -5.97085357e-02
    -5.25567085e-02 0. -6.75048213e-04 6.96161762e-04 -4.42762394e-04
    4.42762394e-04 1.75946152e-05 -3.11953388e-02 -9.52464417e-02
    -1.29050672e-01 -2.39601335e-03 2.39601335e-03 -8.31506099e-04
    8.31506099e-04 -1.68194587e-04 1.68194587e-04 -5.64391352e-02
    -5.56840785e-02 -2.17592344e-03 8.69170704e-04 -2.35441912e-04
    5.54574712e-04 -3.60323669e-04 1.05446146e-03 -3.04102450e-05
    -3.42254192e-02 -8.36017281e-02 -1.08057328e-01 1.65017380e-04
    2.01831223e-04 -1.82636271e-04 1.89052269e-04 -2.27424953e-05
    2.27424953e-05 -3.43446992e-02 -5.20002395e-02 -4.14360538e-02
    1.13432016e-03 -1.65439560e-03 3.37891676e-03 1.02804052e-02
    1.06470855e-02 -1.72010288e-02 -5.83823733e-02 -5.27100526e-02
    6.04773499e-03 -9.95564833e-02 9.95564833e-02 -6.64976379e-03
    2.24320516e-01 1.86201572e-01 2.10908040e-01 -2.86438018e-02
    -5.86740822e-02 -5.94480075e-02 1.98141515e-01 1.79001093e-01
    1.79580703e-01 7.28205196e-04 3.61549621e-03 -9.69097135e-04
    -1.20419404e-02 -6.92216605e-02 -7.36010820e-02 1.87759381e-02
    1.88128129e-02 -1.56929402e-03 1.56929402e-03 -1.18448515e-05
    2.65477167e-04 7.20733181e-02 7.87732191e-03 4.59286012e-02
    9.26267414e-04 -1.09757241e-02 1.74788870e-02 -2.58976936e-01
    2.63850540e-01 -3.34958266e-03 -1.08133918e-02 -6.84493706e-02
    -8.82442519e-02 5.00920951e-01 5.05895793e-01 4.86145653e-02
    5.90904504e-02 -1.14899594e-02 1.51130587e-01 -5.48816770e-02
    -5.72013557e-02 -6.97090104e-03 2.68006790e-03 -1.35646877e-03
    6.98608113e-03 -1.44914305e-03 3.46758822e-03 -3.13209719e-03
    -9.75583680e-03 -6.16667494e-02 -6.09492809e-02 -1.34491143e-04
    1.39852069e-04 -2.11486099e-06 2.99608055e-05 4.81022980e-05
    1.82156422e-04 -3.62511352e-02 -1.21797256e-01 -3.17613557e-02
    3.20512056e-02 1.22239825e-03 1.87802967e-03 -4.56509041e-03
    6.27769856e-03 4.08666022e-02 -3.63959372e-02 -1.31522834e-01
    -3.72718424e-02 -4.22430225e-03 1.46945808e-02 1.15815244e-04
    1.36977367e-04 9.37958423e-04 1.13920355e-03 -1.94348078e-02
    -7.48607889e-02 -9.57408175e-02 4.75625601e-03 -1.14377309e-03
    1.20194082e-03 2.21965677e-42 0. 7.39885589e-43 2.72782948e-02
    -2.58665942e-02 -2.94386651e-02 -1.57493370e-04 2.86202529e-04
    1.93462882e-04 2.58163083e-04 6.85699270e-05 4.98766021e-04
    -2.12687142e-02 -1.48509875e-01 -3.92943285e-02 3.51328310e-03
    -1.62596771e-04 1.94163271e-03 -6.21686340e-04 1.84317119e-03
    6.93865865e-03 -2.89991312e-03 -5.15519679e-02 -8.04108009e-02
    -5.17019164e-03 6.03007060e-03 -1.93359650e-04 1.93359650e-04
    -1.61167525e-03 2.10518623e-03 -1.69858336e-03 -1.53235301e-01
    -5.83396852e-02 9.99927215e-05 1.63498844e-04 3.10588774e-04
    -2.51342484e-04 2.27091741e-03 -7.30099156e-04 -4.92738932e-03
    -1.04807921e-01 -7.99135864e-03 3.67332692e-03 6.22121710e-03
    -3.30735967e-02 4.60671447e-02 -9.63183527e-04 1.59639753e-02
    -2.75015682e-02 -5.90043217e-02 -6.02575429e-02 2.35308986e-02
    1.59195781e-01 1.59195781e-01 3.93797189e-01 3.95599037e-01
    -3.61467935e-02 -2.75196638e-02 -6.52320683e-02 -7.62777254e-02
    -7.11192098e-03 1.09499414e-02 -1.14604241e-04 2.68140272e-03
    -4.89199476e-04 2.08040560e-03 -3.54276150e-02 -6.08079210e-02
    -7.18247220e-02 1.30254608e-02 7.32106739e-04 1.19162025e-02
    -5.52673452e-03 2.62197312e-02 4.97576036e-03 -1.81566365e-02
    -7.27862194e-02 -9.11803395e-02 1.89962819e-01 2.06118584e-01
    -1.74778879e-01 3.23899418e-01 2.87902951e-01 3.22233945e-01
    -2.66587362e-02 -7.44568631e-02 -9.89882722e-02 2.27786228e-01
    1.03909798e-01 1.91397071e-01 5.53643294e-02 5.83061539e-02
