<?xml version="1.0"?>
<opencv_storage>
<keypoint2d001 type_id="opencv-matrix">
  <rows>442</rows>
  <cols>1</cols>
  <dt>"2f"</dt>
  <data>
    4.05229401e+02 2.62689362e+02 4.12808289e+02 3.17703064e+02
    4.09504974e+02 3.19373627e+02 4.09126190e+02 3.23803680e+02
    3.14308929e+02 2.53584259e+02 3.41358307e+02 2.56998383e+02
    3.19742828e+02 2.54785812e+02 3.16933838e+02 2.85794434e+02
    3.22141632e+02 2.82579285e+02 3.91205719e+02 2.92166412e+02
    3.25661652e+02 2.53545166e+02 4.07011658e+02 2.77440887e+02
    4.22762878e+02 2.98784729e+02 3.64556793e+02 4.08163116e+02
    3.34364288e+02 2.50129654e+02 4.29752502e+02 3.11589722e+02
    3.33308502e+02 1.21445915e+02 4.01758881e+02 3.93523285e+02
    3.62783722e+02 3.13232117e+02 4.32791412e+02 1.97299835e+02
    3.67131500e+02 2.92154053e+02 3.08940063e+02 3.56327057e+02
    3.64184601e+02 2.85259247e+02 4.13418060e+02 2.97989380e+02
    4.20902954e+02 1.11685577e+02 3.25599762e+02 1.05711441e+02
    3.50066833e+02 2.78647217e+02 3.93010223e+02 3.87898010e+02
    3.84721375e+02 3.92214172e+02 4.08594971e+02 3.64703522e+02
    3.45158691e+02 2.71934265e+02 4.16610321e+02 1.10799690e+02
    3.45617554e+02 2.57678101e+02 3.68402649e+02 2.92802307e+02
    2.97590515e+02 3.06816589e+02 3.89259735e+02 4.10477020e+02
    4.26881958e+02 1.14534966e+02 3.05171234e+02 3.16152557e+02
    2.96933594e+02 2.98735962e+02 3.18554993e+02 3.28013275e+02
    3.00923065e+02 3.00405457e+02 4.13065704e+02 3.43437134e+02
    4.09886078e+02 3.70374725e+02 3.34476562e+02 1.01184456e+02
    3.53035065e+02 3.57958191e+02 4.08028687e+02 3.59125153e+02
    4.34089111e+02 2.34925308e+02 4.01303192e+02 3.08702972e+02
    3.56309204e+02 2.81701569e+02 2.99843323e+02 1.55487045e+02
    3.09056610e+02 3.30090607e+02 3.97931702e+02 1.16010101e+02
    3.08190796e+02 2.63685760e+02 3.01305267e+02 1.48134491e+02
    4.28719055e+02 1.73921265e+02 3.67870331e+02 3.79542694e+02
    3.40141998e+02 2.87045227e+02 3.64608795e+02 2.60488098e+02
    4.36286682e+02 2.34170807e+02 3.75721985e+02 2.80936981e+02
    3.54616364e+02 3.29382843e+02 3.68364380e+02 2.52422241e+02
    3.95416443e+02 3.68290894e+02 3.50284454e+02 2.65968414e+02
    3.87024933e+02 3.59683655e+02 3.21412140e+02 3.31455231e+02
    3.53412750e+02 2.52386047e+02 4.08403351e+02 3.89180939e+02
    4.26301636e+02 3.43928406e+02 3.94049896e+02 7.22729950e+01
    4.20527985e+02 2.70337006e+02 3.48227356e+02 2.72448242e+02
    4.38078674e+02 2.40758682e+02 3.75272430e+02 2.57462708e+02
    3.87731720e+02 3.92341644e+02 3.70241455e+02 2.78397491e+02
    3.00313202e+02 7.36707001e+01 3.54574982e+02 3.45341553e+02
    3.56200592e+02 3.95692902e+02 3.83259644e+02 1.43944473e+02
    3.54848572e+02 1.15150169e+02 3.75528564e+02 9.51940460e+01
    3.37127441e+02 2.71041504e+02 2.87406586e+02 1.78843460e+02
    3.46804718e+02 3.28911072e+02 3.62343231e+02 3.23001129e+02
    3.52177094e+02 3.29525970e+02 3.66581146e+02 7.90416336e+01
    3.77400909e+02 4.13835480e+02 3.83954681e+02 2.51791122e+02
    4.35934326e+02 1.83444519e+02 3.84671417e+02 2.59849304e+02
    3.66257324e+02 2.77026154e+02 3.61192383e+02 3.18303345e+02
    3.41264038e+02 3.02610596e+02 4.24360931e+02 1.22176926e+02
    3.72380646e+02 3.84301575e+02 3.57789917e+02 9.81881332e+01
    3.16177917e+02 3.39081055e+02 3.50203583e+02 3.28933319e+02
    3.26484467e+02 3.30672668e+02 3.55015961e+02 2.91000610e+02
    3.86788208e+02 4.12364807e+02 4.11510010e+02 3.56079163e+02
    2.87701965e+02 2.85371094e+01 3.66121613e+02 2.79628967e+02
    3.53806641e+02 2.51290390e+02 3.62174316e+02 3.36337250e+02
    2.84342407e+02 2.00694794e+02 3.43818878e+02 3.12700867e+02
    3.75713409e+02 2.73222443e+02 4.25324036e+02 3.64103119e+02
    2.91943329e+02 2.08674332e+02 2.90102112e+02 1.58368561e+02
    2.81196106e+02 2.12714249e+02 3.57729523e+02 3.65176331e+02
    3.73815796e+02 3.06056244e+02 3.42802582e+02 3.54694946e+02
    4.16599976e+02 1.41531494e+02 4.32965118e+02 2.20292480e+02
    3.48139709e+02 2.64823761e+02 3.92351196e+02 2.53253372e+02
    3.81096466e+02 1.18723236e+02 3.94091064e+02 3.69664978e+02
    3.39167358e+02 2.65760406e+02 3.61706207e+02 1.18678619e+02
    2.89164307e+02 1.68672241e+02 3.18309998e+02 3.50294678e+02
    4.41409729e+02 2.13732986e+02 3.67550964e+02 3.66388428e+02
    3.32527252e+02 2.59667084e+02 2.77994415e+02 3.49901466e+01
    2.96822571e+02 1.75506775e+02 4.28011719e+02 1.62868134e+02
    3.46414642e+02 3.76991058e+02 3.10562775e+02 2.80414085e+01
    3.89358459e+02 2.44079224e+02 4.34505493e+02 3.34841492e+02
    3.88903931e+02 3.24647339e+02 4.25291260e+02 8.85971451e+01
    3.52658875e+02 2.40928207e+02 2.95036591e+02 1.86882614e+02
    3.61600159e+02 2.79892975e+02 2.90164978e+02 2.20703293e+02
    3.38889282e+02 3.15856873e+02 3.41113129e+02 1.03241196e+02
    3.76372833e+02 3.05044189e+02 3.95075867e+02 3.43887909e+02
    3.66732574e+02 3.90347382e+02 3.38558472e+02 3.36279205e+02
    3.28542877e+02 3.05948273e+02 3.46619446e+02 3.78379242e+02
    2.78185150e+02 7.75863419e+01 3.60800934e+02 3.53234497e+02
    3.56976532e+02 2.39673248e+02 3.12769897e+02 2.77376923e+02
    3.90170319e+02 2.73445160e+02 2.86966766e+02 2.45084885e+02
    2.94518829e+02 2.08758484e+02 3.89988953e+02 2.70358337e+02
    3.62575958e+02 2.77289520e+02 3.46187378e+02 1.11875336e+02
    2.88762604e+02 2.32521210e+02 4.36543793e+02 1.42335953e+02
    3.38048828e+02 2.38574631e+02 3.59750244e+02 3.84628998e+02
    3.59969147e+02 3.99304779e+02 3.65588745e+02 3.22606873e+02
    3.85854034e+02 2.68966705e+02 3.85989532e+02 3.25277374e+02
    2.89382355e+02 2.07687286e+02 4.01415558e+02 3.47733948e+02
    3.49136047e+02 2.40533997e+02 4.20039459e+02 2.92897949e+02
    2.90603210e+02 2.71622681e+02 3.57752838e+02 3.38161621e+02
    3.96088226e+02 9.14471359e+01 3.12108093e+02 3.49124298e+02
    3.42454559e+02 3.15545380e+02 2.96783661e+02 1.64111084e+02
    3.73921997e+02 3.70505867e+01 4.10632568e+02 1.07762856e+02
    3.35723297e+02 3.34828674e+02 3.86555023e+02 2.70081879e+02
    3.84992279e+02 3.72548126e+02 4.08118164e+02 2.85091217e+02
    4.35157990e+02 1.66693909e+02 3.96099579e+02 3.19318268e+02
    2.98814209e+02 1.61937225e+02 3.72298401e+02 3.92105804e+02
    3.90043854e+02 3.34142731e+02 3.63004578e+02 3.26885529e+02
    3.76832458e+02 2.65800537e+02 3.92690308e+02 3.33753296e+02
    3.00635620e+02 1.65228195e+02 3.00015930e+02 3.55285950e+01
    2.98380463e+02 2.10526993e+02 3.68288666e+02 3.17715607e+02
    3.78180450e+02 3.65837830e+02 2.92074921e+02 1.49145081e+02
    3.75826508e+02 3.85592651e+02 2.84460510e+02 6.78387756e+01
    3.58403046e+02 6.94088669e+01 3.02241425e+02 3.16084320e+02
    2.92445526e+02 2.58215179e+02 3.02597198e+02 1.80317017e+02
    3.60726837e+02 2.71632324e+02 2.98241455e+02 1.65505585e+02
    3.89860626e+02 2.76764038e+02 4.21924103e+02 1.84477371e+02
    3.35376251e+02 3.47702904e+01 2.92481384e+02 2.21956329e+02
    3.54422394e+02 3.17537903e+02 3.69301178e+02 2.62334778e+02
    2.93479950e+02 1.97664597e+02 2.96524200e+02 1.96290466e+02
    3.70427704e+02 3.18068512e+02 3.04951874e+02 2.75878357e+02
    3.96077545e+02 3.25173912e+01 3.13231232e+02 3.38707977e+02
    3.70338776e+02 4.13399536e+02 4.27996704e+02 3.60860870e+02
    4.13398315e+02 3.66624664e+02 3.78367615e+02 2.73204437e+02
    3.23610199e+02 2.72363617e+02 3.69253876e+02 2.66205933e+02
    3.99387360e+02 3.46983795e+02 2.88461914e+02 2.56496033e+02
    3.67479675e+02 2.67484894e+02 2.98502289e+02 1.83161285e+02
    3.79699158e+02 4.14157318e+02 3.73704590e+02 3.68559387e+02
    2.96532288e+02 2.22871338e+02 3.61214691e+02 3.58880737e+02
    3.81517426e+02 2.88463470e+02 2.82602722e+02 1.83113022e+02
    3.86280609e+02 2.66511536e+02 3.00065674e+02 3.38616669e+02
    3.88158051e+02 3.81064796e+01 3.35359955e+02 3.15978668e+02
    3.72067932e+02 2.65227448e+02 2.80556519e+02 1.98534500e+02
    3.49365173e+02 2.63744354e+02 3.55978760e+02 3.38031845e+01
