<?xml version="1.0"?>
<opencv_storage>
<keypoint2d004 type_id="opencv-matrix">
  <rows>207</rows>
  <cols>1</cols>
  <dt>"2f"</dt>
  <data>
    3.09483551e+02 2.92604095e+02 3.59248749e+02 3.16923828e+02
    3.15119263e+02 1.41104233e+02 3.60994598e+02 1.63944168e+02
    3.53485229e+02 1.50988770e+02 3.01926971e+02 1.47782822e+02
    3.66880737e+02 2.96439667e+02 3.15571136e+02 1.42094757e+02
    2.80106293e+02 1.77888168e+02 2.53850601e+02 2.68582031e+02
    2.61490204e+02 2.68196869e+02 2.49332260e+02 2.68686951e+02
    3.63041290e+02 2.99334747e+02 2.64171997e+02 2.75149811e+02
    2.50061539e+02 2.72458557e+02 3.63708069e+02 2.05414124e+02
    2.91614441e+02 3.15061554e+02 3.05911194e+02 3.05774719e+02
    3.53473572e+02 2.11959000e+02 2.70913574e+02 1.68320816e+02
    3.62715881e+02 3.03681458e+02 2.92544800e+02 3.12168060e+02
    2.84599548e+02 3.06234589e+02 2.84587860e+02 2.77181702e+02
    2.83532440e+02 2.75995056e+02 2.69295135e+02 1.66909332e+02
    3.63488434e+02 3.05590668e+02 3.07552277e+02 3.20669647e+02
    2.78040924e+02 2.64518524e+02 2.76558167e+02 3.08757355e+02
    2.37937332e+02 2.12770218e+02 2.68089691e+02 2.95180634e+02
    2.63902405e+02 2.59651245e+02 2.35647171e+02 2.08791183e+02
    2.73153625e+02 2.72048309e+02 3.02987823e+02 2.80383636e+02
    3.78038727e+02 2.73373444e+02 3.04158569e+02 2.98612274e+02
    2.39863297e+02 2.15551315e+02 3.03837677e+02 2.76451691e+02
    2.87936676e+02 1.60862808e+02 2.91420105e+02 1.51419983e+02
    2.91945892e+02 2.96608063e+02 3.42248962e+02 2.94906647e+02
    3.24969208e+02 1.33978119e+02 3.09794769e+02 3.12071228e+02
    3.62779755e+02 1.52017059e+02 3.29925476e+02 1.75986053e+02
    2.74998291e+02 2.72895630e+02 2.75822906e+02 2.82867157e+02
    2.61668610e+02 2.80533997e+02 2.93516266e+02 2.94152710e+02
    2.78863068e+02 2.98507385e+02 2.69963013e+02 2.58218689e+02
    2.98979309e+02 3.23063507e+02 2.78915497e+02 2.80302063e+02
    2.84171936e+02 1.58465820e+02 2.64503174e+02 3.05047089e+02
    2.59092682e+02 2.85508789e+02 3.60551697e+02 2.51751358e+02
    2.69897827e+02 2.70048981e+02 3.19756287e+02 3.01699097e+02
    3.55511597e+02 3.30020599e+02 3.33297974e+02 1.45143158e+02
    2.63730652e+02 2.82299774e+02 3.65952545e+02 2.55263367e+02
    3.71072113e+02 2.31441925e+02 3.59877716e+02 2.80691925e+02
    2.81742157e+02 2.97085754e+02 2.83930389e+02 1.62429367e+02
    3.69009857e+02 2.42970306e+02 3.62946106e+02 2.67815247e+02
    3.08765961e+02 1.54075470e+02 2.72415802e+02 2.54817200e+02
    3.67832397e+02 2.47966827e+02 2.79681061e+02 3.16683319e+02
    3.17592712e+02 3.14720551e+02 2.46601517e+02 2.58633514e+02
    2.60208008e+02 2.53789398e+02 3.58995361e+02 2.57735535e+02
    2.93946503e+02 3.21842590e+02 2.90618439e+02 2.69602173e+02
    2.98510559e+02 2.74362366e+02 3.59766235e+02 1.76660339e+02
    2.89422668e+02 3.06096008e+02 2.54221313e+02 2.40306259e+02
    3.65182404e+02 2.58332581e+02 3.72166565e+02 2.25555298e+02
    3.58440216e+02 2.44265686e+02 3.76917725e+02 2.53309372e+02
    3.67002686e+02 2.50945145e+02 3.68639252e+02 2.30649216e+02
    3.76281616e+02 2.64454803e+02 3.66656586e+02 2.41976013e+02
    3.75893860e+02 2.54585892e+02 3.42925049e+02 3.41942047e+02
    3.60576477e+02 2.66346527e+02 3.73609589e+02 2.74772308e+02
    3.76555450e+02 2.87601013e+02 3.54002808e+02 3.34851685e+02
    3.80158508e+02 2.39329941e+02 3.18207031e+02 1.56850006e+02
    2.75478516e+02 1.55032425e+02 3.79438568e+02 2.89504944e+02
    3.45467560e+02 1.38530960e+02 2.58470490e+02 2.55861725e+02
    3.79902771e+02 2.87209259e+02 3.53148499e+02 1.41676468e+02
    3.62379089e+02 2.70056671e+02 2.55741699e+02 1.72842102e+02
    2.67145752e+02 2.56171997e+02 2.93164398e+02 2.89332550e+02
    2.67233093e+02 2.53065735e+02 3.10203674e+02 1.31877045e+02
    2.76709869e+02 2.93055450e+02 2.80645233e+02 2.59421936e+02
    3.51145691e+02 1.33003235e+02 3.36712402e+02 1.31123871e+02
    3.27940979e+02 1.37289886e+02 3.69968597e+02 2.37479767e+02
    2.44260193e+02 2.06470779e+02 3.15322693e+02 2.68296844e+02
    3.37332916e+02 1.47129776e+02 3.50839905e+02 3.13667542e+02
    2.65753265e+02 3.10705200e+02 3.45357513e+02 3.30033356e+02
    2.92798828e+02 2.73748230e+02 3.34194397e+02 1.23016777e+02
    2.78508270e+02 2.57783386e+02 3.35821106e+02 1.52036911e+02
    3.13130890e+02 2.63332642e+02 3.71288788e+02 2.84408539e+02
    2.83736877e+02 1.30553452e+02 3.16213531e+02 1.55052124e+02
    3.15237305e+02 3.20561462e+02 3.34988953e+02 1.20660423e+02
    2.50279282e+02 2.14295685e+02 2.63794983e+02 2.54522018e+02
    2.61583008e+02 1.85690659e+02 3.39699799e+02 1.61009750e+02
    3.42407837e+02 3.32230927e+02 2.58302002e+02 1.95008194e+02
    3.38267120e+02 1.24192940e+02 3.52232513e+02 3.25670898e+02
    3.34518555e+02 1.51068695e+02 3.13343750e+02 1.31322296e+02
    2.45911926e+02 1.97022812e+02 3.35160217e+02 1.33057755e+02
    3.40870819e+02 1.22507996e+02 3.44336792e+02 1.26127068e+02
    3.26282257e+02 1.21977783e+02 3.48713440e+02 3.16796661e+02
    3.27380920e+02 1.21352364e+02 2.71803436e+02 1.56849380e+02
    3.35205505e+02 2.85771790e+02 3.44008636e+02 3.35062866e+02
    2.68833832e+02 3.12364288e+02 3.54334137e+02 2.56516815e+02
    3.40737640e+02 3.44760010e+02 3.01765533e+02 1.71066711e+02
    2.80408813e+02 2.88509583e+02 2.42675110e+02 2.05952240e+02
    2.47172577e+02 2.26550934e+02 2.64553314e+02 1.77638840e+02
    2.75782349e+02 2.57967926e+02 3.18138794e+02 2.76652069e+02
    3.42386780e+02 1.48451538e+02 3.19757507e+02 3.15813416e+02
    3.74213959e+02 2.60273315e+02 2.90129944e+02 2.65063049e+02
    3.19225952e+02 2.74660065e+02 3.53160187e+02 3.19253357e+02
    3.58095917e+02 2.75203888e+02 2.57859863e+02 1.68754349e+02
    2.56437134e+02 1.97971390e+02 2.80451324e+02 1.52047531e+02
    3.29361420e+02 1.31272430e+02 3.15098663e+02 3.11287933e+02
    3.46986908e+02 1.26986977e+02 2.49089447e+02 1.88614014e+02
    3.32341888e+02 2.65294617e+02 2.50592926e+02 1.85051392e+02
    2.53429764e+02 2.09303192e+02 3.41789734e+02 1.29736588e+02
    3.22640930e+02 1.99376602e+02 2.53818390e+02 1.76744217e+02
    3.73411255e+02 2.80219757e+02 2.45408905e+02 2.27864532e+02
    3.17100525e+02 2.06463303e+02 3.49419464e+02 1.36815720e+02
    3.80631592e+02 2.48766327e+02 3.47187622e+02 1.24571152e+02
    3.48533325e+02 2.67594940e+02 3.51294495e+02 1.27821770e+02
    2.60220154e+02 1.91534012e+02 3.62045685e+02 2.74539429e+02
    3.41985291e+02 1.34720581e+02 3.68109009e+02 2.59232391e+02
    3.01277252e+02 2.50241089e+02 2.52946198e+02 2.81312988e+02
    3.12959412e+02 1.23296547e+02 2.63666016e+02 1.60663483e+02
    3.13010834e+02 2.69186829e+02 3.43379272e+02 1.38555069e+02
    3.34043701e+02 2.25691422e+02 2.64144318e+02 2.20652466e+02
    3.21369537e+02 1.19227966e+02</data></keypoint2d004>
</opencv_storage>
