<?xml version="1.0"?>
<opencv_storage>
<keypoint3d001 type_id="opencv-matrix">
  <rows>442</rows>
  <cols>3</cols>
  <dt>"3f"</dt>
  <data>
    2.41805017e-02 1.33537466e-03 -5.02532907e-02 2.60308851e-02
    -3.50296288e-03 5.15845185e-03 -2.16949601e-02 2.72587147e-02
    -1.11424532e-02 3.53544950e-02 3.56633365e-02 -2.67242417e-02
    -1.52667705e-02 1.60627775e-02 -7.38882285e-04 6.81784330e-03
    -9.68217792e-04 4.69510583e-03 3.36261354e-02 3.71452495e-02
    -2.50716675e-02 3.54393129e-03 1.47063809e-03 3.10937641e-03
    -9.73345898e-03 2.21265983e-02 -8.77125468e-03 3.24230343e-02
    3.86823565e-02 -3.55408899e-02 1.34507166e-02 3.03721856e-02
    -1.11304983e-01 2.05476657e-01 -1.69499844e-01 1.69499844e-01
    -3.00577376e-02 2.37329328e-03 -4.56170253e-02 3.04295182e-01
    1.84689388e-01 3.18634093e-01 1.39882728e-01 2.31779024e-01
    1.40454471e-02 -1.36550963e-02 2.44358229e-03 -4.84822877e-02
    -9.89391934e-04 1.51166013e-02 -3.47328675e-03 1.59085058e-02
    1.83666148e-03 6.75884215e-03 -2.67005712e-02 2.69499188e-03
    -4.62068692e-02 1.35277193e-02 -2.36084289e-03 1.85955595e-02
    1.31762512e-02 1.97918955e-02 -2.14921832e-02 -2.61097401e-02
    2.11572405e-02 -4.92755994e-02 -9.43446010e-02 1.65849730e-01
    -1.20887719e-02 4.25606519e-02 9.90258157e-02 3.36402476e-01
    -2.32047383e-02 1.87752936e-02 -5.08682467e-02 3.53090703e-01
    3.99546046e-03 1.33963093e-01 -9.60816350e-03 3.00656501e-02
    -4.32282424e-04 1.66688748e-02 1.85038894e-02 -6.53832033e-02
    -1.91038696e-03 3.97209637e-02 -8.23752896e-04 2.78413109e-02
    -1.07843858e-04 8.98840255e-04 -2.32228916e-02 1.51569583e-03
    -4.73187789e-02 1.42380549e-03 -3.59961134e-03 7.14137731e-03
    -6.61184266e-03 9.06112790e-03 -3.76313962e-02 2.37520263e-02
    8.84839986e-03 -7.25657269e-02 -4.40139212e-02 6.08171485e-02
    7.97412731e-03 4.70125079e-02 4.48512696e-02 4.93645966e-02
    3.51678655e-02 2.03443281e-02 -6.22513629e-02 3.47737945e-03
    9.03225853e-04 1.09096686e-03 1.37922401e-03 1.92712317e-03
    4.58627655e-05 7.47634517e-03 7.80575797e-02 -9.31844041e-02
    7.39885589e-43 0. 7.39885589e-43 0. 3.75547941e-04 3.75547941e-04
    -1.82824321e-02 -1.12458656e-03 -4.75429520e-02 8.49157368e-05 0. 0.
    7.48004094e-02 7.48004094e-02 1.67153124e-03 4.30891216e-02
    2.90982444e-02 -4.18540537e-02 0. 0. 2.33000901e-04 2.33000901e-04
    -4.66904277e-03 2.58263536e-02 -2.77959276e-02 -7.74157271e-02
    -4.82294671e-02 2.25122496e-02 -8.82218319e-06 2.25512485e-05
    6.47914771e-04 2.13710242e-03 -3.85112152e-03 2.48951949e-02
    6.65067807e-02 -9.97869745e-02 3.51477647e-03 3.51477647e-03
    7.66210083e-04 7.66210083e-04 1.32386736e-03 1.59382098e-03
    2.54944712e-03 3.33832689e-02 -5.56002259e-02 4.55828279e-01
    1.41928559e-02 1.41928559e-02 2.58753691e-02 3.83537970e-02 0.
    3.63667794e-02 -3.92414480e-02 -4.61605787e-02 -1.66644856e-01
    2.62256473e-01 -1.94259565e-02 1.12503417e-01 1.19495373e-02
    1.09430976e-01 2.55341991e-03 1.91202573e-02 -7.82082081e-02
    6.56334031e-03 4.37348289e-03 6.91484008e-03 -9.54767037e-03
    2.72662695e-02 5.97638264e-03 -2.34137475e-02 4.93919216e-02
    -1.21165186e-01 2.64370028e-04 1.36137512e-02 -7.81621609e-04
    8.92382814e-04 3.73612195e-01 3.89067829e-01 6.46839151e-04
    1.57678407e-02 -7.53278360e-02 3.06439381e-02 -2.33577262e-03
    6.80019148e-03 -8.18029717e-02 1.31479204e-01 -1.64291874e-01
    3.16334628e-02 2.16359869e-02 -4.80561331e-02 -2.80454643e-02
    7.71606117e-02 -1.08164065e-02 1.45263234e-02 -2.91143870e-03
    1.23069938e-02 2.33283956e-02 -8.89540985e-02 -4.75296415e-02
    1.60298776e-02 7.21725984e-04 2.31695571e-03 -1.12226477e-03
    1.31980516e-03 4.72202082e-04 -3.36265117e-02 -8.69016349e-02
    -4.53910120e-02 5.84198125e-02 5.97637109e-02 8.58776097e-04
    3.21942801e-03 2.17450247e-03 2.59029982e-03 -7.09613087e-03
    1.43707963e-02 -5.31757399e-02 2.00029612e-02 -3.86185013e-02
    4.80539277e-02 -6.12428819e-04 3.58596630e-03 -1.79594441e-03
    2.64021810e-02 7.73831904e-02 -4.26242203e-02 6.43205538e-04
    8.89192219e-04 -9.37669538e-04 1.66065549e-03 3.46435816e-04
    6.50207454e-04 1.88460965e-02 7.33590350e-02 -7.28910342e-02 0.
    4.93278712e-05 9.04401531e-05 -5.71813842e-04 2.91012693e-03
    -6.71402551e-03 3.56602110e-02 6.46388605e-02 -3.04302033e-02
    -9.65237990e-03 9.65237990e-03 4.96707018e-03 3.06179449e-02
    -1.66394990e-02 1.66394990e-02 -1.04226237e-02 1.07469447e-02
    -5.40868305e-02 5.83552830e-02 -2.10315594e-03 2.10315594e-03
    3.09801362e-02 3.09801362e-02 -1.94157474e-04 2.09374446e-02
    -8.96835104e-02 -4.54608239e-02 0. 0. 1.66179880e-03 1.66179880e-03
    0. 0. -1.10959234e-02 2.52057239e-03 -4.96505015e-02 1.09749343e-02
    -6.61039492e-03 7.89311249e-03 -9.21889488e-03 9.38681606e-03
    2.89676785e-01 3.29313870e-03 1.94076840e-02 -7.79702216e-02
    9.07837749e-02 2.80494064e-01 -4.35663899e-03 1.15528088e-02
    1.33262441e-01 1.33262441e-01 -3.49291302e-02 3.28191780e-02
    -6.79052323e-02 6.95681125e-02 0. 0. 9.80420690e-03 9.82873328e-03
    1.93429668e-03 2.02723499e-02 7.75132626e-02 -9.36128870e-02
    3.67898610e-05 3.67898610e-05 -1.52901467e-02 1.85727961e-02
    7.34116416e-04 1.37451303e-03 2.60882061e-02 -8.57279003e-02
    -5.60069159e-02 3.26519087e-02 5.72607070e-02 5.72607070e-02
    3.57055604e-01 3.57055604e-01 -2.04160124e-01 -3.01177427e-02
    3.76992226e-02 -6.66764975e-02 2.01490760e-01 2.01490760e-01
    1.46748558e-01 1.46748558e-01 -5.56168519e-02 1.38451368e-01
    -3.63849513e-02 2.91841738e-02 -5.95589951e-02 7.18305912e-03
    2.50597112e-03 2.71915225e-03 3.66485590e-04 2.21356028e-03
    -1.33485184e-04 -2.18451116e-02 4.37102877e-02 -6.49162456e-02
    2.81305664e-04 3.27748217e-04 -7.29592866e-04 7.29592866e-04
    2.11622156e-02 2.16165353e-02 -3.37730944e-02 2.95161065e-02
    -6.29213452e-02 1.13131041e-02 3.00223357e-03 2.90751066e-02
    9.47653800e-02 9.47899073e-02 5.51612601e-02 4.40267399e-02
    5.93416542e-02 2.31393296e-02 2.07054857e-02 2.07054857e-02
    3.46838916e-03 3.46838916e-03 2.88243144e-04 3.25337372e-04
    3.21021564e-02 6.09794185e-02 -6.61397502e-02 3.97599913e-04
    1.58807070e-05 1.58807070e-05 2.21965677e-42 0. 7.39885589e-43
    -2.82271728e-02 -8.80132765e-02 -5.47369346e-02 3.81660787e-03
    3.98120238e-03 -2.57569272e-03 4.23890306e-03 4.14160313e-04
    7.56244001e-04 1.13065587e-04 6.09039553e-02 -5.06817885e-02
    3.78312953e-02 -9.34215914e-03 2.46660933e-02 3.32305278e-03
    2.15643924e-02 2.89596450e-02 2.25137487e-01 3.28222662e-01
    1.45475864e+00 1.57949384e-02 2.29564514e-02 -1.19737204e-04
    8.52335617e-03 -6.93830603e-04 3.38406069e-03 4.00831513e-02
    -1.71041638e-02 -4.36504036e-02 7.32423039e-04 6.17566751e-04
    7.92191713e-04 -3.08207367e-02 5.35720065e-02 4.33259690e-03
    2.73527224e-02 3.07281055e-02 -2.85488516e-02 2.42902469e-02
    2.71699913e-02 -1.72296584e-01 1.72296584e-01 3.26678157e-01
    3.90667856e-01 -3.47728562e-03 1.52191613e-02 -6.11900650e-02
    7.66381770e-02 5.73012978e-02 2.09035113e-01 3.28847989e-02
    5.79211898e-02 5.61183058e-02 -4.60756682e-02 -5.60994223e-02
    -4.01231758e-02 -1.24673694e-02 1.68536492e-02 -9.97691322e-03
    1.74399503e-02 -6.76988449e-04 3.01217125e-03 -2.67092530e-02
    4.41375040e-02 -7.41624683e-02 6.19392358e-02 2.53317691e-03
    5.28127998e-02 4.13364591e-03 8.98531638e-03 2.97545386e-03
    1.01389037e-02 -8.50908235e-02 -4.68011461e-02 -7.40583837e-02
    3.28233957e-01 2.87753809e-02 5.40118031e-02 -1.99545212e-02
    6.01517558e-02 -3.29428613e-02 8.78821127e-03 -4.69575338e-02
    1.47987038e-01 9.22587235e-03 1.44879803e-01 -6.89264312e-02
    1.00329518e-01 4.98523936e-04 -4.57069241e-02 -6.06715120e-02
    -4.01191898e-02 -3.19694681e-03 3.43538448e-03 -6.55692210e-03
    7.54050119e-03 3.77885927e-03 3.85600561e-03 3.09917592e-02
    -5.14389947e-02 -5.69775887e-02 1.65458024e-03 -7.69438967e-03
