<?xml version="1.0"?>
<opencv_storage>
<keypoint3d002 type_id="opencv-matrix">
  <rows>397</rows>
  <cols>3</cols>
  <dt>"3f"</dt>
  <data>
    3.40687074e-02 2.65176687e-03 -2.95766946e-02 1.72968823e-02
    -1.90349855e-03 3.61205637e-02 1.03143556e-02 1.28923235e-02
    -1.20408449e-03 5.14042377e-02 2.27510519e-02 -3.79694216e-02
    1.75637938e-02 5.10073863e-02 4.75857127e-03 2.54257750e-02
    3.27577419e-03 4.30265954e-03 -2.89699286e-02 -1.22461744e-01
    -4.95133474e-02 4.61323606e-03 -6.94203516e-03 1.33236730e-02
    -7.14628026e-02 7.90923983e-02 2.62341276e-02 5.73697798e-02
    5.97294420e-02 7.37219304e-02 1.92407873e-02 1.92407873e-02
    1.62228897e-01 2.33177632e-01 1.56786337e-01 2.06597269e-01
    3.27512510e-02 -2.54056603e-03 -3.75691503e-02 5.98510019e-02
    -1.61882952e-01 2.89430290e-01 1.35044292e-01 1.60188317e-01
    -4.20760885e-02 -2.10490022e-02 7.21787103e-04 -4.51227278e-02
    5.66491950e-03 4.54727039e-02 2.52108816e-02 3.51039916e-02
    -4.38982155e-03 4.83116247e-02 -2.27616020e-02 2.03969106e-02
    -6.29537851e-02 1.14759132e-01 2.28764117e-02 2.45750286e-02
    -8.65730084e-03 8.65730084e-03 3.78647484e-02 4.72532630e-01
    6.49876654e-01 2.57894278e+00 2.20363706e-01 3.30744952e-01
    -6.09030575e-02 2.61647642e-01 -2.91081257e-02 1.37659445e-01
    -1.22120604e-02 -3.14750592e-03 -4.60730456e-02 3.05033326e-01
    -8.32821876e-02 2.27747917e-01 9.89663303e-02 2.02522382e-01
    -1.06503237e-02 -1.75524373e-02 -2.63247173e-04 -4.40280102e-02
    -9.85397119e-03 1.54441949e-02 -2.23235041e-03 2.84457877e-02
    -2.42185616e-03 2.71256594e-03 -7.32789468e-03 -3.89586203e-05
    -4.96363454e-02 2.77154357e-03 1.70853094e-03 2.11802963e-03
    -3.11273504e-02 3.51726972e-02 1.77854151e-02 -2.17475723e-02
    1.78814773e-02 -6.04839660e-02 1.44557925e-02 1.94438379e-02
    -1.05313398e-02 2.99174581e-02 3.37147266e-02 5.73403351e-02
    -3.38830389e-02 -8.95620584e-02 -4.94900942e-02 2.15296429e-02
    5.94778452e-04 3.42865312e-03 5.23725571e-03 7.12317927e-03
    7.36231450e-04 -3.73965763e-02 -6.99393600e-02 -4.29992676e-02
    7.39885589e-43 0. 7.39885589e-43 0. -3.35857796e-04 3.41892708e-04
    2.85703707e-02 2.60217562e-02 -1.59122609e-02 2.62168795e-03
    -3.30786849e-03 4.65768808e-03 -6.00514188e-03 1.84111577e-02
    -6.76718354e-03 3.79408821e-02 1.61304846e-02 -1.31470785e-02
    -3.65213007e-02 6.05513193e-02 2.79205460e-02 2.79205460e-02
    4.30197790e-02 4.30197790e-02 -3.13018309e-03 -1.03488751e-02
    -5.17105497e-02 0. 1.22253812e-04 1.25879596e-04 7.47239043e-04
    7.50405539e-04 7.58710303e-05 5.01669794e-02 3.46517786e-02
    -5.29870624e-04 3.53453543e-05 3.40730912e-04 -5.95749996e-04
    2.56214174e-03 -4.54703753e-04 1.58293266e-03 8.93686432e-03
    3.40896845e-02 -3.97433750e-02 8.61533452e-03 3.98721732e-03
    1.48324184e-02 -3.40421610e-02 5.93587346e-02 -7.16879219e-02
    -2.61356924e-02 -1.38737336e-01 -9.83253345e-02 2.60206103e-01
    2.60206103e-01 -5.93752712e-02 1.78607106e-01 1.49100029e-03
    1.49100029e-03 -3.60201411e-02 -9.30561200e-02 -4.74743545e-02
    1.38711091e-03 1.03269948e-03 1.45074027e-03 -1.83875068e-06
    1.01243104e-05 1.33526875e-02 -2.40513869e-02 -1.31761461e-01
    -8.58865306e-02 6.31372556e-02 6.39490560e-02 -8.85804556e-03
    1.97258163e-02 3.74087095e-02 1.56651229e-01 4.33051102e-02
    1.05003472e-02 -4.83492129e-02 4.41528052e-01 6.51237145e-02
    2.18899727e-01 3.01185727e-01 3.36832702e-01 1.17611438e-01
    -2.90769525e-02 -1.28546372e-01 -8.68758783e-02 -4.09318432e-02
    1.37502804e-01 -2.51479936e-03 6.78021042e-03 2.04028329e-03
    1.59986783e-02 -2.16564629e-02 -1.07024446e-01 -6.19443730e-02
    1.21520450e-02 -1.02246145e-03 1.28056237e-03 -1.49575411e-03
    1.49575411e-03 9.08369548e-05 4.48993780e-02 2.94147171e-02
    -3.51076364e-03 -2.31420379e-02 5.04718386e-02 -1.39161833e-02
    2.37479489e-02 5.08448342e-03 8.06107372e-03 4.47173007e-02
    2.73354165e-02 -7.62839839e-02 1.38495453e-02 2.04771925e-02
    2.06152536e-02 -2.53064645e-04 2.96858996e-02 7.45140575e-03
    5.93238650e-03 -7.82994181e-03 -7.42054954e-02 8.12234450e-03
    9.27506946e-03 -1.65908493e-03 2.59364862e-03 -6.21453451e-04
    8.23112670e-04 3.72219365e-04 1.36158001e-02 -5.08718006e-02 0.
    -8.14960731e-05 1.36735965e-04 1.06618390e-03 2.22709286e-03
    -5.04648359e-03 6.43436797e-04 -1.14511680e-02 -5.34473844e-02
    -1.74034052e-04 2.57672858e-03 -7.28292158e-03 1.37005625e-02
    -2.50307913e-03 1.05610285e-02 2.47618631e-02 2.62957327e-02
    -1.26855239e-01 6.05274178e-02 2.53253989e-02 4.70478646e-02
    -2.41738482e-04 3.94285982e-03 -2.56088329e-04 -4.54430915e-02
    -7.48520792e-02 -4.14743535e-02 -2.02887924e-04 2.07371209e-04
    -1.04911180e-06 3.94023982e-06 -7.79157053e-05 1.17029173e-04
    -4.88017220e-03 2.97280028e-02 -4.23303433e-02 6.82772417e-03
    -3.85596836e-03 3.15247923e-02 1.19706290e-02 1.92606840e-02
    -7.45273456e-02 -1.05976150e-03 1.20103545e-02 -5.10933772e-02
    -3.98294702e-02 6.44908473e-02 -3.85646634e-02 1.91783115e-01
    3.67254525e-01 5.31044960e-01 -3.24932905e-03 -5.05050458e-03
    -5.38612939e-02 1.50305489e-02 9.10597213e-04 1.64552703e-02
    -1.48794474e-03 1.52397796e-03 -8.28987104e-04 -2.71522645e-02
    2.46279128e-02 -6.86059371e-02 -6.93802940e-05 8.95562524e-04
    3.36780824e-04 1.27193127e-02 1.93576468e-03 1.34130185e-02
    3.99389304e-02 -1.13446396e-02 -4.70328815e-02 1.14077274e-02
    -7.97702000e-02 2.54562855e-01 -4.15845588e-02 6.31796345e-02
    2.62935385e-02 -2.00340226e-02 -1.01793759e-01 -4.63025048e-02
    2.29364008e-01 3.79571110e-01 1.91784650e-01 3.27865899e-01
    9.83666279e-04 1.04907770e-02 -1.83208548e-02 -1.29152045e-01
    -6.18630573e-02 1.94057880e-03 -3.67936038e-04 7.05944491e-04
    1.11001376e-04 1.20168016e-03 2.78577863e-05 -3.16436915e-03
    -1.40494287e-01 -6.63701966e-02 1.66546452e-05 6.68276160e-04
    -6.28706242e-04 1.66456727e-03 9.80677898e-04 3.07241455e-03
    -9.90321394e-04 -5.89042529e-03 -5.93177341e-02 1.05650667e-02
    1.15372974e-03 1.47654051e-02 6.23737043e-03 3.55313718e-02
    3.53313945e-02 -1.76113658e-03 3.51586528e-02 -8.41501653e-02
    1.79842944e-04 1.71790586e-03 2.48593075e-04 3.61420331e-03
    -2.47128686e-04 3.12864518e-04 -1.78192388e-02 -1.01592615e-01
    -4.38961871e-02 3.29238537e-05 -1.47398907e-06 6.73982286e-05
    2.21965677e-42 0. 7.39885589e-43 -3.62684065e-03 -1.28912479e-01
    -8.22956562e-02 1.14158518e-03 4.53080842e-03 7.06767896e-04
    7.12627685e-03 4.63196263e-03 5.60881803e-03 1.19848028e-02
    2.34780982e-02 -3.18814293e-02 1.71503890e-02 3.14699188e-02
    5.25596142e-02 -4.39983793e-04 3.01996544e-02 4.12510009e-04
    3.70561928e-02 -1.65880173e-02 -4.41565067e-02 2.97166985e-02
    4.22661640e-02 1.43039902e-03 1.58315673e-02 5.85979316e-04
    8.99532926e-04 1.67766325e-02 -8.73474851e-02 -4.09550332e-02
    2.94639263e-03 -5.22345910e-03 8.30044691e-03 -4.78875078e-03
    2.60242559e-02 1.93789299e-03 5.01033887e-02 5.93567453e-02
    3.18837427e-02 -1.82335731e-02 4.38790023e-02 5.18124513e-02
    6.42928332e-02 1.84605971e-01 2.53187567e-01 2.68370286e-02
    5.68769388e-02 -6.68569282e-02 1.80962667e-01 3.81055772e-02
    4.47313897e-02 -2.26369426e-02 2.80604232e-02 2.65407205e-01
    -1.48172528e-02 -9.67375338e-02 -4.73962910e-02 -1.85085271e-04
    3.93872755e-03 -3.64689482e-03 3.64689482e-03 1.23386085e-02
    1.23386085e-02 7.34048896e-03 -1.03555977e-01 -4.85219583e-02
    7.34214783e-02 3.18843462e-02 3.32316607e-02 3.65147814e-02
    4.31646258e-02 4.27368321e-02 1.22438902e-02 2.42137983e-02
    -3.18126678e-02 1.40790001e-01 1.40790001e-01 4.33219634e-02
    8.27314481e-02 2.54316151e-01 2.54316151e-01 -2.78363973e-02
    -1.33278444e-01 -9.96846259e-02 1.03248283e-01 -4.89771925e-02
    4.97108027e-02 -1.17312530e-02 2.40787826e-02 -9.72618908e-03
    -2.72326507e-02 -5.53785264e-03 -2.58999616e-01 1.10245004e-04
