<?xml version="1.0"?>
<opencv_storage>
<keypoint3d003 type_id="opencv-matrix">
  <rows>343</rows>
  <cols>3</cols>
  <dt>"3f"</dt>
  <data>
    5.28507829e-02 1.83939375e-02 -2.73919962e-02 4.14220791e-04 0. 0.
    2.88397633e-02 2.92406436e-02 -4.44311425e-02 3.86118554e-02
    7.21908268e-03 8.77424143e-03 -7.71401741e-04 8.28108459e-04
    6.28646985e-02 6.28646985e-02 0. 0. 3.55363190e-02 5.20386733e-04
    -1.53376097e-02 1.16977107e-03 -8.70962394e-05 8.70962394e-05 0. 0.
    -3.63716893e-02 -3.13976556e-02 -1.29947767e-01 -5.25747165e-02
    -5.10337129e-02 5.10337129e-02 -1.96371041e-02 2.42609177e-02
    7.35160932e-02 1.35118604e-01 2.74406672e-02 1.04762428e-03
    -9.54039767e-02 9.31674019e-02 -7.21045658e-02 7.50396401e-02
    2.61754394e-01 2.61754394e-01 -2.32819021e-01 4.02622260e-02
    6.98986556e-03 2.14196704e-02 -3.38992476e-02 3.38992476e-02
    -8.03273506e-05 1.28123478e-03 -3.77824035e-04 3.77824035e-04
    -2.32818611e-02 -1.61913969e-02 -6.59716353e-02 2.95090303e-03
    -6.44585909e-03 1.28420945e-02 -2.40985490e-03 5.85965998e-03
    -4.00972832e-03 -1.44529305e-02 -1.88647360e-02 -6.24657571e-02
    -1.21769607e-02 3.25185731e-02 1.72079764e-02 2.31273752e-02
    -7.85371382e-03 1.58217270e-02 -1.97668914e-02 -1.73945166e-02
    -6.59067705e-02 1.48382187e-01 3.79611142e-02 1.96879968e-01
    -2.69206590e-03 1.21659050e-02 -1.21552777e-02 -1.03773419e-02
    -1.70011949e-02 -6.68810308e-02 -6.25533145e-03 6.53167162e-03
    1.99484583e-02 1.99484583e-02 7.09528103e-04 7.54228735e-04
    -2.81693265e-02 -1.53843552e-01 -5.37086092e-02 3.15111247e-04
    -1.45630707e-04 1.95440080e-04 5.69738122e-03 6.12467667e-03
    -3.49635084e-04 -3.97843197e-02 -7.56376684e-02 -3.88226621e-02
    -8.00487585e-04 1.41426455e-03 -1.49970700e-03 6.91593625e-03
    1.94474980e-02 2.56787650e-02 -2.57298574e-02 -1.14181504e-01
    -4.68020551e-02 6.77095866e-03 1.77749243e-04 4.30869841e-04
    4.91705630e-03 4.96394932e-03 -8.16373061e-03 -3.47371586e-02
    -9.70856771e-02 -4.09323163e-02 7.39885589e-43 0. 7.39885589e-43 0.
    0. 0. -1.74939688e-02 -1.68381650e-02 -1.01123936e-01 1.76095904e-03
    0. 0. 3.22717577e-02 3.39810587e-02 -2.10226122e-02 1.97246689e-02
    3.10502946e-05 -7.05552101e-02 -9.59771592e-03 9.59771592e-03
    3.84757295e-02 3.84757295e-02 -8.26741569e-03 1.15955742e-02
    -3.56157199e-02 -9.82916355e-02 -4.20307368e-02 2.50399183e-03
    8.13634106e-05 8.13634106e-05 -1.81852624e-06 3.82558974e-05
    7.90727572e-05 -1.01832692e-02 -3.24774273e-02 -1.44234762e-01
    -1.79170817e-03 1.91196017e-02 -8.31599161e-03 1.77732017e-02
    1.42515625e-03 1.54235326e-02 4.64277267e-02 3.64726689e-03
    -3.59978378e-02 4.66672242e-01 -5.33190556e-02 9.75558534e-02
    4.96608876e-02 1.08185865e-01 -2.85669602e-02 -2.56260559e-02
    -1.44496039e-01 -4.29643393e-02 -8.67050961e-02 1.32204399e-01
    1.25195216e-02 2.22324934e-02 -3.21602672e-02 3.26190628e-02
    1.63896643e-02 -3.26391170e-03 -1.66312549e-02 1.35284215e-02
    -9.45266045e-04 9.45266045e-04 -1.10143255e-02 1.10777514e-02
    1.26131009e-02 -4.21418995e-03 -1.56470016e-02 -3.33411358e-02
    3.19737429e-03 8.95402208e-03 -7.97067117e-03 8.28474108e-03
    -4.27040569e-02 6.41528890e-02 -4.61588465e-02 -7.86217600e-02
    -3.13198455e-02 1.87817782e-01 1.70534402e-02 5.64673468e-02
    8.84859264e-03 1.38758086e-02 6.62078187e-02 -9.46292840e-03
    -3.32171023e-02 -1.44603580e-01 -1.85364485e-01 1.91397548e-01
    2.23973184e-03 2.23973184e-03 -5.22956401e-02 5.22956401e-02
    2.88348086e-02 -2.09729886e-03 2.39571463e-03 5.46855293e-02
    -1.64311531e-03 2.42692814e-03 -3.72521281e-05 3.17773112e-04
    -5.60393382e-04 9.14031081e-03 -8.04301165e-03 -2.49640737e-02
    -3.36514693e-03 3.36514693e-03 -6.14679651e-04 1.85201457e-03
    -1.81002007e-03 1.95625378e-03 -1.36741158e-02 -3.03896703e-02
    -1.40369773e-01 1.43159658e-03 -1.41033437e-04 5.49097545e-04
    1.20383731e-04 1.57751760e-03 7.32183224e-04 -2.57365387e-02
    -1.32675245e-01 -5.01658395e-02 -6.36698023e-05 1.87800819e-04
    -1.54059671e-04 1.59759700e-04 -1.42487144e-04 1.42487144e-04
    9.97544453e-03 -7.20389374e-03 -2.43721623e-02 0. 4.14473965e-04
    5.63309761e-04 -7.25600476e-05 2.52530590e-04 1.25831389e-03
    -4.74774502e-02 -7.96341971e-02 -3.29195000e-02 -7.80613685e-04
    9.11577314e-04 1.88544602e-03 5.00759622e-03 -9.21193231e-03
    9.24442895e-03 4.25257310e-02 1.75557844e-02 -3.81241404e-02
    1.47788599e-03 3.17663606e-03 3.30707151e-03 -2.64599966e-03
    3.61795630e-03 1.47023401e-03 -2.25843769e-02 -1.36922300e-01
    -5.25414832e-02 9.82803060e-04 9.82803060e-04 -1.17321475e-03
    1.17321475e-03 2.61528953e-03 2.61528953e-03 3.37899178e-02
    5.18783182e-03 -6.00048341e-02 2.84978598e-02 -4.80813114e-03
    2.46329289e-02 2.87429546e-03 3.50170918e-02 -4.16796766e-02
    2.39194389e-02 -2.61365101e-02 -1.21809132e-02 -6.21931218e-02
    1.28436655e-01 1.20798297e-01 2.80993193e-01 -1.49303138e-01
    1.49303138e-01 -2.17300970e-02 -1.03667632e-01 -3.74249704e-02
    3.79178859e-02 1.89624682e-01 2.71401733e-01 -2.73626065e-03
    2.95166788e-03 7.35288626e-03 2.96709929e-02 4.30559600e-03
    -8.40649195e-03 2.28096987e-03 2.28096987e-03 2.83079292e-03
    6.63103210e-03 1.10502038e-02 2.15290710e-02 3.34313624e-02
    -3.54439802e-02 -1.08580120e-01 2.63044517e-02 2.82917973e-02
    9.73670855e-02 1.14545092e-01 4.42140222e-01 -1.33390903e-01
    -3.03663760e-02 -1.19191393e-01 -3.54143493e-02 9.16316435e-02
    1.47528350e-01 -1.84913829e-01 3.04655194e-01 6.84794262e-02
    1.62161484e-01 2.04236656e-02 -1.07452460e-03 -9.37219709e-02
    1.84351057e-02 1.14144525e-02 1.19669130e-02 -8.21114611e-03
    1.16812279e-02 1.77261923e-02 -3.03753763e-02 -1.48385704e-01
    -3.89313214e-02 -2.66115152e-04 3.34652403e-04 1.21619552e-02
    1.24102477e-02 -1.79225652e-04 1.79225652e-04 -4.35026884e-02
    -1.60514593e-01 -5.62412515e-02 1.85127724e-02 -2.16085333e-02
    2.66528316e-02 2.38224007e-02 2.56412644e-02 -4.71021514e-04
    3.90874222e-02 -1.66818555e-02 8.70238058e-03 -1.62081569e-02
    3.41074765e-02 4.16711345e-03 1.79473218e-02 3.06401867e-03
    6.19830238e-03 -4.33196872e-02 -1.16007581e-01 -4.31672446e-02
    6.29639579e-03 -2.34635011e-03 5.55500481e-03 2.21965677e-42 0.
    7.39885589e-43 -2.57054381e-02 -7.42763206e-02 -2.64955193e-01
    -9.97479190e-04 9.98908770e-04 1.26518891e-03 1.28758443e-03
    -2.95727095e-03 6.41520694e-03 4.24152836e-02 -1.12424251e-02
    1.79436132e-02 1.77570190e-02 2.44844193e-03 1.33144706e-02
    -1.90640036e-02 2.26443224e-02 -2.16484477e-04 -9.41793248e-03
    -3.78414914e-02 -1.58651263e-01 -1.20627377e-02 1.22399107e-02
    2.66967429e-04 2.66967429e-04 -6.88790577e-03 7.06167892e-03
    -3.10579911e-02 -1.20796263e-01 -3.52760330e-02 1.62172000e-04
    1.88912672e-03 1.89841725e-03 3.22151091e-03 2.38304175e-02
    3.30665428e-03 -6.89567812e-03 -2.39415076e-02 -1.07157521e-01
    3.00774327e-03 1.59960240e-02 -8.17364231e-02 1.19163297e-01
    -2.18957551e-02 3.62222642e-02 5.57883903e-02 1.04669286e-02
    7.07865208e-02 1.39362037e-01 6.13113008e-02 1.32552400e-01
    3.80929410e-01 3.80929410e-01 -1.10255606e-01 5.88693190e-04
    -1.55961271e-02 -2.91401222e-02 -2.07986124e-02 2.09013019e-02
    -1.38573756e-03 1.44500728e-03 -6.78914075e-05 3.58851044e-04
    -2.44589895e-02 -1.08050413e-01 -4.90479283e-02 1.05493711e-02
    -6.39603194e-03 1.02887824e-02 1.00902570e-02 1.84339359e-02
    1.04766740e-02 -5.48216775e-02 -1.75166368e-01 -8.42113346e-02
    -2.48998348e-02 6.38951883e-02 2.02600420e-01 3.53302896e-01
    5.79416007e-02 2.86263108e-01 -2.28048041e-02 -6.34051114e-02
    -2.36368746e-01 3.28396969e-02 1.79149806e-01 3.63667846e-01
    7.86427688e-03 7.86427688e-03 -9.70248692e-03 -7.16871470e-02
    -1.66433468e-01 -1.12048306e-01 0. 0. 7.63345626e-04 2.78533692e-03
    1.04823906e-03 2.01109285e-03 1.72015168e-02 -5.47943823e-03
