<?xml version="1.0"?>
<opencv_storage>
<keypoint2d003 type_id="opencv-matrix">
  <rows>343</rows>
  <cols>1</cols>
  <dt>"2f"</dt>
  <data>
    5.63636169e+02 3.46101593e+02 5.44693787e+02 3.07366913e+02
    5.45481506e+02 3.09618469e+02 5.06522339e+02 1.08061378e+02
    5.40122498e+02 3.54461945e+02 5.45913757e+02 3.01957977e+02
    4.66423950e+02 2.87107544e+02 4.81360382e+02 2.85632721e+02
    4.72338074e+02 2.86987183e+02 4.86617889e+02 2.92326843e+02
    5.23998230e+02 6.94464569e+01 4.69181793e+02 1.85748550e+02
    5.07994354e+02 1.34800858e+02 4.86024902e+02 1.56626068e+02
    4.73045349e+02 3.08148621e+02 5.26027039e+02 3.32498566e+02
    4.85165588e+02 1.54680267e+02 4.91878937e+02 3.14983002e+02
    5.62303406e+02 3.29403229e+02 5.22912964e+02 8.59963608e+01
    5.20096375e+02 2.97495026e+02 4.96177734e+02 2.80714691e+02
    4.61671143e+02 1.77268082e+02 4.93693481e+02 3.14387390e+02
    5.35861206e+02 2.95222382e+02 5.12101868e+02 2.92332458e+02
    4.84155304e+02 3.13810852e+02 5.17123230e+02 1.05567207e+02
    5.12921143e+02 2.93478668e+02 4.60002533e+02 1.75687714e+02
    5.50063171e+02 3.46769196e+02 5.24602478e+02 9.99163284e+01
    5.44930603e+02 3.39842804e+02 5.40572998e+02 2.69518860e+02
    5.09203949e+02 1.51042374e+02 5.34998474e+02 3.08435944e+02
    5.73547546e+02 3.10576477e+02 5.02972992e+02 1.23886971e+02
    5.29153748e+02 3.46444366e+02 5.16948547e+02 7.79308090e+01
    5.01563171e+02 5.23906555e+01 5.55690796e+02 2.78748535e+02
    4.81119537e+02 1.24886650e+02 4.74589752e+02 3.21959747e+02
    5.56848694e+02 2.82784027e+02 4.96145966e+02 3.16461273e+02
    5.02640106e+02 1.21150902e+02 4.94373779e+02 3.06373199e+02
    5.59444763e+02 2.90978790e+02 5.03121246e+02 2.80905914e+02
    5.07110199e+02 1.45225128e+02 4.88695435e+02 1.85211792e+01
    4.77528839e+02 3.21340302e+02 4.49901733e+02 2.46961021e+01
    5.26873352e+02 3.48348694e+02 5.43640198e+02 3.14816559e+02
    5.02250061e+02 2.99036896e+02 5.53740479e+02 1.41649948e+02
    5.24750183e+02 3.03733398e+02 5.61411499e+02 3.16995239e+02
    5.28641479e+02 3.15724579e+02 5.15701111e+02 6.81526718e+01
    5.48182434e+02 3.48074860e+02 4.67249603e+02 3.04676147e+02
    5.14201904e+02 8.99163895e+01 5.02687805e+02 2.79287689e+02
    4.86987091e+02 2.84529572e+01 5.06311768e+02 3.30015533e+02
    5.50756165e+02 1.50255661e+02 4.90831940e+02 3.06691925e+02
    5.39275635e+02 3.14478851e+02 5.27153381e+02 1.36144623e+02
    5.14982422e+02 7.22269135e+01 5.20662292e+02 1.08993904e+02
    5.56788452e+02 3.16164337e+02 5.76801636e+02 2.68041962e+02
    5.12621216e+02 2.88909332e+02 5.26232544e+02 2.92924164e+02
    5.00795990e+02 4.61986542e+01 4.98341370e+02 1.14670685e+02
    4.80274139e+02 3.13252167e+02 5.12446777e+02 1.43408371e+02
    4.74941284e+02 1.58960220e+02 5.14748962e+02 1.10246277e+02
    5.36310730e+02 6.29460945e+01 4.98320099e+02 3.12733307e+02
    4.99569946e+02 2.89317596e+02 5.69218445e+02 2.77985352e+02
    5.43957947e+02 3.34566467e+02 5.10918243e+02 3.01414398e+02
    5.34421204e+02 6.08462601e+01 5.31517822e+02 1.04464417e+02
    4.97657867e+02 3.01326580e+01 4.81932007e+02 2.27348995e+01
    5.35657898e+02 6.20555611e+01 5.54452454e+02 3.54343536e+02
    4.73575714e+02 2.74781616e+02 5.12862122e+02 8.93161163e+01
    5.46861877e+02 1.32818375e+02 4.58066956e+02 1.81848740e+02
    4.99948700e+02 2.90485870e+02 5.48858948e+02 1.52252762e+02
    4.61834595e+02 2.75720551e+02 5.44806763e+02 1.29578293e+02
    5.15948364e+02 3.06624054e+02 5.06366333e+02 1.17278183e+02
    4.83139038e+02 2.75671570e+02 5.29640442e+02 9.17822342e+01
    5.05181366e+02 3.26748901e+02 5.37254211e+02 3.15263275e+02
    4.82170990e+02 2.99211456e+02 5.56983643e+02 3.52270630e+02
    5.03731628e+02 8.66735611e+01 5.35124512e+02 2.90866974e+02
    5.37535095e+02 3.43605896e+02 5.12194092e+02 8.71266327e+01
    5.14063416e+02 5.43511887e+01 4.75345978e+02 2.70014496e+02
    4.67240387e+02 2.88856323e+02 5.24447632e+02 1.35900543e+02
    4.78816223e+02 3.24033691e+02 4.68552979e+02 3.10902313e+02
    5.45239746e+02 3.30951691e+02 5.36314941e+02 1.13731583e+02
    5.65306274e+02 3.02389709e+02 5.47439819e+02 3.28642822e+02
    4.96204315e+02 2.89537476e+02 4.75136597e+02 1.68265549e+02
    5.42116394e+02 1.37832794e+02 4.48860809e+02 1.82196457e+02
    5.31664490e+02 1.29957504e+02 5.34178101e+02 1.13271515e+02
    5.70025574e+02 2.60254486e+02 4.87530121e+02 3.00208771e+02
    4.82730316e+02 3.05258331e+02 4.95788269e+02 5.22970428e+01
    5.28317505e+02 3.41843384e+02 4.96440704e+02 3.02301605e+02
    5.14557129e+02 3.19650940e+02 4.97200867e+02 1.48551453e+02
    5.38161743e+02 2.86380463e+02 5.07963043e+02 3.13860077e+02
    5.18199219e+02 3.43792664e+02 4.91364716e+02 2.74450165e+02
    5.20321411e+02 1.28304184e+02 5.68404602e+02 2.90642365e+02
    4.40929626e+02 2.16240265e+02 4.82498474e+02 3.00647034e+02
    5.70051453e+02 3.47760345e+02 5.17767883e+02 1.00772911e+02
    5.71744873e+02 3.35254028e+02 5.00796753e+02 3.02828644e+02
    5.03206146e+02 2.96320221e+02 4.63356903e+02 2.97121796e+02
    5.30373901e+02 3.42767334e+02 4.95934418e+02 1.07545616e+02
    4.87874481e+02 2.83124084e+02 5.21256531e+02 3.12331451e+02
    5.76773865e+02 2.30348785e+02 5.73049072e+02 2.44520370e+02
    5.23070312e+02 3.11390320e+02 4.79160980e+02 2.71882172e+02
    4.92420380e+02 2.72341675e+02 5.15135925e+02 3.38562500e+02
    5.05794800e+02 6.93059845e+01 5.24470764e+02 4.05660095e+01
    5.81560669e+02 2.69057495e+02 4.63299377e+02 2.94035126e+02
    5.72858887e+02 3.48754730e+02 5.01556976e+02 2.85425751e+02
    5.14641907e+02 9.91944656e+01 4.43990814e+02 2.02381104e+02
    4.93183655e+02 2.87031342e+02 4.75856445e+02 2.99037781e+02
    4.83132843e+02 2.70853149e+02 5.22516113e+02 6.16324921e+01
    5.08750763e+02 6.09496460e+01 5.82839539e+02 2.43073242e+02
    5.29442871e+02 3.02698669e+02 4.94207489e+02 2.90699097e+02
    5.42512390e+02 1.12118774e+02 5.77497559e+02 2.86158142e+02
    4.94530029e+02 2.70477600e+02 4.51768097e+02 1.73721527e+02
    4.45157440e+02 2.35433182e+02 5.20300842e+02 2.64198227e+01
    4.50198151e+02 2.15405457e+02 5.11450348e+02 4.75627975e+01
    5.20543335e+02 2.85571594e+02 5.70473267e+02 2.43792542e+02
    4.80690796e+02 2.69981384e+02 5.26517273e+02 9.40814438e+01
    4.47197052e+02 1.88933640e+02 4.98949097e+02 1.01367325e+02
    5.19201172e+02 1.34202621e+02 5.35919373e+02 9.60599060e+01
    5.19375793e+02 3.38221397e+01 4.94426727e+02 1.21372421e+02
    4.67093170e+02 2.95886627e+02 4.66996185e+02 1.61805206e+02
    5.51574463e+02 1.16318703e+02 5.24413330e+02 3.10365784e+02
    5.16662231e+02 3.13091553e+02 5.17931458e+02 9.07318115e+01
    5.31956665e+02 1.48493698e+02 5.18081909e+02 2.81370453e+02
    5.61924133e+02 1.59014938e+02 5.38680359e+02 7.76603470e+01
    5.74966125e+02 2.36235764e+02 5.82367615e+02 2.98455902e+02
    4.95043152e+02 4.08795967e+01 5.14073975e+02 2.83965942e+02
    5.27091553e+02 3.08515900e+02 4.93936829e+02 1.05610458e+02
    5.39552429e+02 1.80245590e+02 4.86934418e+02 1.47059097e+02
    4.42292694e+02 2.48962769e+02 4.57080109e+02 1.88366959e+02
    5.32519226e+02 1.44696503e+02 4.87951508e+02 1.43623871e+02
    5.72426941e+02 2.35893295e+02 5.10281921e+02 3.31757263e+02
    4.53254700e+02 2.01964828e+02 4.62770630e+02 2.84705372e+01
    5.24529297e+02 9.40058212e+01 5.30876282e+02 1.25968552e+02
    4.75815765e+02 3.02997131e+02 5.84590332e+02 2.85847168e+02
    4.52137238e+02 2.09311874e+02 5.11812561e+02 7.99767990e+01
    5.84952454e+02 2.81329865e+02 4.99863892e+02 3.29409424e+02
    4.39003906e+02 2.22126755e+02 5.32749634e+02 1.26214516e+02
    5.20842346e+02 1.41878693e+02 4.55278564e+02 1.96246841e+02
    5.76338318e+02 2.62878510e+02 5.24854492e+02 1.25035446e+02
    5.78531189e+02 2.98512909e+02 5.11768311e+02 1.23819901e+02
    4.75753540e+02 1.65009781e+02 5.21119263e+02 3.23041718e+02
    5.14732849e+02 3.02919647e+02 5.89660645e+02 2.94643372e+02
