<?xml version="1.0"?>
<opencv_storage>
<pose002 type_id="opencv-matrix">
  <rows>4</rows>
  <cols>4</cols>
  <dt>f</dt>
  <data>
    9.84146237e-01 -1.50120929e-01 9.44450572e-02 6.69347048e-02
    1.59871802e-01 9.81439948e-01 -1.05908811e-01 1.66605320e-02
    -7.67930225e-02 1.19328856e-01 9.89880502e-01 4.62549299e-01 0. 0.
    0. 1.</data></pose002>
</opencv_storage>
