<?xml version="1.0"?>
<opencv_storage>
<pose004 type_id="opencv-matrix">
  <rows>4</rows>
  <cols>4</cols>
  <dt>f</dt>
  <data>
    9.61429536e-01 -2.75048882e-01 -1.14417670e-03 -1.76609475e-02
    2.17592776e-01 7.63123930e-01 -6.08518958e-01 3.46680544e-02
    1.68245599e-01 5.84799111e-01 7.93538511e-01 4.57651973e-01 0. 0. 0.
    1.</data></pose004>
</opencv_storage>
