<?xml version="1.0"?>
<opencv_storage>
<pose001 type_id="opencv-matrix">
  <rows>4</rows>
  <cols>4</cols>
  <dt>f</dt>
  <data>
    9.92491543e-01 -1.15741521e-01 3.95533480e-02 2.84851454e-02
    1.15673192e-01 9.93279219e-01 4.01927670e-03 9.48031060e-03
    -3.97527143e-02 5.86163893e-04 9.99209404e-01 4.05571759e-01 0. 0.
    0. 1.</data></pose001>
</opencv_storage>
