<?xml version="1.0"?>
<opencv_storage>
<pose003 type_id="opencv-matrix">
  <rows>4</rows>
  <cols>4</cols>
  <dt>f</dt>
  <data>
    9.37360525e-01 -2.03381851e-01 2.82826900e-01 1.31935656e-01
    2.76531398e-01 9.28174853e-01 -2.49041736e-01 3.55188325e-02
    -2.11862266e-01 3.11652422e-01 9.26275969e-01 4.49463874e-01 0. 0.
    0. 1.</data></pose003>
</opencv_storage>
