<?xml version="1.0"?>
<opencv_storage>
<crayola_64_ct type_id="opencv-matrix">
  <rows>49</rows>
  <cols>3</cols>
  <dt>f</dt>
  <data>
    12. 6. 6. -7.29999989e-02 1.89999994e-02 -6.25000000e-02
    -7.29999989e-02 1.89999994e-02 -6.25000000e-02 -7.29999989e-02
    1.89999994e-02 -6.25000000e-02 7.29999989e-02 1.89999994e-02
    -6.25000000e-02 7.29999989e-02 1.89999994e-02 -6.25000000e-02
    -7.29999989e-02 1.89999994e-02 6.25000000e-02 -7.29999989e-02
    1.89999994e-02 6.25000000e-02 7.29999989e-02 -1.89999994e-02
    6.25000000e-02 7.29999989e-02 -1.89999994e-02 6.25000000e-02
    7.29999989e-02 -1.89999994e-02 6.25000000e-02 -7.29999989e-02
    -1.89999994e-02 6.25000000e-02 7.29999989e-02 -1.89999994e-02
    -6.25000000e-02 -7.29999989e-02 -1.89999994e-02 -6.25000000e-02
    -7.29999989e-02 1.89999994e-02 6.25000000e-02 7.29999989e-02
    1.89999994e-02 -6.25000000e-02 7.29999989e-02 -1.89999994e-02
    -6.25000000e-02 7.29999989e-02 1.89999994e-02 6.25000000e-02
    -7.29999989e-02 -1.89999994e-02 6.25000000e-02 7.29999989e-02
    1.89999994e-02 6.25000000e-02 7.29999989e-02 -1.89999994e-02
    -6.25000000e-02 7.29999989e-02 1.89999994e-02 6.25000000e-02
    -7.29999989e-02 -1.89999994e-02 6.25000000e-02 -7.29999989e-02
    -1.89999994e-02 -6.25000000e-02 -7.29999989e-02 -1.89999994e-02
    -6.25000000e-02 -7.29999989e-02 -1.89999994e-02 6.25000000e-02
    -7.29999989e-02 -1.89999994e-02 -6.25000000e-02 7.29999989e-02
    1.89999994e-02 -6.25000000e-02 7.29999989e-02 -1.89999994e-02
    6.25000000e-02 7.29999989e-02 -1.89999994e-02 -6.25000000e-02
    -7.29999989e-02 -1.89999994e-02 6.25000000e-02 -7.29999989e-02
    1.89999994e-02 -6.25000000e-02 7.29999989e-02 1.89999994e-02
    -6.25000000e-02 -7.29999989e-02 1.89999994e-02 6.25000000e-02
    -7.29999989e-02 1.89999994e-02 6.25000000e-02 7.29999989e-02
    1.89999994e-02 6.25000000e-02 7.29999989e-02 -1.89999994e-02
    -6.25000000e-02 -7.29999989e-02 -1.89999994e-02 -6.25000000e-02
    7.29999989e-02 -1.89999994e-02 -6.25000000e-02 7.29999989e-02
    1.89999994e-02 6.25000000e-02 -7.29999989e-02 -1.89999994e-02
    6.25000000e-02 7.29999989e-02 -1.89999994e-02 6.25000000e-02
    7.29999989e-02 -1.89999994e-02 6.25000000e-02 -7.29999989e-02
    1.89999994e-02 6.25000000e-02 -7.29999989e-02 1.89999994e-02
    -6.25000000e-02 -7.29999989e-02 1.89999994e-02 -6.25000000e-02
    7.29999989e-02 1.89999994e-02 6.25000000e-02 7.29999989e-02
    1.89999994e-02 -6.25000000e-02 -7.29999989e-02 -1.89999994e-02
    -6.25000000e-02</data></crayola_64_ct>
</opencv_storage>
