<?xml version="1.0"?>
<opencv_storage>
<descriptor003 type_id="opencv-matrix">
  <rows>5</rows>
  <cols>128</cols>
  <dt>f</dt>
  <data>
    -1.70955071e-04 1.70955071e-04 -2.95711332e-04 3.53201525e-04
    -2.11320294e-04 2.11320294e-04 -3.31255840e-04 3.31601477e-04
    1.17021671e-03 1.77837163e-03 1.61143090e-03 2.23147054e-03
    -2.58482574e-03 3.77356121e-03 -5.41615242e-04 5.78982523e-04
    1.05130393e-03 1.05130393e-03 8.64605010e-02 8.64605010e-02
    -1.09917847e-02 1.10779377e-02 0. 0. 2.56407773e-04 2.56407773e-04
    2.54119106e-04 2.58896936e-04 -1.85484867e-04 3.82843136e-04
    -2.38892494e-06 2.38892494e-06 -5.08722209e-04 6.08629023e-04
    2.30702470e-04 9.95539012e-04 -6.48714253e-04 7.09323911e-04
    -4.41616401e-04 9.75294388e-04 7.22124754e-03 1.11915972e-02
    2.76709162e-03 2.76709162e-03 3.09314625e-03 1.11384289e-02
    1.98517414e-03 1.98517414e-03 7.81489536e-03 7.81489536e-03
    5.69153011e-01 5.69153011e-01 -4.88521308e-02 5.36595657e-02 0. 0.
    2.87917675e-03 2.87917675e-03 8.15156323e-04 8.15156323e-04
    -1.03690611e-04 8.40058725e-04 0. 0. 3.49448062e-04 2.35786336e-03
    -3.89495690e-05 3.89495690e-05 8.67100060e-03 8.69582966e-03
    1.70609560e-02 1.71388555e-02 5.60285198e-03 1.07381037e-02
    1.20295689e-03 1.20295689e-03 1.10221021e-01 1.12009235e-01
    5.48756905e-02 5.48756905e-02 7.22572505e-02 7.35994503e-02
    3.73329282e-01 3.73329282e-01 3.41285132e-02 7.62816519e-02
    4.69769025e-03 4.69769025e-03 2.62412266e-03 2.62412266e-03
    1.42047345e-03 1.42047345e-03 -2.00941096e-04 1.10089278e-03 0. 0.
    1.39046999e-04 7.42522127e-04 7.02882899e-05 2.23128693e-04
    7.64554483e-04 1.48373842e-03 4.67287260e-04 8.63851223e-04
    1.22186600e-03 2.20204657e-03 1.17985524e-04 8.21759575e-04
    6.33238582e-03 8.86570383e-03 3.02697951e-03 4.89159813e-03
    1.31414151e-02 1.34367282e-02 3.54009718e-02 3.54440473e-02
    2.70793564e-03 8.74861330e-03 2.33729908e-04 7.50648556e-04
    5.19142719e-04 5.26036660e-04 1.18971293e-05 1.37020061e-05
    1.55771369e-04 2.17064793e-04 5.67585539e-06 7.48073307e-06
    4.91593819e-05 5.49981123e-05 5.43728311e-05 2.05029442e-04
    -2.07157587e-04 2.20500166e-04 -7.50274121e-05 8.08661425e-05 0. 0.
    1.28889885e-02 1.38521297e-02 -2.14138292e-02 2.14138292e-02
    -2.23955093e-03 2.23955093e-03 1.39193988e-04 2.22916438e-04
    7.19746351e-02 7.19746351e-02 -5.06060645e-02 5.06471321e-02
    4.18612217e-05 4.18612217e-05 1.26423780e-04 1.29789201e-04
    4.68381477e-05 9.06856803e-05 -3.73816001e-05 1.71966429e-04
    -1.68756560e-05 2.69718785e-05 7.77481546e-06 3.44599575e-05
    -1.79878634e-03 2.61905813e-03 -2.15246878e-03 2.15246878e-03
    -3.22454749e-03 3.22454749e-03 1.16338802e-03 3.82541260e-03
    5.83966356e-03 2.18048245e-02 -1.47175640e-02 1.63805000e-02
    -1.41429175e-02 1.68049429e-02 3.45972747e-01 3.52040887e-01
    1.74152464e-01 2.07122475e-01 -2.99297310e-02 1.37983128e-01
    3.71756312e-03 3.26912068e-02 1.29448564e-03 1.29448564e-03
    2.04644073e-03 2.04644073e-03 -1.29729253e-03 1.98832108e-03 0. 0.
    -5.90247451e-04 1.06441637e-03 -7.33358320e-04 1.19196461e-03
    -3.69286485e-04 4.22184792e-04 -1.16929114e-04 1.38895051e-03
    5.21313353e-03 1.56166861e-02 2.57776352e-03 5.30205527e-03
    6.55805867e-04 6.20883470e-03 2.94466317e-03 4.00602166e-03
    5.58563232e-01 5.58563232e-01 4.17941902e-03 4.17941902e-03
    4.49902080e-02 4.87342551e-02 0. 0. 1.79208186e-03 1.81523012e-03
    1.26327225e-03 1.37085805e-03 -2.81979825e-04 1.15624280e-03
    -4.22186858e-05 6.53670431e-05 -1.76102461e-04 2.75053928e-04
    7.76452798e-05 1.07601438e-04 3.24053472e-05 3.25146277e-04
    1.10983511e-03 1.13979122e-03 5.61380002e-04 2.35961960e-03
    -7.26260841e-05 7.26260841e-05 1.25359884e-03 1.25359884e-03
    3.53002106e-03 3.67527339e-03 8.60360712e-02 8.60360712e-02
    2.09306105e-04 2.09306105e-04 8.67578760e-03 8.75950884e-03 0. 0.
    3.72614100e-04 3.72614100e-04 6.97840005e-05 6.97840005e-05
    1.11516390e-04 1.58039082e-04 0. 0. 7.63463831e-05 2.61454377e-04
    9.88264874e-05 2.25490221e-04 3.37214951e-05 4.11106535e-04
    2.43152499e-05 1.50978973e-04 -1.82652799e-03 2.24957126e-03
    5.87898176e-05 8.02329334e-04 2.21823971e-03 3.07935872e-03
    1.83277740e-03 2.57631694e-03 5.08883335e-02 5.08883335e-02
    4.44733612e-02 4.44733612e-02 5.50613622e-04 5.53332455e-03 0. 0.
    -9.95209193e-05 2.93385470e-04 4.96477114e-05 4.96477114e-05
    9.13900476e-06 1.08434426e-04 1.96453184e-04 1.96453184e-04
    4.50185937e-04 5.37734129e-04 4.77978785e-04 4.77978785e-04
    4.82813688e-04 3.34509509e-03 4.37740782e-05 4.37740782e-05
    -2.13552732e-03 3.00498796e-03 5.56258419e-05 1.04512591e-02
    -1.50121627e-02 1.91886723e-02 -4.52976208e-03 1.19607253e-02
    1.90111861e-01 1.90111861e-01 4.64366317e-01 4.67235059e-01
    -1.70700848e-02 3.39711457e-02 -1.43437099e-03 1.43437099e-03
    6.07229944e-04 1.15420495e-03 -2.92219309e-04 1.22888281e-03
    1.24550817e-04 1.06121437e-03 -4.87063633e-04 1.03403849e-03
    8.18619505e-04 9.33436328e-04 1.54573703e-03 1.73152832e-03
    -8.55580030e-04 5.65077877e-03 7.93295039e-05 2.65120849e-04
    -1.24673359e-02 1.33367982e-02 1.34009717e-03 2.29317881e-03
    -7.47625902e-03 1.36952866e-02 2.26395950e-02 2.35926751e-02
    4.25787956e-01 4.27965939e-01 2.28164136e-01 2.29817674e-01
    1.06256520e-02 3.06739509e-02 7.86661636e-04 5.74723724e-03
    2.37119244e-03 2.80938554e-03 1.35076072e-04 6.68376102e-04
    8.12273007e-04 1.61572534e-03 -2.14051033e-04 3.19248968e-04
    1.82800548e-04 2.62628571e-04 3.98349745e-04 4.05042490e-04
    -2.48931086e-04 3.97133525e-04 3.89944835e-05 4.56872185e-05
    2.14685482e-04 9.79983248e-04 7.02921010e-04 1.95457763e-03
    -6.30459748e-04 3.62076890e-03 -6.23656844e-04 1.38895481e-03
    2.73969453e-02 3.01020257e-02 6.44933954e-02 6.51105344e-02
    -1.00761605e-03 3.04978923e-03 1.91060128e-03 2.92786234e-03
    1.55956630e-04 2.16592089e-04 7.57120288e-05 2.12793442e-04
    -4.14040769e-05 2.40063033e-04 -3.82229882e-05 9.88584216e-05
    3.22269771e-05 1.17406460e-04 -1.05506188e-04 1.95382207e-04
    -2.05823289e-05 2.82129797e-04 -1.19600525e-04 1.81287876e-04
    7.14153051e-02 7.16281384e-02 2.29259431e-02 2.30656490e-02
    -4.33871959e-04 2.29638838e-03 -2.32843577e-05 2.32843577e-05
    3.69589590e-03 3.69589590e-03 2.47182371e-03 2.47182371e-03
    -9.91621520e-04 2.77214427e-03 0. 0. -1.87401994e-04 1.87401994e-04
    3.91046524e-05 1.45522718e-04 -2.20984031e-04 3.32898053e-04
    2.02104602e-05 1.26628525e-04 1.92445164e-04 1.92445164e-04
    5.76942519e-04 5.76942519e-04 2.83258531e-04 1.43714354e-03 0. 0.
    4.86201465e-01 4.92908627e-01 1.60779029e-01 1.60779029e-01
    3.77040496e-03 1.90154687e-02 1.68086670e-03 1.68086670e-03
    2.58880686e-02 2.58880686e-02 7.46450527e-03 1.01119056e-02
    5.31187933e-03 2.25947760e-02 -1.32369983e-03 1.32369983e-03
    8.95784528e-04 1.63075083e-03 6.35769626e-04 9.26203851e-04
    -5.29967772e-04 1.08568964e-03 -2.58041491e-05 1.41952638e-04
    1.08555541e-04 2.18914077e-03 3.18560546e-04 8.00532114e-04
    -5.41123882e-05 1.06498017e-03 5.56121930e-04 1.03809359e-03
    4.03485417e-01 4.13095295e-01 2.33161509e-01 2.35808924e-01
    -2.91722477e-03 2.77657174e-02 3.48126795e-03 6.12866785e-03
    2.38343421e-02 2.38343421e-02 1.45643214e-02 1.45643214e-02
    -8.05173256e-03 1.41329383e-02 0. 0. 8.17052904e-04 1.33017171e-03
    6.87441934e-05 7.45445315e-04 4.63282166e-04 1.43905811e-03
    -9.61790574e-05 2.54067447e-04 -1.99854927e-04 3.21611908e-04
    6.69425135e-05 8.24140225e-05 -1.28002343e-04 1.83794284e-04
    2.46227282e-04 2.61698791e-04 5.73218912e-02 5.73218912e-02
    3.52138691e-02 3.52138691e-02 3.65861109e-04 3.92653933e-03 0. 0.
    2.90264911e-03 2.90264911e-03 1.03294908e-03 1.03294908e-03
    8.03850126e-04 1.62007217e-03 0. 0. 1.26886007e-04 2.76073435e-04
    4.05398714e-06 1.55007874e-04 2.01183339e-05 2.70927063e-04
