<?xml version="1.0"?>
<opencv_storage>
<descriptor004 type_id="opencv-matrix">
  <rows>3</rows>
  <cols>128</cols>
  <dt>f</dt>
  <data>
    3.37861384e-05 1.18589778e-04 -1.37121770e-05 2.11104089e-05
    -4.48644535e-08 1.34082838e-05 -5.22839655e-05 5.30996113e-05
    7.04083666e-02 7.04083666e-02 1.33250782e-04 1.33250782e-04
    1.72919594e-03 1.81247038e-03 0. 0. -3.17891277e-02 3.24114934e-02
    -3.95364128e-03 3.95364128e-03 9.83759761e-04 9.83759761e-04
    5.66459121e-03 9.84735973e-03 1.77091759e-04 8.95072881e-04
    9.70011053e-04 1.59036100e-03 -2.35125000e-04 9.62876016e-04
    2.74365535e-04 7.79786322e-04 5.33624727e-04 7.49891682e-04
    -2.14536369e-04 2.14536369e-04 4.44451216e-05 4.44451216e-05
    -9.37460863e-05 2.08831683e-04 4.46954370e-01 4.48117733e-01
    4.52052280e-02 4.52052280e-02 9.76392068e-03 1.03961620e-02
    1.82209871e-04 1.82209871e-04 -1.39954358e-01 1.45498946e-01
    -5.42513281e-02 1.14327781e-01 4.22217399e-02 1.22427583e-01
    6.05727881e-02 1.06203429e-01 -1.93838980e-02 1.97498687e-02
    -6.62731845e-03 9.48155299e-03 -4.35351674e-03 5.12125762e-03
    -6.93444023e-03 3.64369005e-02 1.16215250e-03 1.42163190e-03
    -3.54476724e-05 7.56711015e-05 2.59344088e-04 2.99567502e-04
    -1.83087741e-05 2.84543621e-05 4.86174822e-01 4.86174822e-01
    1.56196451e-03 3.39301862e-03 8.74846429e-03 9.16033145e-03
    -9.15527111e-04 9.15527111e-04 -2.08191313e-02 2.08191313e-02
    -1.56292580e-02 1.56292580e-02 0. 0. 4.85552847e-03 1.14057763e-02
    -5.99304885e-02 6.15785494e-02 -1.84333473e-02 2.58405693e-02
    4.11143759e-03 1.56542249e-02 4.16858913e-03 3.73224355e-02
    1.78765011e-04 2.14563406e-04 7.18337324e-05 7.35813373e-05
    1.98490761e-05 1.14435519e-04 2.50918365e-05 2.68394397e-05
    5.95673732e-02 5.95673732e-02 1.02579268e-02 1.02579268e-02
    6.76823198e-04 1.91336032e-03 0. 0. -3.82311805e-03 3.82311805e-03
    -5.07461047e-03 5.19640557e-03 -2.85257207e-04 2.85257207e-04
    -2.53967405e-03 3.34699382e-03 -9.14009474e-03 1.17727369e-02
    1.11829140e-03 1.47487910e-03 6.23788219e-04 9.74894268e-04
    4.67029912e-03 5.05267503e-03 9.70497786e-06 9.70497786e-06
    9.74969316e-06 9.74969316e-06 -7.57848466e-06 1.19209017e-05 0. 0.
    3.59958746e-02 3.59958746e-02 5.60026132e-02 5.60026132e-02
    -1.87796904e-05 3.24273715e-03 0. 0. 1.30587909e-03 1.30587909e-03
    2.27612269e-04 2.57480802e-04 -6.59146404e-04 7.64907862e-04
    -1.49342723e-05 1.49342723e-05 -2.43479390e-05 3.61721613e-04
    -2.10049893e-05 2.10049893e-05 5.37210872e-05 1.25501232e-04
    4.98427835e-05 9.18527585e-05 -7.63309508e-05 1.44128304e-03
    6.67002867e-04 1.50630367e-03 -5.22948161e-04 8.05477612e-04
    -9.23018146e-04 1.09255675e-03 4.59513217e-01 4.64770496e-01
    1.76556930e-01 1.78713113e-01 1.32327173e-02 2.76811607e-02
    -1.47428582e-04 2.00874172e-03 1.32024009e-02 1.81743391e-02
    1.83960563e-03 1.83960563e-03 2.55200150e-03 4.27377177e-03 0. 0.
    -3.90682078e-04 1.03612826e-03 -7.11452885e-05 7.11452885e-05
    -6.04783418e-04 8.75389087e-04 5.71986993e-06 1.48010426e-04
    1.58287736e-03 2.54312344e-03 4.58042719e-04 9.96213872e-04
    2.11161441e-05 5.59320906e-04 4.59561634e-05 2.99546140e-04
    1.74431235e-01 1.74431235e-01 4.63239193e-01 4.63239193e-01
    -9.95421316e-03 2.87607051e-02 0. 0. 8.62232316e-03 8.62232316e-03
    4.37285844e-03 4.37285844e-03 -2.54794228e-04 7.13520870e-03 0. 0.
    -3.29491566e-04 8.81355198e-04 -3.13519093e-04 3.13519093e-04
    1.90620936e-04 6.11712341e-04 2.50111974e-04 8.77150160e-04
    3.61858489e-04 3.77300632e-04 1.93501601e-05 8.04693555e-05
    1.32385918e-04 2.32205435e-04 -3.05595931e-05 3.05595931e-05
    4.61600646e-02 4.69001494e-02 4.35467772e-02 4.35467772e-02
    -2.51887162e-04 2.53065280e-03 3.70043126e-04 3.70043126e-04
    2.18794867e-03 2.53500463e-03 9.03116830e-04 9.32985335e-04
    -1.08304535e-04 7.67579069e-04 9.03385662e-05 1.20207114e-04
    -2.22276994e-05 9.04828048e-05 2.56814769e-06 3.33219250e-05
    1.61825155e-05 5.20725880e-05 2.27183573e-05 5.25135292e-05
    -3.42118365e-05 4.88776677e-05 -7.04301274e-05 1.00146259e-04
    1.64633366e-06 5.54061116e-05 -1.31296154e-04 1.51410190e-04
    4.86406870e-02 4.87136506e-02 1.20192033e-03 1.26143161e-03
    9.29011381e-04 1.56708295e-03 -1.09394168e-04 1.82356947e-04
    3.43441032e-02 5.75291440e-02 -4.53706691e-03 8.67676549e-03
    1.02591561e-03 1.19150360e-03 1.56297151e-03 2.66307336e-03
    -8.81735559e-06 1.25862891e-03 -2.08351738e-03 2.34760717e-03
    5.80444757e-04 1.83829491e-03 -3.36342753e-04 1.89634669e-03
    -4.79890878e-04 4.79890878e-04 -1.04919884e-04 1.04919884e-04
    1.25715364e-04 1.25715364e-04 1.69188963e-04 2.58420361e-04
    3.83423537e-01 3.83423537e-01 1.39225752e-03 1.39225752e-03
    6.25361968e-03 6.73987344e-03 0. 0. 2.57841170e-01 3.41828167e-01
    -5.30377552e-02 5.30377552e-02 6.52640080e-03 6.52640080e-03
    -4.41447785e-03 9.93283186e-03 -9.78311896e-03 1.05344942e-02
    -4.52284096e-03 2.46905778e-02 -1.40764192e-02 1.59234498e-02
    5.79053813e-05 2.52089314e-02 -1.32537956e-04 3.06677714e-04
    -3.96458840e-04 4.14991606e-04 -3.72699697e-06 1.48058389e-05
    -3.55738885e-04 3.55738885e-04 4.13688749e-01 4.15127993e-01
    2.54714862e-03 3.93488677e-03 3.46303568e-03 5.82620688e-03
    -6.93868962e-04 6.93868962e-04 2.02458054e-01 3.24669331e-01
    6.89318357e-03 6.89318357e-03 4.60671727e-03 5.26321074e-03
    1.62779335e-02 1.62779335e-02 -1.75997559e-02 1.98816508e-02
    -1.14834579e-02 1.69921219e-02 1.70123819e-02 3.12429592e-02
    2.58319899e-02 3.19605507e-02 1.02847909e-04 1.64881363e-04
    -2.18099412e-05 3.48614121e-05 2.39429028e-05 3.69943737e-05
    8.94461300e-06 2.39274741e-05 6.45660311e-02 6.45660311e-02
    5.40512265e-05 5.40512265e-05 5.11703256e-04 6.19805709e-04 0. 0.
    3.42444070e-02 3.50501202e-02 -9.30272741e-04 1.29138120e-03
    6.81911770e-04 7.05985643e-04 -2.08779675e-04 2.47827469e-04
    -1.34278322e-03 1.34278322e-03 -6.40108716e-04 6.40108716e-04
    1.66734626e-05 1.66734626e-05 -3.97847616e-05 8.24394287e-04</data></descriptor004>
</opencv_storage>
