<?xml version="1.0"?>
<opencv_storage>
<keypoint2d002 type_id="opencv-matrix">
  <rows>955</rows>
  <cols>1</cols>
  <dt>"2f"</dt>
  <data>
    3.07992310e+02 2.65899689e+02 4.41351074e+02 2.11820877e+02
    3.34119904e+02 3.59199951e+02 3.57566528e+02 3.22640076e+02
    2.98192505e+02 3.61881714e+02 3.59711517e+02 3.62015930e+02
    3.50972504e+02 2.81164215e+02 3.53896667e+02 2.31421997e+02
    4.36337891e+02 3.39983154e+02 3.76952454e+02 2.15145950e+02
    3.42303009e+02 3.39488403e+02 4.48542419e+02 2.00237457e+02
    3.60779022e+02 2.65054810e+02 3.14275696e+02 2.30860626e+02
    4.48772430e+02 1.96931137e+02 2.68627167e+02 3.25725311e+02
    3.52169861e+02 2.66753143e+02 4.47500183e+02 2.24029434e+02
    3.40801544e+02 2.40092361e+02 3.47074890e+02 2.60621674e+02
    2.66474121e+02 3.29190460e+02 4.40930450e+02 2.12476013e+02
    3.28250336e+02 3.23735504e+02 3.13985962e+02 3.35630676e+02
    3.13228516e+02 3.07186096e+02 3.87356964e+02 2.05281158e+02
    2.86229706e+02 3.11262360e+02 3.66382294e+02 2.24484039e+02
    3.29033813e+02 3.10079468e+02 3.83652771e+02 2.29932724e+02
    3.05086975e+02 2.44775620e+02 3.32897614e+02 2.90934601e+02
    3.33968994e+02 2.80634338e+02 2.79330994e+02 3.07501160e+02
    3.72599915e+02 3.37726471e+02 2.81418427e+02 3.37347107e+02
    3.50939240e+02 3.49189301e+02 3.25104919e+02 2.42624023e+02
    4.31505432e+02 2.27108749e+02 3.58582153e+02 3.44045654e+02
    4.32388031e+02 1.95215027e+02 2.62831177e+02 3.09076874e+02
    2.68301636e+02 3.43194794e+02 3.90208710e+02 3.10288788e+02
    3.42466492e+02 3.07335968e+02 3.98307648e+02 2.48946533e+02
    3.14039703e+02 3.70473267e+02 4.26618927e+02 2.09255310e+02
    4.31576630e+02 2.22507812e+02 3.13124390e+02 3.10126801e+02
    3.08438995e+02 2.83169006e+02 3.40559967e+02 2.77538300e+02
    2.94161224e+02 3.35638062e+02 3.30644165e+02 3.39900177e+02
    4.40846771e+02 1.89919601e+02 3.56690918e+02 3.36285156e+02
    3.30678284e+02 3.38078552e+02 3.04921661e+02 3.36781189e+02
    3.78543365e+02 3.08488678e+02 3.66304932e+02 3.39779694e+02
    3.69269775e+02 2.35179413e+02 3.19120483e+02 3.62012451e+02
    3.14607544e+02 3.43434998e+02 2.99020569e+02 3.21830719e+02
    3.70940796e+02 3.09046295e+02 3.32985992e+02 2.22423752e+02
    3.19269989e+02 2.41299149e+02 2.93867889e+02 3.10623749e+02
    3.83169739e+02 3.37142883e+02 3.78619659e+02 3.24856842e+02
    2.97340515e+02 3.22416077e+02 3.42023285e+02 3.15691589e+02
    2.82642181e+02 3.75832733e+02 3.36643585e+02 3.17693298e+02
    2.85663757e+02 3.28909393e+02 3.64273224e+02 3.46045013e+02
    3.45005341e+02 2.31686478e+02 4.44366760e+02 3.17441193e+02
    3.78061157e+02 3.41490509e+02 4.32296478e+02 1.85431824e+02
    3.63361237e+02 1.01093910e+02 2.82153503e+02 3.52116486e+02
    2.99775787e+02 3.51190887e+02 3.42135559e+02 3.70944885e+02
    3.06465515e+02 2.61694427e+02 3.02482605e+02 2.99451447e+02
    3.33822968e+02 3.68850861e+02 3.13433441e+02 3.23519043e+02
    4.24984924e+02 3.53838348e+02 3.25219269e+02 3.72720581e+02
    3.36494934e+02 3.15737183e+02 3.22103760e+02 3.34740448e+02
    4.37117828e+02 1.82756927e+02 3.84920135e+02 3.06433044e+02
    4.39079041e+02 2.32549438e+02 3.07092804e+02 3.73819183e+02
    4.50207642e+02 3.77420837e+02 3.38077362e+02 2.63626434e+02
    3.36924652e+02 2.67121613e+02 3.35441528e+02 3.05477020e+02
    4.32084045e+02 1.23759872e+02 3.01598572e+02 3.51114532e+02
    4.32618347e+02 1.99717010e+02 3.09593567e+02 3.55802948e+02
    2.83051605e+02 3.65943054e+02 3.67196594e+02 2.16420425e+02
    3.30080658e+02 3.34814270e+02 4.14364716e+02 1.24763351e+02
    2.77837891e+02 3.44474060e+02 3.33986847e+02 3.49803650e+02
    3.85178650e+02 1.17364403e+02 2.98087036e+02 3.72018707e+02
    4.40106659e+02 1.75595947e+02 4.48742249e+02 1.05017517e+02
    3.57251190e+02 2.98782349e+02 2.91197662e+02 3.44418427e+02
    3.36819153e+02 3.49106598e+02 3.90752258e+02 1.65053802e+02
    2.88178802e+02 3.41386627e+02 3.60644653e+02 2.20341064e+02
    3.28528168e+02 1.46164474e+02 4.40963287e+02 2.85044189e+02
    3.45854706e+02 2.40718536e+02 3.07008026e+02 3.46449921e+02
    3.29169098e+02 1.44231171e+02 2.89886902e+02 3.77290619e+02
    3.46874634e+02 3.57359253e+02 3.09346924e+02 1.43546875e+02
    3.04172791e+02 3.28638489e+02 2.99414215e+02 8.64089432e+01
    2.84261597e+02 1.49027267e+02 4.52226593e+02 3.36644073e+02
    3.21016418e+02 1.53260941e+02 4.24571777e+02 3.37053253e+02
    3.86616974e+02 2.43851456e+02 4.59072296e+02 2.74358063e+02
    2.89393555e+02 1.38230759e+02 4.39027649e+02 1.11747269e+02
    3.80779572e+02 1.54826141e+02 2.64335297e+02 9.29931946e+01
    2.68520691e+02 1.35815765e+02 2.70089172e+02 3.03805115e+02
    3.01973938e+02 1.50587479e+02 3.57235809e+02 2.21307617e+02
    3.46704926e+02 2.96240295e+02 3.93403809e+02 1.23196960e+02
    2.57875244e+02 1.44565460e+02 3.29423859e+02 1.70360504e+02
    3.25551331e+02 1.16308182e+02 3.24703461e+02 2.96532501e+02
    4.22225800e+02 3.27761230e+02 2.42554550e+02 7.12690811e+01
    3.62465668e+02 2.03682434e+02 3.65484650e+02 2.01797256e+02
    3.38302612e+02 3.42661713e+02 2.58698425e+02 1.07783485e+02
    3.12590210e+02 1.02529572e+02 4.36713593e+02 1.65842285e+02
    3.09751221e+02 1.41914536e+02 3.40167572e+02 1.56291550e+02
    4.17943970e+02 3.44682739e+02 2.72137634e+02 3.13318298e+02
    3.63753448e+02 1.52049667e+02 2.80784821e+02 2.55539505e+02
    3.46907074e+02 1.49663055e+02 3.68536560e+02 3.00286621e+02
    2.76250092e+02 8.41928253e+01 3.49969238e+02 3.65954651e+02
    3.00503937e+02 1.51390259e+02 2.90745972e+02 2.65211426e+02
    3.96553772e+02 1.57305893e+02 3.23136902e+02 2.64397461e+02
    4.26896729e+02 3.18606659e+02 2.72090363e+02 3.14036804e+02
    3.18480835e+02 3.26324799e+02 3.62614258e+02 2.39881683e+02
    2.31675735e+02 4.11208405e+02 2.62671997e+02 1.46241013e+02
    2.99320312e+02 3.41504730e+02 2.64512939e+02 9.02814941e+01
    1.92018555e+02 7.37426834e+01 3.12336884e+02 1.66956436e+02
    3.22461914e+02 1.03452972e+02 2.77980408e+02 1.44066025e+02
    2.54195908e+02 9.67982864e+01 2.80609741e+02 1.14073753e+02
    4.15039581e+02 1.32291153e+02 2.46788605e+02 9.06721802e+01
    2.51908707e+02 3.26050568e+02 3.08678314e+02 3.64632080e+02
    3.22761230e+02 3.03112091e+02 4.25998627e+02 3.09656647e+02
    2.41683731e+02 4.10662018e+02 3.70010254e+02 2.06960739e+02
    3.38111969e+02 1.74983902e+02 3.45167908e+02 1.08036423e+02
    1.07170105e+02 4.10808228e+02 3.72917480e+02 3.44291809e+02
    4.52992462e+02 3.26735992e+02 2.91247101e+02 3.69805969e+02
    3.09105408e+02 9.91817551e+01 4.48944244e+02 3.51294830e+02
    3.39836456e+02 1.29031906e+02 2.36383270e+02 1.05965797e+02
    3.91694305e+02 1.32468124e+02 3.18218719e+02 1.72136658e+02
    3.45001160e+02 1.12802940e+02 3.68316345e+02 1.14205803e+02
    4.11129150e+02 1.46657028e+02 3.75994507e+02 1.20045250e+02
    3.96237915e+02 1.59187668e+02 4.10214691e+02 1.20375313e+02
    3.26308136e+02 3.64875366e+02 2.85412415e+02 2.90740967e+02
    3.27126038e+02 3.52611755e+02 3.42569519e+02 8.48867645e+01
    2.72388794e+02 1.49417419e+02 2.76508667e+02 1.56425156e+02
    3.57031769e+02 1.59040512e+02 3.02472992e+02 1.20093582e+02
    3.22107849e+02 1.31336151e+02 3.65142059e+02 1.12422630e+02
    4.02743164e+02 3.30711517e+02 4.02232727e+02 1.21777977e+02
    1.71889511e+02 4.09104248e+02 2.50152008e+02 8.69666061e+01
    2.81806946e+02 2.92270416e+02 4.31877289e+02 3.05795959e+02
    2.43166199e+02 9.00721283e+01 2.47654709e+02 1.31120087e+02
    4.25890564e+02 2.35044312e+02 4.25314789e+02 2.73845001e+02
    2.60477173e+02 9.37082062e+01 3.60634094e+02 9.13227234e+01
    2.90936340e+02 3.56626312e+02 1.19002373e+02 4.23598724e+02
    3.19312286e+02 2.49340439e+02 3.73860535e+02 1.32041214e+02
    4.21061646e+02 3.62939575e+02 3.32541412e+02 1.58165207e+02
    2.80572266e+02 2.91056366e+02 3.08548553e+02 3.26689911e+02
    3.89374847e+02 2.78617462e+02 3.47934418e+02 1.71859924e+02
