<?xml version="1.0"?>
<opencv_storage>
<keypoint2d004 type_id="opencv-matrix">
  <rows>3</rows>
  <cols>1</cols>
  <dt>"2f"</dt>
  <data>
    4.20831726e+02 2.60467255e+02 4.24111176e+02 2.91065735e+02
    3.83369293e+02 2.80200928e+02</data></keypoint2d004>
</opencv_storage>
