<?xml version="1.0"?>
<opencv_storage>
<keypoint2d004 type_id="opencv-matrix">
  <rows>1490</rows>
  <cols>1</cols>
  <dt>"2f"</dt>
  <data>
    4.80873047e+02 2.16132462e+02 4.28607880e+02 2.12121857e+02
    3.86345459e+02 1.93604111e+02 2.30928818e+02 2.31683563e+02
    3.91965240e+02 2.14761200e+02 4.79046082e+02 1.79090973e+02
    4.88144440e+02 1.82737717e+02 3.14438202e+02 2.63435974e+02
    4.67132446e+02 4.03175171e+02 3.03726685e+02 3.82531219e+02
    3.18056580e+02 1.85702499e+02 3.04002045e+02 3.67851807e+02
    3.23028839e+02 1.81201141e+02 2.09633820e+02 2.66366302e+02
    5.00656799e+02 1.67104584e+02 2.60826904e+02 2.58644073e+02
    1.40548080e+02 2.92842529e+02 3.04791656e+02 3.76367096e+02
    4.76162384e+02 1.90601105e+02 2.29834320e+02 2.20338364e+02
    2.52075836e+02 2.68865479e+02 2.53574539e+02 2.24926544e+02
    2.19854675e+02 2.57519287e+02 4.23737274e+02 1.99762207e+02
    4.96934601e+02 1.89754410e+02 2.40767807e+02 2.18068680e+02
    3.66531128e+02 7.04179077e+01 1.25026405e+02 4.09624847e+02
    3.13537262e+02 1.69088470e+02 4.66074280e+02 2.22935745e+02
    4.38821716e+02 3.91850616e+02 3.63905151e+02 3.90810120e+02
    3.33746704e+02 1.68925613e+02 2.85109192e+02 8.58326492e+01
    4.06166443e+02 2.10221359e+02 1.43875946e+02 1.71128479e+02
    2.19308441e+02 2.65985016e+02 2.30514893e+02 2.41078613e+02
    2.28093567e+02 2.50229065e+02 3.62299469e+02 3.52262787e+02
    3.32871002e+02 2.82341583e+02 2.46575317e+02 2.41302109e+02
    4.89358337e+02 2.12485321e+02 2.79206207e+02 1.90185867e+02
    3.30830505e+02 2.82471375e+02 2.29971756e+02 9.48732910e+01
    3.96276154e+02 4.07347748e+02 2.22040421e+02 9.24941940e+01
    2.35235123e+02 2.61610535e+02 2.57868500e+02 2.09302582e+02
    3.13113770e+02 2.48050751e+02 2.37684692e+02 2.72311829e+02
    4.69919891e+02 2.13832657e+02 2.72856781e+02 1.97411377e+02
    2.20252335e+02 2.63262695e+02 2.65232788e+02 2.17320648e+02
    3.61405212e+02 6.21128769e+01 3.94116516e+02 4.07462494e+02
    2.46817108e+02 2.36825562e+02 1.29153473e+02 1.58413254e+02
    3.21837128e+02 1.93240555e+02 4.55358978e+02 4.06826904e+02
    2.41050674e+02 2.06973938e+02 1.46667679e+02 1.03138069e+02
    1.48869080e+02 1.55068665e+02 8.66783295e+01 7.03655548e+01
    4.64352814e+02 1.81607376e+02 3.08673431e+02 1.00916107e+02
    2.34592865e+02 2.54581589e+02 3.24867371e+02 2.20101837e+02
    4.78645874e+02 2.11194565e+02 1.82680634e+02 9.42103119e+01
    3.09104370e+02 1.95056580e+02 1.36459778e+02 3.88973999e+02
    3.40577667e+02 2.79675049e+02 4.02793427e+02 7.18952179e+01
    3.82519348e+02 3.91178955e+02 2.30590118e+02 3.92648407e+02
    3.64979675e+02 3.50038818e+02 3.87789307e+02 2.34766922e+02
    2.80478241e+02 1.08593369e+02 4.63022522e+02 1.94164612e+02
    1.94716232e+02 1.10044418e+02 5.03970245e+02 1.83456055e+02
    2.30582062e+02 2.30086716e+02 2.26052948e+02 4.07464630e+02
    3.10973846e+02 1.81392914e+02 2.49309464e+02 2.15548920e+02
    2.55921707e+02 2.77830841e+02 1.34879349e+02 4.04570984e+02
    4.42052307e+02 3.61318359e+02 2.65422028e+02 3.69999237e+02
    2.86815643e+02 9.87354050e+01 4.66274231e+02 2.07064484e+02
    2.48439087e+02 2.27607391e+02 4.98787842e+02 6.25885925e+01
    1.78724686e+02 3.90590668e+02 2.76078522e+02 2.04007782e+02
    1.23966858e+02 1.92294785e+02 2.74753815e+02 2.59690338e+02
    2.87715179e+02 9.96105957e+01 2.34509827e+02 2.12643906e+02
    2.22239075e+02 2.74403198e+02 5.00459778e+02 2.06689850e+02
    3.46463257e+02 4.05838287e+02 3.78190338e+02 4.06606567e+02
    2.06278366e+02 1.58572739e+02 2.91496765e+02 1.07220322e+02
    2.06214111e+02 1.08246185e+02 5.01744720e+02 1.56701797e+02
    1.62035706e+02 1.53261780e+02 1.70918671e+02 9.51378708e+01
    2.87054443e+02 2.14584091e+02 2.18757156e+02 3.91923431e+02
    4.56230316e+02 2.36454620e+02 2.66641388e+02 3.92931793e+02
    2.61417786e+02 1.67488419e+02 2.95950928e+02 9.79902267e+01
    3.99587402e+02 7.21144485e+01 2.99890259e+02 1.84302155e+02
    4.94145081e+02 1.45309525e+02 1.72439545e+02 9.51383514e+01
    1.39266800e+02 1.75892960e+02 2.07191162e+02 9.41714706e+01
    2.74689545e+02 2.58749725e+02 4.22675507e+02 2.34106583e+02
    1.34172470e+02 1.41449768e+02 4.88969543e+02 2.22130096e+02
    1.83159622e+02 1.11675377e+02 4.66160767e+02 2.30089798e+02
    1.37003006e+02 1.51296982e+02 4.01654907e+02 3.99801392e+02
    1.68834625e+02 9.53390579e+01 1.96471802e+02 9.24424744e+01
    2.33257614e+02 8.79109726e+01 2.66405609e+02 4.07119476e+02
    2.53479904e+02 2.16377762e+02 3.82292938e+02 6.99979095e+01
    2.92341553e+02 1.28081696e+02 2.02444351e+02 9.28004608e+01
    1.54008484e+02 1.38182861e+02 1.75012070e+02 4.04868164e+02
    2.59519592e+02 1.01990898e+02 2.32984436e+02 2.79358398e+02
    3.19160553e+02 1.58100388e+02 2.78718262e+02 2.07908707e+02
    3.83765839e+02 4.14834686e+02 2.17544525e+02 1.07242928e+02
    2.43219086e+02 8.91295776e+01 4.29531677e+02 3.99986206e+02
    2.06666565e+02 1.46550812e+02 3.68021698e+02 3.46312286e+02
    4.20013611e+02 4.07033264e+02 1.58844360e+02 9.37541428e+01
    3.73088806e+02 6.31813469e+01 4.21784027e+02 3.93694794e+02
    2.52174744e+02 2.56107697e+02 2.56181000e+02 3.93885925e+02
    1.47082138e+02 1.24319397e+02 2.24940414e+02 1.47320892e+02
    3.79955597e+02 2.06981522e+02 1.12785522e+02 1.33193344e+02
    4.36657013e+02 2.34979294e+02 1.59736420e+02 1.73207672e+02
    4.35027740e+02 2.35481247e+02 3.11536896e+02 2.42974442e+02
    1.90902939e+02 9.80037460e+01 1.60177567e+02 1.23078514e+02
    4.41599609e+02 2.29367935e+02 1.94919830e+02 4.06819397e+02
    3.27343658e+02 1.38847214e+02 1.09376572e+02 1.38709137e+02
    4.24842560e+02 1.07958504e+02 2.57808655e+02 3.61028351e+02
    1.87778976e+02 1.50600037e+02 1.95719391e+02 2.03974640e+02
    1.46100113e+02 3.80678619e+02 4.11650604e+02 2.35322571e+02
    3.71365082e+02 3.93679260e+02 2.57607513e+02 1.58460922e+02
    1.40522659e+02 3.98489197e+02 2.39678604e+02 2.29535568e+02
    4.05610870e+02 4.14582886e+02 3.14728607e+02 1.17957390e+02
    4.05347534e+02 2.23332108e+02 1.60836151e+02 3.91178864e+02
    3.66194702e+02 1.60197144e+02 4.81390167e+02 2.25203476e+02
    3.62369049e+02 2.41769058e+02 3.83359314e+02 4.01001099e+02
    1.48576630e+02 1.38212189e+02 1.58684540e+02 1.02202049e+02
    2.34270569e+02 4.13943848e+02 1.71799271e+02 1.73960220e+02
    2.61147888e+02 3.99840820e+02 1.86727127e+02 1.67427933e+02
    2.68855072e+02 8.56479492e+01 3.51981201e+02 3.86593597e+02
    4.03537598e+02 4.14539642e+02 4.09818268e+02 1.29297867e+02
    2.19376373e+02 2.47029510e+02 3.62007446e+02 4.08262299e+02
    2.33261276e+02 1.01115562e+02 3.65846252e+02 3.98986450e+02
    2.19464066e+02 4.13903137e+02 1.83507080e+02 3.98483978e+02
    3.68165619e+02 2.33620300e+02 3.60187164e+02 1.01821693e+02
    1.05466095e+02 1.69618774e+02 3.61647552e+02 7.88918686e+01
    3.73487274e+02 3.82575348e+02 2.62708008e+02 2.01682861e+02
    5.12878357e+02 2.09239838e+02 4.42575775e+02 7.21862259e+01
    1.77455200e+02 2.03666656e+02 4.24130463e+02 7.22748489e+01
    2.81163818e+02 4.06933655e+02 9.92002716e+01 1.73160385e+02
    1.49948776e+02 9.43624496e+01 3.60354156e+02 1.54572556e+02
    3.89656952e+02 3.84550110e+02 4.81596954e+02 2.07006882e+02
    3.15683258e+02 1.99947769e+02 2.22477203e+02 3.97983582e+02
    4.12909119e+02 1.93556152e+02 2.24655075e+02 1.17408455e+02
    2.49580811e+02 4.07965118e+02 2.57002960e+02 1.00164597e+02
    3.75189178e+02 4.06984497e+02 1.67698120e+02 3.99563019e+02
    3.73935730e+02 2.09295151e+02 4.31791199e+02 2.28750854e+02
    1.33013412e+02 3.18487885e+02 3.00924072e+02 1.59235626e+02
    4.00810791e+02 2.34663452e+02 4.32201599e+02 4.08040833e+02
    3.12712738e+02 1.63257812e+02 2.68797943e+02 1.71579636e+02
    3.17839355e+02 9.89129105e+01 1.57532379e+02 2.00901398e+02
    1.32441498e+02 3.20633118e+02 4.08391510e+02 1.82405441e+02
    3.01572296e+02 1.68849167e+02 2.19012955e+02 1.54676224e+02
