<?xml version="1.0"?>
<opencv_storage>
<keypoint3d001 type_id="opencv-matrix">
  <rows>298</rows>
  <cols>3</cols>
  <dt>"3f"</dt>
  <data>
    -1.58065967e-02 -1.90000143e-02 5.12653729e-04 1.11889478e-03
    8.96831017e-44 0. 7.39885589e-43 0. -2.75586906e-04 -6.87047001e-03
    -1.89999864e-02 4.44235746e-03 -1.03499915e-03 1.03499915e-03
    -6.86814077e-03 9.36231948e-03 -6.85359072e-03 6.88065356e-03
    -4.48673870e-03 -1.89999882e-02 7.18307123e-02 8.30149837e-03
    -1.71012189e-02 3.86337973e-02 4.54688864e-03 6.45842357e-03
    3.59005469e-04 -3.19758616e-03 -1.90000217e-02 8.51396099e-03
    -1.31548964e-03 2.53430218e-03 2.19124625e-03 2.97970674e-03
    4.34115791e-04 1.10984058e-03 2.49658781e-03 -1.89999864e-02
    -5.31149376e-03 8.56061175e-04 -2.03901585e-02 6.18441105e-02
    8.71038809e-03 9.11303889e-03 9.13019106e-03 -1.09969135e-02
    -1.90000124e-02 7.90494122e-03 1.35130733e-01 2.21928120e-01
    -1.99079752e-01 2.00521365e-01 1.49401054e-01 1.49881601e-01
    -4.45990916e-03 -1.89999901e-02 7.20396340e-02 1.70811236e-01
    1.94814190e-01 2.64559805e-01 -1.43482968e-01 1.92889020e-01
    1.31979093e-01 -3.34332883e-02 -1.89999789e-02 4.45685014e-02
    -4.32257261e-03 2.76860930e-02 -6.87726540e-03 1.82319190e-02
    6.25958608e-04 1.54788084e-02 1.99623071e-02 -1.89999770e-02
    -1.91222969e-02 1.53108910e-02 -9.05959401e-03 1.58906635e-02
    -6.38133846e-03 1.50955096e-02 -2.20299467e-01 -6.96327072e-04
    -1.89999919e-02 -8.78818566e-04 -1.58474863e-01 1.60390660e-01
    1.32031724e-01 1.54240936e-01 2.07107514e-01 2.07107514e-01
    4.29649185e-03 -1.89999733e-02 -1.12494435e-02 1.50986254e-01
    -1.64997876e-01 1.64997876e-01 -1.48139847e-03 6.49738172e-03
    3.61608900e-02 2.15091445e-02 -1.89999994e-02 -1.84105486e-02
    -1.53825583e-03 1.55037967e-02 2.03906209e-04 5.45365969e-04
    2.15953769e-05 5.23843119e-05 1.81826074e-02 -1.89999640e-02
    -2.01429296e-02 1.28333399e-03 -1.50286197e-03 9.59427096e-03
    2.69148245e-06 2.30918653e-04 1.18558351e-02 -1.70548856e-02
    -1.89999864e-02 7.17989206e-02 1.08700255e-02 1.17598381e-02
    -3.70533926e-05 4.72103529e-05 3.52074765e-02 3.53440270e-02
    9.43897665e-03 -1.90000087e-02 8.07500258e-03 9.31451723e-05
    -4.15908653e-05 1.33242691e-04 -1.57713934e-04 2.67939817e-04
    -1.66479120e-04 -4.05873964e-03 -1.89999826e-02 -5.42218611e-03
    7.39885589e-43 0. 6.24924432e-03 6.64138608e-03 -1.94866268e-03
    2.08008429e-03 -2.62404699e-02 -1.89999491e-02 -1.98305119e-02
    2.97198771e-03 3.44153568e-02 3.77466865e-02 -2.48528142e-02
    2.62838230e-02 4.41597179e-02 1.87903829e-02 -1.90000013e-02
    2.04119589e-02 -1.54142678e-02 1.54142678e-02 -1.43726096e-02
    4.07667793e-02 -1.32466340e-02 1.32466340e-02 -1.91653855e-02
    -1.89999379e-02 -9.02868994e-03 2.58201128e-03 6.74098590e-03
    6.74098590e-03 -7.52374157e-03 7.52424076e-03 1.44374825e-03
    -9.54409689e-03 -1.89999975e-02 -5.69464266e-03 1.39023662e-02
    2.24165712e-02 -1.32864807e-02 1.35329245e-02 1.69927068e-02
    3.23939808e-02 -7.66744651e-03 -1.89999770e-02 3.96018289e-02
    1.64912909e-01 5.37784062e-02 1.62008554e-01 -1.35567591e-01
    1.35567591e-01 1.27916289e-02 1.83378253e-02 -1.90000106e-02
    1.62368489e-03 1.50938720e-01 1.50938720e-01 -5.41360863e-02
    1.98834747e-01 -3.02844564e-03 1.42734405e-02 2.70794164e-02
    -1.90000534e-02 2.19950974e-02 3.20942476e-02 2.54625510e-02
    2.65813712e-02 -1.44642331e-02 2.11395714e-02 3.41687677e-03
    -2.69829575e-02 -1.89999752e-02 -2.72196298e-03 1.29824942e-02
    2.23869309e-02 -1.26312882e-01 1.31744653e-01 1.91127241e-01
    1.91127241e-01 -2.66727172e-02 -1.89999789e-02 -5.30846603e-03
    1.51122048e-01 1.33460596e-01 2.23669752e-01 -1.51746958e-01
    3.62068653e-01 1.39374351e-02 -2.93520764e-02 -1.89999640e-02
    -9.01240623e-04 1.54452659e-02 2.46959049e-02 -3.98005964e-03
    3.67461778e-02 5.49856899e-03 4.54989374e-02 3.98539305e-02
    -1.89999882e-02 -1.79370195e-02 2.32286053e-03 2.89834361e-03
    4.11123876e-03 -6.50923583e-04 2.59730243e-03 1.88560705e-04
    -1.72643699e-02 -1.89999938e-02 -1.08479755e-02 5.81337884e-03
    8.65103211e-03 -5.64275961e-03 6.63681468e-03 8.14337377e-03
    1.13866944e-02 1.87655017e-02 -1.90000013e-02 -3.67235858e-03
    1.87808778e-02 -2.68653426e-02 2.68653426e-02 2.25201920e-02
    2.25305166e-02 7.72791798e-04 1.09317675e-02 -1.90000292e-02
    2.03852672e-02 -3.43496865e-03 4.47923923e-03 -3.70838935e-03
    5.16218087e-03 1.56945428e-42 0. 1.06717031e-02 -1.90000385e-02
    1.98757779e-02 5.37958462e-03 7.70025013e-04 1.50792545e-03
    2.21617194e-03 2.85860570e-03 3.43356922e-04 -1.74535215e-02
    -1.89999342e-02 2.50541139e-02 -1.52303232e-02 2.52143908e-02
    -6.98192089e-05 1.43623427e-02 1.54511947e-02 7.77773857e-02
    1.99369173e-02 -1.89999770e-02 1.62092457e-03 4.18910868e-02
    -2.48137303e-02 5.22422828e-02 2.71015260e-02 3.46696116e-02
    -2.83327582e-03 4.18379121e-02 -1.90000534e-02 3.18757072e-02
    -2.62965984e-03 2.62965984e-03 -4.63272724e-03 9.08396672e-03
    -3.41412574e-02 3.96843217e-02 -6.95046922e-03 -1.90000050e-02
    -4.45136521e-03 3.67329232e-02 3.04439422e-02 4.35336232e-02
    1.39660850e-01 2.05133870e-01 -2.65372209e-02 7.68715795e-03
    -1.90000180e-02 3.71601097e-02 -9.08109918e-02 1.64536670e-01
    -1.55814499e-01 3.11150432e-01 -3.49405706e-02 2.52561390e-01
    -3.44800316e-02 -1.89999491e-02 7.19372630e-02 4.61647362e-01
    2.84494217e-02 2.96518914e-02 6.51735207e-03 5.21357283e-02
    -8.54924228e-03 4.03243415e-02 -1.90000422e-02 4.01265584e-02
    -6.57608639e-03 3.02625243e-02 7.26310015e-02 8.21886510e-02
    -3.51709798e-02 4.79201451e-02 -2.59520896e-02 -1.89999677e-02
    7.15943202e-02 3.06892693e-01 1.26414299e-02 9.18660611e-02
    -6.44782325e-03 5.36186583e-02 1.92447394e-01 2.55532749e-02
    -3.63147706e-01 6.24999590e-02 4.35653962e-02 1.26576394e-01
    -3.92841846e-02 1.80184081e-01 3.27130407e-02 7.19843432e-02
    -5.80838770e-02 -1.89999640e-02 4.90599908e-02 3.93054150e-02
    5.27763134e-03 1.20170824e-02 3.59269157e-02 6.51512146e-02
    6.28137542e-03 -9.50972456e-03 -1.89999491e-02 2.44131573e-02
    5.14524337e-03 9.30130854e-03 -2.10638929e-04 2.73530744e-03
    -1.48932115e-04 1.27372043e-02 2.19778363e-02 -1.90000553e-02
    3.69011126e-02 9.09907650e-03 -9.89844203e-02 1.11706913e-01
    2.21748441e-03 1.23212133e-02 1.85773298e-02 1.20604206e-02
    -1.89999975e-02 -6.43577334e-03 1.69196632e-02 2.86811385e-02
    1.31510885e-03 3.66539462e-03 -6.95783645e-04 2.19971081e-03
    -4.86264527e-02 -1.89999193e-02 3.64651196e-02 6.79196836e-03
    2.30933987e-42 0. 7.39885589e-43 0. 5.11558028e-04 -1.25287985e-03
    -1.90000087e-02 2.44883914e-02 -8.64519156e-04 1.30841916e-03 0. 0.
    -1.98532511e-02 3.71859260e-02 1.09885735e-02 -1.89999938e-02
    -1.42579395e-02 1.17882509e-02 2.03081407e-02 2.31043547e-02
    -1.70024596e-02 2.39335839e-02 -9.38778743e-03 -2.57981904e-02
    -1.89999454e-02 2.61221640e-02 2.28995904e-02 8.92079026e-02
    3.43718869e-03 5.14928810e-03 -9.77936550e-04 2.74255592e-03
    3.20772082e-02 -1.90000068e-02 1.72813819e-03 3.24917189e-03
    -8.67998041e-03 1.38954353e-02 -6.34084120e-02 6.53798133e-02
    9.53968521e-03 -1.03514502e-03 -1.89999864e-02 1.45635111e-02
    3.53022628e-02 5.74737526e-02 -5.60537726e-02 2.63794661e-01
    -1.67948499e-01 2.25135133e-01 1.56554561e-02 -1.90000087e-02
    -2.47492529e-02 3.01067140e-02 -7.12082833e-02 7.42166042e-02
    -4.12982665e-02 1.33589402e-01 -1.67531136e-03 -2.19014287e-02
    -1.89999808e-02 2.08487306e-02 -1.11932005e-03 8.25657509e-03
    2.13109329e-02 7.28365853e-02 -5.36223594e-03 3.16461548e-02
    8.14802758e-03 -1.89999640e-02 -1.68803777e-03 1.05113521e-01
    -1.01015659e-03 1.01015659e-03 -2.10285131e-02 5.64164259e-02
    1.05161943e-01 -1.17203780e-02 -1.89999659e-02 4.21249121e-02
    5.72355874e-02 4.93849486e-01 -3.53397280e-02 5.97710647e-02
