<?xml version="1.0"?>
<opencv_storage>
<keypoint2d005 type_id="opencv-matrix">
  <rows>1116</rows>
  <cols>1</cols>
  <dt>"2f"</dt>
  <data>
    2.86050873e+02 2.62615692e+02 3.57223236e+02 3.30891296e+02
    3.46447174e+02 2.79170349e+02 4.67970642e+02 1.84678085e+02
    2.35854034e+02 3.30317230e+02 3.49896729e+02 2.20706299e+02
    3.40759766e+02 2.53237640e+02 4.96431000e+02 1.86335098e+02
    3.24882751e+02 3.73840546e+02 4.90340942e+02 3.59545898e+02
    2.76195282e+02 3.73205322e+02 3.35163269e+02 3.50957001e+02
    4.95013947e+02 1.87790237e+02 3.60404480e+02 2.60481506e+02
    2.93973297e+02 3.13155640e+02 3.34924042e+02 3.12260101e+02
    3.84350372e+02 1.98277603e+02 3.81049896e+02 3.50545929e+02
    2.93255890e+02 2.22006378e+02 3.62384033e+02 3.79645996e+02
    3.65680969e+02 3.82137878e+02 3.48735626e+02 2.63623474e+02
    4.08213104e+02 3.17527649e+02 3.14872284e+02 3.31098969e+02
    2.53178162e+02 3.43089355e+02 3.18898560e+02 3.50265015e+02
    3.89261383e+02 3.14718994e+02 2.93517395e+02 3.09212097e+02
    3.30464691e+02 2.32130234e+02 5.11195312e+02 1.75109222e+02
    3.19396912e+02 2.93206848e+02 3.30592896e+02 2.29487717e+02
    3.97743805e+02 3.50425964e+02 3.68734955e+02 2.10018723e+02
    2.38312714e+02 3.49396606e+02 3.71705872e+02 3.52136139e+02
    2.95628784e+02 3.46084503e+02 2.84436401e+02 2.36710815e+02
    4.76769531e+02 2.01537796e+02 3.60097168e+02 3.57988678e+02
    3.14632233e+02 3.14401764e+02 3.04150482e+02 3.75957672e+02
    2.59121918e+02 3.15487000e+02 3.94862335e+02 2.16899490e+02
    2.94411255e+02 3.27721313e+02 2.83408142e+02 3.44431305e+02
    3.72899841e+02 2.23441666e+02 2.69381866e+02 3.42394012e+02
    3.38100433e+02 2.50677765e+02 3.60748535e+02 2.47734512e+02
    3.44982330e+02 3.61603088e+02 3.99340240e+02 3.14050964e+02
    2.95114258e+02 3.61220276e+02 3.07796417e+02 3.43964752e+02
    3.26635010e+02 3.24249298e+02 3.70942566e+02 2.39368546e+02
    3.12947327e+02 2.12525192e+02 2.51309921e+02 3.10386200e+02
    3.77952942e+02 3.15448608e+02 3.31812500e+02 2.76309357e+02
    2.58698975e+02 3.18177124e+02 2.58033722e+02 3.24791534e+02
    2.96924347e+02 3.85098267e+02 3.09929871e+02 2.33181625e+02
    3.33414581e+02 2.74574677e+02 3.59185120e+02 2.73329834e+02
    4.19837799e+02 2.39322906e+02 2.80109711e+02 3.01768555e+02
    3.73165833e+02 3.67897491e+02 2.67150055e+02 3.12916565e+02
    3.69683777e+02 3.60341278e+02 2.30263153e+02 3.11356232e+02
    3.48997864e+02 3.65094238e+02 3.25267670e+02 3.11668945e+02
    3.16739288e+02 2.74699860e+02 2.57870728e+02 3.33868347e+02
    4.89092804e+02 3.26646484e+02 5.10733978e+02 1.98036697e+02
    2.57190826e+02 3.87942657e+02 4.77720825e+02 2.07502884e+02
    2.75523590e+02 3.27064941e+02 3.44396851e+02 3.87097198e+02
    4.78522369e+02 1.70866669e+02 3.27534393e+02 2.57948029e+02
    4.90064026e+02 3.28655914e+02 3.25353149e+02 2.60540588e+02
    3.89427094e+02 3.54635742e+02 3.90258423e+02 3.36074615e+02
    3.72922058e+02 2.23264252e+02 3.37146271e+02 3.87821167e+02
    4.01149292e+02 1.84312561e+02 3.22470642e+02 2.63520599e+02
    4.93102264e+02 1.57052048e+02 3.18862244e+02 3.47431763e+02
    4.93083374e+02 1.59569901e+02 3.05767761e+02 3.84646301e+02
    3.35779663e+02 3.22721741e+02 4.22396423e+02 2.41657928e+02
    2.88247864e+02 3.87274353e+02 2.95136963e+02 3.25668274e+02
    3.99974762e+02 3.13127319e+02 3.46512939e+02 3.70363525e+02
    2.56247498e+02 3.75343048e+02 3.09531494e+02 3.58021393e+02
    4.79879944e+02 1.65419891e+02 2.86605927e+02 2.83177063e+02
    3.36989227e+02 2.20417328e+02 3.65834717e+02 3.91694000e+02
    2.56025391e+02 3.60113251e+02 3.24730255e+02 3.08449829e+02
    3.61232025e+02 5.92666931e+01 4.60924957e+02 3.64117126e+02
    2.65991669e+02 3.53687073e+02 3.60447754e+02 3.14171967e+02
    2.48998688e+02 3.52086761e+02 4.89280487e+02 1.38672440e+02
    3.50068207e+02 3.91806580e+02 3.12614227e+02 3.88155151e+02
    4.91826019e+02 2.12529266e+02 2.81146454e+02 3.02174408e+02
    2.90828339e+02 3.68537781e+02 3.61862793e+02 1.86189743e+02
    4.67040741e+02 3.75429321e+02 4.64061066e+02 3.75069275e+02
    4.87283630e+02 1.48645279e+02 3.52464722e+02 3.63107605e+02
    2.84258209e+02 2.56402832e+02 3.70349030e+02 2.00010239e+02
    5.03487244e+02 3.31080200e+02 4.91976990e+02 2.14828125e+02
    2.22153152e+02 1.30575806e+02 3.65664917e+02 3.67957031e+02
    3.06404205e+02 2.60685883e+02 5.02881073e+02 3.38780945e+02
    3.61614166e+02 5.94594498e+01 2.78061127e+02 3.60662720e+02
    4.96470520e+02 2.84320068e+02 2.65051086e+02 3.90266144e+02
    3.14634857e+02 2.46783554e+02 4.66706360e+02 3.53945984e+02
    4.77354523e+02 7.12161713e+01 3.78859711e+02 3.60108093e+02
    5.47581726e+02 1.41968445e+02 3.00904480e+02 3.32267548e+02
    3.46289032e+02 3.06864990e+02 3.62536530e+02 3.48863251e+02
    2.99704376e+02 2.81423035e+02 4.05227814e+02 1.32355087e+02
    4.77295105e+02 1.50992722e+02 2.21477493e+02 8.93847656e+01
    4.96998474e+02 2.83821533e+02 2.59606659e+02 1.20022812e+02
    2.79552399e+02 3.26452942e+02 2.87357666e+02 3.56417633e+02
    4.00579590e+02 2.32902802e+02 4.72044495e+02 3.28678253e+02
    2.30039001e+02 7.04999542e+01 3.68147064e+02 3.65876068e+02
    2.33905746e+02 1.19981590e+02 3.47615753e+02 3.75755615e+02
    2.38697784e+02 3.06094269e+02 3.11665344e+02 1.19993324e+02
    4.01597321e+02 2.35655029e+02 4.79887360e+02 2.95948608e+02
    3.95907501e+02 7.30257874e+01 2.76149445e+02 3.50131104e+02
    2.81164215e+02 3.34623199e+02 2.50572006e+02 2.49712341e+02
    2.41287018e+02 3.17119873e+02 4.63925415e+02 3.40963684e+02
    3.76819275e+02 2.13330475e+02 3.48699036e+02 3.02365112e+02
    3.47726166e+02 3.81408630e+02 3.60683350e+02 2.04978745e+02
    1.51706650e+02 6.85511093e+01 5.20078735e+02 3.56769775e+02
    3.58400696e+02 3.00170258e+02 4.21112915e+02 2.30577042e+02
    3.76112946e+02 3.81721832e+02 4.45531158e+02 7.64944611e+01
    3.53713013e+02 3.48504608e+02 2.24642685e+02 3.12698181e+02
    3.60873596e+02 2.98353302e+02 3.09561493e+02 3.51841156e+02
    2.63681213e+02 2.60788330e+02 2.85810486e+02 1.20114571e+02
    2.21767868e+02 9.06223221e+01 2.87210114e+02 7.06853027e+01
    2.65798920e+02 3.66614777e+02 4.70186584e+02 3.17564453e+02
    3.55078857e+02 2.05696320e+02 2.65487457e+02 3.67140564e+02
    4.09307037e+02 7.88399658e+01 3.04086060e+02 8.70963287e+01
    2.75087067e+02 3.85973907e+02 3.06918152e+02 3.05634064e+02
    2.61788391e+02 3.48515594e+02 2.48121429e+02 9.28981247e+01
    5.14233398e+02 3.75392426e+02 4.69983734e+02 3.16595825e+02
    2.18250519e+02 7.86891785e+01 3.24740143e+02 3.61681671e+02
    4.08893005e+02 7.88159332e+01 3.99294525e+02 7.49678040e+01
    1.96412460e+02 9.19796906e+01 2.59452911e+02 2.92491760e+02
    3.13958954e+02 3.79321533e+02 3.22602966e+02 3.62322449e+02
    2.74834351e+02 9.57163162e+01 3.24493988e+02 3.86300049e+02
    2.48868439e+02 1.30276337e+02 3.29302032e+02 3.61166443e+02
    5.14697205e+02 3.74065491e+02 2.48140884e+02 9.25773544e+01
    4.19072754e+02 4.23023590e+02 3.89446777e+02 1.21409668e+02
    4.83539062e+02 1.26056107e+02 2.47550461e+02 1.34813019e+02
    2.43804169e+02 6.11403084e+01 4.42847809e+02 7.35483322e+01
    4.74410553e+02 2.29876633e+02 3.28890442e+02 3.86085602e+02
    3.63326233e+02 1.21286308e+02 3.37841858e+02 1.20921082e+02
    2.53202042e+02 1.31229538e+02 3.03389496e+02 7.15898056e+01
    2.74804779e+02 1.31174866e+02 3.00807556e+02 1.31251450e+02
    2.17254990e+02 3.30039124e+02 2.09850220e+02 1.18696152e+02
    4.80802338e+02 3.13457489e+02 3.14406433e+02 3.66163727e+02
    3.08283783e+02 8.62994080e+01 3.41874237e+02 3.30388336e+02
    3.70219177e+02 2.81353271e+02 1.96837433e+02 4.21040863e+02
    4.93342743e+02 3.03750977e+02 3.72281494e+02 3.29665924e+02
    3.03384827e+02 1.30976624e+02 3.27192719e+02 1.31217972e+02
    4.96991302e+02 4.12797638e+02 2.74617920e+02 1.34647476e+02
    2.63844910e+02 3.73785004e+02 2.45931747e+02 1.26970222e+02
