<?xml version="1.0"?>
<opencv_storage>
<keypoint2d003 type_id="opencv-matrix">
  <rows>904</rows>
  <cols>1</cols>
  <dt>"2f"</dt>
  <data>
    2.61038910e+02 2.67585297e+02 2.62203064e+02 2.80936737e+02
    3.82823303e+02 3.53815704e+02 2.96334290e+02 3.19594360e+02
    2.89996552e+02 2.80684601e+02 3.84741455e+02 1.89300659e+02
    2.78338959e+02 2.78500732e+02 3.10349030e+02 2.11648163e+02
    2.70491974e+02 2.46486542e+02 2.90981812e+02 2.31645721e+02
    3.83382446e+02 1.90520660e+02 2.58122437e+02 2.53774704e+02
    3.96188385e+02 1.76837143e+02 2.95991974e+02 2.64358459e+02
    2.50677399e+02 3.03444458e+02 3.80739441e+02 3.25002502e+02
    2.91462494e+02 2.66095001e+02 2.96410767e+02 3.34297272e+02
    3.69223663e+02 2.09703598e+02 2.48527557e+02 3.01914337e+02
    2.81167694e+02 3.53406464e+02 2.63449554e+02 2.36704468e+02
    3.71101593e+02 2.05020691e+02 2.85552338e+02 3.37022766e+02
    2.81282837e+02 2.41414581e+02 3.16438965e+02 2.26076630e+02
    3.00945465e+02 2.49212219e+02 3.63156433e+02 1.91613846e+02
    3.93665680e+02 2.03965637e+02 3.91551788e+02 3.26221619e+02
    3.24864319e+02 3.11968689e+02 2.59030121e+02 3.49777313e+02
    2.57511658e+02 3.15331482e+02 2.92155518e+02 3.45745392e+02
    2.99088623e+02 2.53738174e+02 2.97944641e+02 3.09355530e+02
    3.03299225e+02 2.33263138e+02 3.31555145e+02 2.43753723e+02
    3.71730804e+02 1.77894226e+02 2.41150558e+02 3.30665955e+02
    3.01876831e+02 3.64060486e+02 2.80438507e+02 2.90778748e+02
    3.00447540e+02 2.22992752e+02 2.82191925e+02 3.62384644e+02
    3.18129425e+02 1.99330261e+02 3.14991058e+02 3.25809204e+02
    2.70028198e+02 3.60824890e+02 2.41876068e+02 3.22796509e+02
    2.99905518e+02 3.42273132e+02 3.03802582e+02 3.40326691e+02
    2.41659531e+02 3.21284485e+02 3.13602905e+02 3.08888184e+02
    1.89441910e+02 2.51544708e+02 3.91853638e+02 3.29871979e+02
    3.85851593e+02 2.83880341e+02 3.72564178e+02 1.69850494e+02
    2.80405029e+02 3.45212189e+02 4.07094208e+02 3.54066406e+02
    3.81072418e+02 1.63281433e+02 2.66002716e+02 3.20571136e+02
    2.75291229e+02 3.20434631e+02 2.50427856e+02 3.05354980e+02
    2.77215149e+02 3.30556519e+02 4.32330536e+02 1.52069992e+02
    4.06495605e+02 3.56000946e+02 4.02501648e+02 4.05616058e+02
    2.65112305e+02 3.02774597e+02 2.83833466e+02 2.33974152e+02
    2.58450653e+02 3.41774567e+02 3.81412872e+02 2.15584213e+02
    2.41545105e+02 3.11905151e+02 3.80155457e+02 1.61233551e+02
    3.19205719e+02 2.40257645e+02 2.85113007e+02 3.13903656e+02
    2.80800018e+02 3.14070770e+02 2.59115997e+02 2.96175842e+02
    3.63434875e+02 3.67247040e+02 3.63096619e+02 3.47096863e+02
    3.66336853e+02 3.67722870e+02 2.78091034e+02 3.33909271e+02
    3.76905914e+02 1.57507187e+02 3.82137329e+02 2.17546234e+02
    2.50919281e+02 3.23148834e+02 2.94072723e+02 2.96624298e+02
    3.66732513e+02 3.24072845e+02 2.80236420e+02 3.12036621e+02
    3.19731415e+02 3.07274109e+02 3.15101288e+02 1.06629433e+02
    2.79915100e+02 2.68346527e+02 2.55806290e+02 1.69427460e+02
    2.80347168e+02 2.66119385e+02 2.68903961e+02 3.20988892e+02
    4.01272705e+02 3.72829193e+02 2.65239685e+02 3.05917542e+02
    3.89571655e+02 2.61658539e+02 2.73522491e+02 3.41896118e+02
    2.65529205e+02 3.20640015e+02 3.13888031e+02 3.43983337e+02
    3.77085266e+02 1.50394119e+02 2.04588943e+02 3.59138672e+02
    2.34956390e+02 1.76044266e+02 3.06731995e+02 3.08267609e+02
    3.07861450e+02 3.10655975e+02 2.94913452e+02 3.00707397e+02
    2.65081787e+02 3.09054535e+02 2.62340912e+02 3.21500549e+02
    2.72737610e+02 2.28556396e+02 3.60979553e+02 3.36334686e+02
    2.67206299e+02 1.66441193e+02 3.00680756e+02 2.15079575e+02
    2.73924835e+02 2.51762039e+02 2.76757996e+02 2.26098267e+02
    4.32250793e+02 1.76638733e+02 2.63931396e+02 3.62770111e+02
    2.51974686e+02 3.21740143e+02 4.32107452e+02 1.82561905e+02
    4.01751160e+02 3.72001801e+02 3.73368988e+02 2.51106064e+02
    2.87215973e+02 3.66923462e+02 3.72691620e+02 2.94670166e+02
    2.60645020e+02 2.64552521e+02 3.65804260e+02 3.14808563e+02
    2.48206512e+02 3.15268280e+02 2.29210999e+02 1.28686066e+02
    3.01678894e+02 2.76520142e+02 2.65158020e+02 3.43898834e+02
    2.92671509e+02 2.22739868e+02 3.22369995e+02 1.53625534e+02
    2.79543152e+02 1.63296661e+02 3.71796478e+02 2.32442917e+02
    2.49194946e+02 1.66426956e+02 2.26208344e+02 1.39536072e+02
    3.24102692e+02 1.07551720e+02 2.51997620e+02 1.27890137e+02
    2.60251801e+02 1.62894852e+02 2.96108612e+02 2.20564026e+02
    2.71471558e+02 3.01519287e+02 2.93238922e+02 3.64231842e+02
    2.71688873e+02 1.59031891e+02 4.32440216e+02 1.34175018e+02
    4.06242371e+02 3.41370819e+02 2.94593597e+02 1.12308586e+02
    3.04841553e+02 2.99641754e+02 3.68967896e+02 8.54085999e+01
    2.79502441e+02 3.02685516e+02 1.98576294e+02 1.17947151e+02
    2.39211685e+02 1.69088058e+02 4.06557526e+02 3.43860382e+02
    3.31192505e+02 1.01209007e+02 3.84045624e+02 3.02157379e+02
    2.70635437e+02 2.66136810e+02 2.71732300e+02 1.80170670e+02
    4.61303925e+02 4.10615417e+02 2.55047318e+02 3.62816406e+02
    2.51945618e+02 1.29004654e+02 2.43122330e+02 1.82072479e+02
    2.69047943e+02 1.34338257e+02 3.12075195e+02 1.48404587e+02
    2.92188171e+02 1.60427444e+02 3.34455322e+02 8.56776199e+01
    4.38373230e+02 4.18700714e+02 2.66481262e+02 2.52687164e+02
    3.77841919e+02 4.11097961e+02 2.69773712e+02 1.32325150e+02
    2.55665771e+02 3.35386322e+02 3.13687836e+02 3.01369354e+02
    3.56059082e+02 3.56957581e+02 2.44148956e+02 2.88899414e+02
    3.63063202e+02 2.69636505e+02 2.84810303e+02 1.22113419e+02
    2.59857452e+02 1.25045120e+02 2.12589493e+02 1.39954819e+02
    2.97503601e+02 1.52308960e+02 2.90396545e+02 3.56103577e+02
    2.52797012e+02 2.60327179e+02 2.49536972e+02 3.33017639e+02
    2.30242950e+02 1.70085373e+02 2.56854431e+02 3.16277222e+02
    3.12390076e+02 3.45279846e+02 2.60388336e+02 1.82281845e+02
    4.46253418e+02 1.15740555e+02 2.37299042e+02 1.35286743e+02
    3.73492737e+02 3.10591095e+02 2.65303253e+02 1.75759842e+02
    3.04761108e+02 2.69874054e+02 2.84550873e+02 1.56042313e+02
    3.06167603e+02 1.56668198e+02 2.83404907e+02 1.19234100e+02
    3.59947144e+02 3.77641449e+02 4.49483673e+02 4.24033875e+02
    3.71906189e+02 1.14599159e+02 2.78862854e+02 1.81903595e+02
    2.64960632e+02 2.99017883e+02 3.44788269e+02 9.86665955e+01
    3.02634613e+02 2.04490021e+02 2.08956436e+02 1.23984276e+02
    3.27036957e+02 3.04029541e+02 2.55095367e+02 1.17630417e+02
    4.15218750e+02 1.24573120e+02 4.24872620e+02 1.57213104e+02
    2.74261841e+02 1.15327507e+02 2.54454498e+02 1.78526337e+02
    2.60992126e+02 1.35116928e+02 4.66846771e+02 5.83308449e+01
    3.01876953e+02 1.98571152e+02 4.19569885e+02 1.60108139e+02
    3.98699524e+02 4.19284912e+02 3.07713013e+02 1.14629448e+02
    3.93959686e+02 1.36808975e+02 2.66312927e+02 3.50946625e+02
    2.99959961e+02 9.01888809e+01 4.29056122e+02 4.27134338e+02
    2.77329224e+02 1.72755112e+02 4.49348419e+02 1.11525459e+02
    3.34626038e+02 1.25618332e+02 2.78537964e+02 1.40046844e+02
    3.60206818e+02 8.48953247e+01 2.63412140e+02 3.37244110e+02
    2.80866699e+02 9.60666428e+01 3.67066040e+02 3.04233704e+02
    3.10729309e+02 3.46209290e+02 3.49750031e+02 4.07126160e+02
    3.27395020e+02 1.43469803e+02 2.50460297e+02 1.50304184e+02
    3.76412872e+02 3.02542419e+02 3.24770691e+02 2.78160522e+02
    3.67417633e+02 1.13668716e+02 2.43551285e+02 3.37947327e+02
    4.53917419e+02 1.28541855e+02 2.38751526e+02 1.17152504e+02
    3.04339478e+02 1.67137299e+02 3.62450226e+02 2.20677368e+02
    3.77010956e+02 2.77790985e+02 3.19904114e+02 1.21232353e+02
    3.61857056e+02 9.92439194e+01 3.55955627e+02 2.86265076e+02
    4.46198730e+02 1.25775955e+02 3.04612030e+02 1.28178223e+02
    3.13075653e+02 3.51314850e+02 4.80123993e+02 4.15057556e+02
    2.40089905e+02 1.51807663e+02 2.45576477e+02 1.60502533e+02
    2.45186157e+02 1.35502182e+02 4.94819733e+02 1.73095596e+02
