<?xml version="1.0"?>
<opencv_storage>
<keypoint2d001 type_id="opencv-matrix">
  <rows>298</rows>
  <cols>1</cols>
  <dt>"2f"</dt>
  <data>
    3.14610596e+02 2.63535187e+02 3.26717072e+02 2.58600861e+02
    3.30885315e+02 1.66476715e+02 3.31750610e+02 2.53274338e+02
    3.39256317e+02 2.71918518e+02 3.21172607e+02 2.53837753e+02
    3.30925537e+02 1.66184341e+02 2.90956116e+02 2.03661850e+02
    3.62647308e+02 2.90875549e+02 3.35003296e+02 2.65908142e+02
    3.41589813e+02 2.79860107e+02 3.64765869e+02 2.89996765e+02
    3.60207916e+02 2.92151550e+02 3.13488770e+02 1.66336716e+02
    3.48942200e+02 2.54272964e+02 3.30389435e+02 2.71829803e+02
    3.00520416e+02 2.89979095e+02 3.62035187e+02 2.37904922e+02
    3.10026733e+02 2.76054535e+02 3.22986633e+02 2.71994110e+02
    3.26069427e+02 2.11046097e+02 3.60948486e+02 2.63223907e+02
    3.73505371e+02 2.35995102e+02 2.99582733e+02 2.67439667e+02
    2.99990112e+02 2.70870972e+02 2.96415070e+02 2.64946838e+02
    3.89798706e+02 2.90099182e+02 3.12562408e+02 2.78524628e+02
    3.61402100e+02 2.70319702e+02 3.51240143e+02 2.37710693e+02
    3.50872772e+02 2.38393387e+02 3.12577881e+02 2.30582611e+02
    3.63134155e+02 2.63282623e+02 3.94317535e+02 2.22888565e+02
    3.26498413e+02 2.70438019e+02 3.47125519e+02 2.14762115e+02
    2.89521301e+02 1.65889801e+02 3.92505249e+02 2.11475189e+02
    3.01228485e+02 1.66492065e+02 3.56945435e+02 3.03420288e+02
    2.57601227e+02 1.97001633e+02 3.23372345e+02 2.31670609e+02
    3.66865570e+02 2.15471313e+02 3.52209198e+02 2.73759552e+02
    2.70448669e+02 2.14331909e+02 3.34636108e+02 2.31799759e+02
    3.50590027e+02 2.84095398e+02 3.01273010e+02 2.28909897e+02
    3.79778839e+02 2.63557587e+02 3.34780518e+02 2.45215958e+02
    3.56677917e+02 2.98114197e+02 3.06522247e+02 2.36131790e+02
    3.46989319e+02 2.67295868e+02 3.20547577e+02 2.07496353e+02
    2.77677734e+02 2.13946915e+02 3.08737183e+02 2.12575500e+02
    3.87546051e+02 2.17625259e+02 3.98237457e+02 2.16210159e+02
    4.05192963e+02 2.16670364e+02 2.85909851e+02 2.96843231e+02
    2.83403900e+02 2.21397736e+02 3.02064117e+02 2.02232895e+02
    3.24367279e+02 2.44281845e+02 3.72115997e+02 2.86131226e+02
    3.45198700e+02 2.45799088e+02 3.35765259e+02 2.97746246e+02
    3.30293427e+02 2.78189270e+02 2.79411530e+02 2.90199677e+02
    2.94259430e+02 2.87048981e+02 3.39618042e+02 2.07455765e+02
    2.78561401e+02 2.87148071e+02 2.91075623e+02 2.12117416e+02
    3.09468719e+02 2.58393494e+02 2.83554962e+02 2.86314606e+02
    3.18605286e+02 2.22262619e+02 3.16504486e+02 2.09774963e+02
    2.95001373e+02 2.22238358e+02 3.85513062e+02 2.74100494e+02
    3.50491882e+02 2.69458008e+02 2.98535248e+02 2.99168884e+02
    3.71687988e+02 2.80734253e+02 2.89031708e+02 2.17375870e+02
    3.84169983e+02 2.12343384e+02 3.09022827e+02 2.66933289e+02
    2.73958557e+02 1.65585297e+02 2.71637970e+02 2.75053864e+02
    3.28825989e+02 1.44263290e+02 3.74303253e+02 2.63107330e+02
    3.16173126e+02 2.90635529e+02 3.49564484e+02 2.24460175e+02
    3.12643188e+02 3.03752136e+02 3.32479279e+02 1.49627045e+02
    2.83539246e+02 2.38693069e+02 3.28654236e+02 1.47971375e+02
    3.14275696e+02 1.76876633e+02 2.74650757e+02 2.57703308e+02
    2.86090240e+02 2.63857788e+02 3.13113495e+02 2.85039520e+02
    2.42607361e+02 1.84208633e+02 3.81695282e+02 2.21880951e+02
    2.73592316e+02 2.97800659e+02 3.87435913e+02 2.07269943e+02
    3.64631653e+02 2.06490036e+02 3.14897125e+02 1.77884064e+02
    3.00779755e+02 2.80862000e+02 2.41907913e+02 2.57434662e+02
    3.26936462e+02 2.86045532e+02 3.52618622e+02 2.11500748e+02
    3.33837524e+02 3.04781494e+02 2.70299377e+02 3.03946106e+02
    3.82592896e+02 2.14398651e+02 3.57856445e+02 2.11226639e+02
    3.65911285e+02 1.97865723e+02 3.80189209e+02 1.97667343e+02
    2.46358627e+02 3.07310272e+02 3.93238159e+02 1.55478668e+02
    3.55379608e+02 2.11345108e+02 3.24259613e+02 2.98414001e+02
    3.73619629e+02 1.96877579e+02 2.66413727e+02 2.95394897e+02
    3.22147308e+02 2.91875610e+02 3.34905060e+02 2.23912796e+02
    3.19456757e+02 2.86710144e+02 2.80291016e+02 2.03488037e+02
    3.75959686e+02 2.75839905e+02 3.77662720e+02 2.99020813e+02
    2.77741669e+02 2.14772675e+02 2.92424042e+02 2.77240906e+02
    3.74721802e+02 2.14883453e+02 3.50876556e+02 2.26179550e+02
    3.46194733e+02 2.98408966e+02 2.70135529e+02 1.64896988e+02
    3.29205780e+02 2.26622482e+02 3.61477570e+02 2.22493759e+02
    3.40825653e+02 2.26587418e+02 3.56090607e+02 2.83315094e+02
    2.41174545e+02 2.24087006e+02 2.84872070e+02 3.03356628e+02
    2.87266022e+02 2.60099701e+02 3.43449982e+02 2.55417191e+02
    3.81264740e+02 2.07228989e+02 3.32923828e+02 2.07037903e+02
    3.71918671e+02 2.70698914e+02 4.21425385e+02 1.79395081e+02
    3.83847931e+02 2.18273331e+02 2.85379395e+02 2.12161789e+02
    2.93174988e+02 2.78715363e+02 2.79066925e+02 2.27140503e+02
    3.71429016e+02 2.22516449e+02 3.69680634e+02 2.77919952e+02
    2.81377411e+02 1.77712433e+02 3.52199860e+02 2.05138107e+02
    3.13463165e+02 2.49950409e+02 3.11324951e+02 2.57915771e+02
    4.00055420e+02 2.04452271e+02 2.86858490e+02 2.12535172e+02
    3.47425537e+02 2.93138031e+02 3.14264526e+02 2.04663101e+02
    3.24130341e+02 2.85407196e+02 3.81085144e+02 2.75996002e+02
    4.20652435e+02 1.79765793e+02 3.06934296e+02 1.81033600e+02
    3.92269653e+02 2.31674683e+02 3.27398743e+02 2.26631378e+02
    2.74100189e+02 1.73715546e+02 3.56478088e+02 1.79389740e+02
    3.39004547e+02 1.58140060e+02 2.54015244e+02 3.04245697e+02
    3.51857300e+02 1.75466690e+02 2.99433838e+02 2.17557068e+02
    3.01169434e+02 1.58990540e+02 3.01133636e+02 2.46609238e+02
    3.25738861e+02 2.19089020e+02 3.74468597e+02 3.01784576e+02
    3.52632965e+02 2.07733994e+02 3.05743286e+02 2.20683456e+02
    3.42951599e+02 2.98519043e+02 2.93929413e+02 1.80323517e+02
    3.46922485e+02 2.63330444e+02 2.67168732e+02 3.06948364e+02
    3.80352081e+02 2.38409134e+02 2.57298065e+02 2.39077576e+02
    2.72908417e+02 2.01182999e+02 3.39206268e+02 2.60771667e+02
    3.58921753e+02 2.97204376e+02 3.02472504e+02 2.41167938e+02
    2.94847076e+02 1.78444778e+02 3.98005157e+02 2.17320969e+02
    3.75715240e+02 2.59267487e+02 3.17226746e+02 2.26439514e+02
    3.02298615e+02 1.93632034e+02 4.11769226e+02 2.77196808e+02
    2.95021393e+02 1.84053879e+02 3.67831207e+02 1.72714264e+02
    3.16579102e+02 2.94976715e+02 3.73595306e+02 2.04087997e+02
    3.24887421e+02 2.93247864e+02 2.92430725e+02 2.14450607e+02
    2.48380035e+02 2.52686172e+02 3.71952972e+02 2.95683319e+02
    3.95345642e+02 2.95757874e+02 3.88353333e+02 2.01847687e+02
    3.08479401e+02 2.51820908e+02 3.33626526e+02 2.87563416e+02
    3.80936798e+02 2.91583405e+02 2.79682922e+02 1.58758270e+02
    3.62775360e+02 2.21582138e+02 2.48220016e+02 2.39580490e+02
    2.87180359e+02 2.44748245e+02 2.78855225e+02 1.64420273e+02
    2.47606781e+02 2.61518494e+02 3.40296875e+02 1.77778946e+02
    2.63971375e+02 1.74585510e+02 3.56717285e+02 2.19258606e+02
    2.45690247e+02 2.38837646e+02 3.41723114e+02 2.45730789e+02
    2.42907516e+02 2.38482941e+02 3.89200012e+02 2.91973511e+02
    3.14079834e+02 2.17195282e+02 2.42907867e+02 2.80745483e+02
    3.58233459e+02 2.01518768e+02 2.92410370e+02 1.95319992e+02
    3.28060608e+02 1.77581070e+02 3.16800568e+02 2.83612549e+02
    2.45221649e+02 2.40008575e+02 3.88144257e+02 2.97295563e+02
    3.69286957e+02 3.00070007e+02 3.67811829e+02 2.06574615e+02
    3.14188904e+02 3.00856171e+02 3.22334839e+02 2.17665985e+02
    3.98822723e+02 2.24436783e+02 3.90789642e+02 2.37439743e+02
    2.64457092e+02 3.06701691e+02 4.27912781e+02 1.98649475e+02
    4.32961273e+02 2.67362793e+02 3.94779785e+02 2.34794067e+02
    3.36059692e+02 2.47390167e+02 3.69959686e+02 2.48051483e+02
    3.82516663e+02 2.46759415e+02 3.48191650e+02 2.45869492e+02
    2.85740448e+02 2.72684113e+02 2.62912537e+02 2.89929779e+02
    3.19034576e+02 2.94991455e+02 3.79144836e+02 2.71276703e+02
