<?xml version="1.0"?>
<opencv_storage>
<keypoint3d002 type_id="opencv-matrix">
  <rows>120</rows>
  <cols>3</cols>
  <dt>"3f"</dt>
  <data>
    6.91121258e-03 -1.89999919e-02 8.56721774e-02 4.22657169e-02
    5.32802701e-01 5.32802701e-01 2.37161610e-02 2.37161610e-02
    6.82933554e-02 6.66490756e-03 -1.89999845e-02 8.57528746e-02
    4.04976634e-03 6.11519217e-02 -1.64076492e-01 1.91293627e-01
    1.30961426e-02 3.46321054e-02 -6.05898816e-03 -1.89999770e-02
    8.53727311e-02 1.93195399e-02 -4.36273851e-02 5.13723865e-02
    2.74726283e-03 1.85646769e-02 -1.57136023e-02 -7.24048838e-02
    -1.90000925e-02 6.14497922e-02 -1.42244529e-02 2.00551804e-02
    1.37857841e-02 2.95411553e-02 -1.88420181e-05 2.56224405e-02
    -1.51593592e-02 -1.89999975e-02 1.15059823e-01 1.93027630e-01
    -5.17754853e-02 1.16867542e-01 -8.86498892e-04 8.86498892e-04
    2.85728276e-02 -1.46045238e-02 -1.89999770e-02 8.49493444e-02
    1.60748195e-02 1.77479982e-02 -7.32032061e-02 7.42285401e-02
    -3.35299633e-02 4.71860655e-02 -2.31428631e-02 -1.89999994e-02
    8.54272395e-02 2.91486196e-02 -4.81327988e-05 3.08643505e-02
    9.88543034e-03 1.00351945e-02 -7.49642088e-04 -6.22612126e-02
    -1.89999826e-02 5.77727482e-02 -1.58885930e-04 1.58885930e-04
    1.54940337e-02 2.11297963e-02 3.70811298e-02 4.36872058e-02
    -2.76667029e-02 -1.89999826e-02 8.98258984e-02 7.13695632e-03
    3.65809863e-03 1.30167566e-02 -1.73633303e-02 2.99987216e-02
    -1.75611221e-03 -7.16713145e-02 -1.90000869e-02 6.90557957e-02
    -8.65109789e-04 4.97471960e-03 -4.75383690e-03 6.51142141e-03
    1.62001862e-03 2.84800958e-03 -4.19644266e-02 -1.90000087e-02
    6.65765554e-02 0. 7.39885589e-43 0. -6.18915510e-05 8.72494347e-05
    -8.80540247e-05 3.34210484e-03 -1.89999733e-02 1.01656467e-01
    -1.79888535e-04 2.68803415e-04 -2.40204332e-04 1.31626939e-03
    1.51440778e-04 1.05364190e-03 8.63401312e-03 -1.89999845e-02
    9.56840292e-02 1.07786851e-03 3.90941324e-03 5.32722007e-03
    1.08854484e-03 1.08854484e-03 1.40011022e-02 7.37884641e-03
    -1.90000013e-02 9.69887450e-02 -5.83942514e-04 7.82893854e-04
    4.32358793e-04 4.32358793e-04 -9.20274528e-04 1.44765840e-03
    -6.56881407e-02 -1.90000832e-02 7.00175688e-02 5.85076492e-03
    3.23797460e-04 9.96594597e-03 -3.04210465e-03 1.54055124e-02
    -4.16431489e-04 -1.04069272e-02 -1.89999733e-02 8.99770260e-02
    -1.83357984e-01 3.09840202e-01 -5.04194293e-03 5.48136123e-02
    -1.17637679e-01 1.17637679e-01 -6.46471903e-02 -1.90000869e-02
    6.99791536e-02 7.01418519e-02 7.36985207e-02 1.93538889e-01
    -1.09835856e-01 2.04103813e-01 -1.15471855e-02 4.75004315e-03
    -1.90000087e-02 9.88845229e-02 -1.91374794e-02 3.14123482e-02
    4.29930575e-02 4.29930575e-02 -1.75969601e-02 2.05766670e-02
    -3.38158384e-02 -1.89999603e-02 8.65768492e-02 5.83777856e-03
    -3.87319922e-02 4.83546667e-02 -1.32091463e-01 5.09962618e-01
    1.08738067e-02 -2.09059957e-02 -1.89999901e-02 6.70568123e-02
    7.44145438e-02 9.18694884e-02 7.31805637e-02 1.67872503e-01
    2.65312225e-01 2.83489943e-01 -4.04118970e-02 -7.74943233e-02
    6.25000447e-02 6.58562183e-02 -3.36576661e-04 1.59288582e-03
    -2.01964602e-02 3.53892148e-02 -2.24461183e-02 1.26471147e-02
    -1.89999752e-02 6.89061582e-02 -1.05819628e-02 1.06332051e-02
    9.63572529e-06 1.20248478e-05 1.01479091e-05 2.76265473e-05
    -1.87212341e-02 -1.90000162e-02 6.70475289e-02 8.03366769e-03
    2.28644740e-02 5.79250120e-02 -2.58467458e-02 2.81581189e-02
    -2.06812844e-02 3.67417186e-02 2.29073055e-02 6.24999925e-02
    1.89129077e-02 2.39603668e-02 -1.78366562e-03 2.21883412e-02
    6.95078373e-02 8.90815407e-02 -6.07364029e-02 -1.90000925e-02
    7.92445019e-02 1.81443326e-03 4.99564875e-03 8.51663388e-03
    2.33633048e-03 3.99282901e-03 1.55375974e-41 -3.65857668e-02
    -1.89999677e-02 8.63753036e-02 -1.08072360e-04 2.15623950e-04
    -6.58863690e-04 7.01240730e-04 -3.52192612e-04 4.32007422e-04
    -1.44386003e-02 -1.89999714e-02 9.01683494e-02 5.49122915e-02
    -1.36432180e-03 8.43528751e-03 9.87437833e-03 1.67785604e-02
    2.66293273e-03 -3.56087200e-02 -1.89999789e-02 6.46474510e-02
    1.38061671e-02 1.38061671e-02 4.00070287e-03 1.10984147e-02
    2.34270841e-03 2.34270841e-03 -4.56043482e-02 -7.01444596e-02
    6.25000447e-02 2.12855008e-03 2.41965964e-03 2.45305197e-03
    -6.55746646e-03 7.99237750e-03 -2.76585086e-03 -9.77459550e-03
    -1.90000013e-02 6.69593439e-02 -1.82539702e-03 1.82539702e-03
    -2.72178021e-03 4.64742398e-03 3.23380798e-01 3.73192161e-01
    1.25115840e-02 -1.89999845e-02 9.15026069e-02 1.09436303e-01
    3.78497541e-02 4.42410521e-02 -1.67125851e-01 3.19779754e-01
    -3.35077234e-02 -1.70772560e-02 -1.89999808e-02 6.91772103e-02
    1.30546689e-01 1.52873203e-01 -8.34468659e-03 1.85740199e-02
    6.34849491e-03 3.08817830e-02 -1.43864453e-02 -1.89999901e-02
    9.33013782e-02 1.88852772e-02 -2.38039787e-03 2.63460749e-03
    1.30929857e-01 1.33119673e-01 -6.52956292e-02 -4.42466047e-03
    -1.90000013e-02 6.43880665e-02 4.72069941e-02 4.72069941e-02
    3.25524032e-01 3.25524032e-01 -7.92824551e-02 9.91986841e-02
    -3.51667441e-02 -5.41473478e-02 6.25000224e-02 9.34805647e-02
    -1.47745863e-01 4.58728790e-01 -3.79330553e-02 3.79330553e-02
    -3.14409621e-02 -1.91173679e-03 -1.90000087e-02 6.76150024e-02
    1.71499257e-03 1.47437593e-02 -3.03871057e-04 4.31786245e-03
    6.07061083e-04 4.96874843e-03 -4.41730320e-02 -1.90000013e-02
    5.28370850e-02 2.71917302e-02 -4.97456756e-04 2.30708974e-03
    1.88181980e-03 3.63426632e-03 1.74315292e-02 -4.16881405e-02
    -6.50052279e-02 6.25000447e-02 -2.08095927e-02 2.96628866e-02
    3.06472997e-04 3.06472997e-04 -2.75323298e-02 2.75323298e-02
    -3.13268155e-02 -1.90000217e-02 6.17861040e-02 6.99528586e-03
    4.85484675e-03 7.13978196e-03 9.53000053e-05 1.82872533e-03
    4.24117781e-04 -4.07148711e-02 -1.90000068e-02 8.39043781e-02
    -1.89740429e-04 1.03927334e-03 1.62774830e-41 0. 7.39885589e-43 0.
    -2.69110501e-02 -1.89999864e-02 7.27157444e-02 2.65321182e-03
    -1.62281450e-02 1.62281450e-02 -4.31800399e-05 4.31800399e-05
    4.94982414e-05 1.43507700e-02 -1.89999826e-02 1.30659789e-01
    -1.66837741e-02 1.66837741e-02 -2.02710484e-03 2.02710484e-03
    8.87447502e-03 1.00795450e-02 -3.37558128e-02 -1.89999677e-02
    8.04956406e-02 8.84953607e-03 -7.65779521e-03 8.18628259e-03
    3.60778213e-04 6.65355590e-04 3.90549120e-03 2.64335657e-04
    -1.90000013e-02 7.88454488e-02 -5.05917531e-04 9.56289237e-04
    -4.87470912e-04 4.87470912e-04 2.33584642e-03 4.08546673e-03
    -4.21928540e-02 -1.90001186e-02 9.88024399e-02 1.29885029e-03
    3.93498927e-01 4.06821162e-01 2.25129887e-01 2.25578323e-01
    -1.00878753e-01 1.34963505e-02 -1.90000944e-02 1.89911574e-01
    -4.12515849e-02 1.33257329e-01 -1.12264030e-01 1.79255530e-01
    1.62598528e-02 5.70586435e-02 1.39145181e-02 -1.89999957e-02
    1.14880696e-01 2.76538618e-02 6.94127800e-03 1.16279423e-02
    -3.04879597e-03 9.79876053e-03 1.18412385e-02 7.53117818e-03
    -1.89999677e-02 1.47231221e-01 -3.86491971e-04 3.95970623e-04
    1.29919645e-04 4.66032157e-04 -4.61958989e-05 7.36266782e-04
    -3.49487290e-02 -1.90000106e-02 6.07575551e-02 2.43985668e-01
    1.38211166e-02 1.18718773e-01 4.96989582e-03 4.96989582e-03
    -2.43816595e-03 -3.90336961e-02 -1.90001000e-02 9.27634239e-02
    -2.43322342e-04 3.34860124e-02 -4.08558063e-02 1.11120373e-01
    -3.48856905e-03 2.97923163e-02 -3.11533809e-02 -1.90000180e-02
    9.82862338e-02 1.21486457e-02 1.10682088e-03 9.96146537e-03
    2.33439961e-03 2.35081883e-03 -1.89143411e-05 -1.27514815e-02
    -1.89999752e-02 7.32453912e-02 -1.15181892e-05 1.35078790e-05
    2.30243988e-03 5.22318669e-03 6.19448870e-02 6.35458082e-02
    5.44085167e-03 -1.89999640e-02 1.35673419e-01 1.00719545e-03
    -1.55668345e-03 1.11638168e-02 3.50493519e-03 6.44724956e-03
    -2.64506601e-02 7.16145150e-03 -1.89999714e-02 1.36168689e-01
