<?xml version="1.0"?>
<opencv_storage>
<keypoint3d003 type_id="opencv-matrix">
  <rows>5</rows>
  <cols>3</cols>
  <dt>"3f"</dt>
  <data>
    4.98505160e-02 -1.90000087e-02 -6.50615394e-02 1.87500000e+00 0. 0.
    0. 0. 0. 7.30000585e-02 -3.20714563e-02 -5.65414280e-02 0. 0. 0. 0.
    0. 0. 6.39896095e-02 -1.90000348e-02 -2.09620804e-01 4.06376555e-44
    0. 0. 7.97132107e-38 0. 1.40129846e-45 -2.93377861e-02
    -1.90000013e-02 -1.83386028e-01 9.45818080e-37 0. 9.45818080e-37 0.
    0. 0. -5.60392179e-02 -1.89999789e-02 -1.60647213e-01 0. 0. 0.
    9.10844002e-44 0. -2.16667804e-22</data></keypoint3d003>
</opencv_storage>
