<?xml version="1.0"?>
<opencv_storage>
<keypoint2d002 type_id="opencv-matrix">
  <rows>120</rows>
  <cols>1</cols>
  <dt>"2f"</dt>
  <data>
    3.78287415e+02 2.13373352e+02 3.77966095e+02 2.13217590e+02
    3.60485687e+02 2.11290604e+02 2.67402130e+02 2.30298843e+02
    3.53658600e+02 1.69073822e+02 3.48754700e+02 2.10226349e+02
    3.37229126e+02 2.07958298e+02 2.80295471e+02 2.37013153e+02
    3.31861694e+02 2.01186264e+02 2.69438049e+02 2.20484360e+02
    3.08649170e+02 2.29386597e+02 3.76607574e+02 1.91019226e+02
    3.82693939e+02 2.00169937e+02 3.81230133e+02 1.98155792e+02
    2.77528778e+02 2.20352173e+02 3.55423828e+02 2.04263718e+02
    2.78908630e+02 2.20599869e+02 3.77989471e+02 1.95072067e+02
    3.22948517e+02 2.04388641e+02 3.36981506e+02 2.32788605e+02
    3.00053741e+02 2.54451126e+02 3.82729828e+02 2.36824051e+02
    3.39920990e+02 2.33220627e+02 4.11158966e+02 2.37460388e+02
    2.85501862e+02 2.09087097e+02 3.19162079e+02 2.04134064e+02
    3.49951324e+02 2.03237762e+02 3.16835968e+02 2.33133011e+02
    2.93678406e+02 2.50570511e+02 3.51967926e+02 2.35058533e+02
    3.87175232e+02 2.06583084e+02 3.42519196e+02 2.30731049e+02
    3.50608002e+02 1.99014496e+02 3.58709778e+02 2.39471817e+02
    3.11968781e+02 2.47149048e+02 3.62720490e+02 2.35711609e+02
    3.03512024e+02 2.46873947e+02 3.00537598e+02 2.49564636e+02
    3.22086945e+02 2.37700027e+02 3.13164856e+02 2.06661285e+02
    3.29887817e+02 2.24172012e+02 3.98060608e+02 1.52795670e+02
    3.21991455e+02 2.12534149e+02 3.67847351e+02 2.21239120e+02
    3.13640411e+02 1.86299072e+02 4.10157349e+02 6.61443939e+01
    3.94043304e+02 1.74807266e+02 3.92013367e+02 1.27909081e+02
    3.17072968e+02 2.38348770e+02 3.16921448e+02 1.95073944e+02
    3.28599487e+02 1.89079300e+02 3.49106293e+02 2.26184021e+02
    3.86582642e+02 1.44028580e+02 3.89113708e+02 1.43646896e+02
    4.00459778e+02 1.54180496e+02 4.02165161e+02 1.19710983e+02
    4.09146149e+02 7.84651260e+01 4.09009125e+02 8.17686996e+01
    4.06502441e+02 1.14628075e+02 2.98143219e+02 2.39477203e+02
    3.20914764e+02 2.23008667e+02 4.04447510e+02 1.54651703e+02
    4.21622192e+02 7.31096420e+01 3.03460510e+02 2.39129166e+02
    4.05774048e+02 9.67195435e+01 3.96579987e+02 1.80239090e+02
    4.08702942e+02 1.25415955e+02 4.17573303e+02 1.41691330e+02
    3.73589813e+02 1.31556137e+02 3.94661407e+02 8.77652206e+01
    2.68375214e+02 2.01581711e+02 4.06103424e+02 9.96541748e+01
    3.84466736e+02 1.31830734e+02 3.82590973e+02 1.43547928e+02
    3.75390503e+02 2.27024155e+02 4.32000854e+02 2.35986206e+02
    3.97202545e+02 8.79546432e+01 3.71640656e+02 2.21576157e+02
    4.10872253e+02 8.33122482e+01 4.25743103e+02 8.46607132e+01
    4.04722168e+02 1.27015404e+02 4.09534088e+02 1.55873337e+02
    3.68001678e+02 2.24426056e+02 3.61713287e+02 2.20790176e+02
    3.22826660e+02 2.21897949e+02 4.03738190e+02 1.15857971e+02
    3.88577545e+02 1.28281693e+02 4.03879608e+02 1.14425621e+02
    3.06981598e+02 2.38234833e+02 4.13605408e+02 1.27678093e+02
    2.82927399e+02 1.98218964e+02 3.74882172e+02 2.39259354e+02
    4.21352448e+02 1.16874710e+02 3.88507202e+02 1.03803619e+02
    3.90813751e+02 8.81243210e+01 4.14647003e+02 8.55099640e+01
    3.53727539e+02 2.38156982e+02 2.97171631e+02 2.19911850e+02
    4.00496185e+02 1.81333038e+02 3.82691498e+02 1.68365005e+02
    3.55237701e+02 2.22415009e+02 2.88159607e+02 2.18384155e+02
    4.20790680e+02 2.00066177e+02 3.85926941e+02 1.65135849e+02
    4.08481720e+02 1.01919151e+02 3.86042847e+02 1.63343246e+02
    3.65496918e+02 2.29063751e+02 3.86006622e+02 1.67750488e+02
    3.55550751e+02 2.19211670e+02 4.27632111e+02 1.43310913e+02
    4.01003235e+02 6.77462769e+01 4.36169037e+02 2.36838028e+02
    3.64517700e+02 2.01014816e+02 3.81402924e+02 1.18990295e+02
    3.33697632e+02 2.21040329e+02 3.95091064e+02 1.08341057e+02
    3.31017334e+02 2.21027740e+02 3.03827332e+02 2.14417892e+02
    3.01565979e+02 2.12066025e+02 3.02647003e+02 2.12161728e+02</data></keypoint2d002>
</opencv_storage>
