<?xml version="1.0"?>
<opencv_storage>
<keypoint3d004 type_id="opencv-matrix">
  <rows>3</rows>
  <cols>3</cols>
  <dt>"3f"</dt>
  <data>
    8.09187070e-02 -1.89998578e-02 -1.02214105e-01 1.04694021e-38
    3.58166983e-39 9.91837091e-39 9.09185005e-39 3.58173429e-39
    3.67350673e-39 8.94938707e-02 -1.90001838e-02 -1.33903340e-01
    1.11121399e-38 5.05103777e-39 3.76532821e-39 1.15713174e-38
    5.51017461e-39 9.36728647e-39 4.63126302e-02 -1.89999044e-02
    -1.31405845e-01 1.01020601e-38 2.93889843e-39 1.01938788e-38
    1.01938914e-38 5.60212501e-39 1.04693012e-38</data></keypoint3d004>
</opencv_storage>
