<?xml version="1.0"?>
<opencv_storage>
<pose004 type_id="opencv-matrix">
  <rows>4</rows>
  <cols>4</cols>
  <dt>f</dt>
  <data>
    -9.99242246e-01 -3.74480970e-02 1.06096454e-02 -2.90525449e-03
    -8.12610332e-03 -6.58595115e-02 -9.97795820e-01 -5.16812503e-03
    3.80643010e-02 -9.97125924e-01 6.55053034e-02 1.94500074e-01 0. 0.
    0. 1.</data></pose004>
</opencv_storage>
