<?xml version="1.0"?>
<opencv_storage>
<pose002 type_id="opencv-matrix">
  <rows>4</rows>
  <cols>4</cols>
  <dt>f</dt>
  <data>
    9.87831652e-01 9.42277461e-02 1.23731896e-01 2.66322400e-02
    1.42011911e-01 -2.22110093e-01 -9.64624166e-01 5.81305213e-02
    -6.34122565e-02 9.70457733e-01 -2.32788831e-01 4.73934203e-01 0. 0.
    0. 1.</data></pose002>
</opencv_storage>
