<?xml version="1.0"?>
<opencv_storage>
<pose004 type_id="opencv-matrix">
  <rows>4</rows>
  <cols>4</cols>
  <dt>f</dt>
  <data>
    9.51759517e-01 2.85465628e-01 1.12530783e-01 4.22411822e-02
    1.88471332e-01 -2.54459381e-01 -9.48540330e-01 -9.62683335e-02
    -2.42141157e-01 9.23991263e-01 -2.95986235e-01 6.15812719e-01 0. 0.
    0. 1.</data></pose004>
</opencv_storage>
