<?xml version="1.0"?>
<opencv_storage>
<pose003 type_id="opencv-matrix">
  <rows>4</rows>
  <cols>4</cols>
  <dt>f</dt>
  <data>
    7.79618382e-01 6.25083745e-01 3.82816643e-02 -2.93507036e-02
    3.31262320e-01 -3.59737784e-01 -8.72269392e-01 -8.36858377e-02
    -5.31469941e-01 6.92718685e-01 -4.87524807e-01 4.88974482e-01 0. 0.
    0. 1.</data></pose003>
</opencv_storage>
