<?xml version="1.0"?>
<opencv_storage>
<pose002 type_id="opencv-matrix">
  <rows>4</rows>
  <cols>4</cols>
  <dt>f</dt>
  <data>
    8.60609233e-01 -5.08776307e-01 2.23255735e-02 -5.65176923e-03
    3.17871831e-02 9.91230831e-03 -9.99445498e-01 -5.35629690e-03
    5.08272886e-01 8.60841691e-01 2.47031897e-02 2.12996900e-01 0. 0. 0.
    1.</data></pose002>
</opencv_storage>
