<?xml version="1.0"?>
<opencv_storage>
<pose003 type_id="opencv-matrix">
  <rows>4</rows>
  <cols>4</cols>
  <dt>f</dt>
  <data>
    6.76970124e-01 7.34974086e-01 -3.90448868e-02 3.17191402e-03
    -6.35326877e-02 5.50266309e-03 -9.97964561e-01 -3.42802959e-03
    -7.33263254e-01 6.78072870e-01 5.04200161e-02 2.25918263e-01 0. 0.
    0. 1.</data></pose003>
</opencv_storage>
