<?xml version="1.0"?>
<opencv_storage>
<pose005 type_id="opencv-matrix">
  <rows>4</rows>
  <cols>4</cols>
  <dt>f</dt>
  <data>
    9.99852419e-01 -8.99385940e-03 1.46388840e-02 1.02517928e-03
    1.48417540e-02 2.29198094e-02 -9.99627113e-01 -7.29123224e-03
    8.65498558e-03 9.99696851e-01 2.30499115e-02 1.85097069e-01 0. 0. 0.
    1.</data></pose005>
</opencv_storage>
