<?xml version="1.0"?>
<opencv_storage>
<pose001 type_id="opencv-matrix">
  <rows>4</rows>
  <cols>4</cols>
  <dt>f</dt>
  <data>
    9.95628595e-01 9.31019485e-02 7.46683031e-03 1.35218017e-02
    2.17047147e-02 -1.52870581e-01 -9.88007903e-01 1.53289828e-02
    -9.08439681e-02 9.83850956e-01 -1.54223084e-01 4.60518092e-01 0. 0.
    0. 1.</data></pose001>
</opencv_storage>
