<?xml version="1.0"?>
<opencv_storage>
<crayola_box_obj type_id="opencv-matrix">
  <rows>49</rows>
  <cols>3</cols>
  <dt>f</dt>
  <data>
    12. 6. 6. 7.40000010e-02 -6.25000000e-02 -1.79999992e-02
    7.40000010e-02 -6.25000000e-02 -1.79999992e-02 7.40000010e-02
    -6.25000000e-02 -1.79999992e-02 7.40000010e-02 6.25000000e-02
    -1.79999992e-02 7.40000010e-02 6.25000000e-02 -1.79999992e-02
    7.40000010e-02 6.25000000e-02 1.79999992e-02 7.40000010e-02
    6.25000000e-02 1.79999992e-02 7.40000010e-02 -6.25000000e-02
    1.79999992e-02 -7.40000010e-02 -6.25000000e-02 -1.79999992e-02
    -7.40000010e-02 -6.25000000e-02 -1.79999992e-02 -7.40000010e-02
    6.25000000e-02 -1.79999992e-02 -7.40000010e-02 -6.25000000e-02
    1.79999992e-02 7.40000010e-02 6.25000000e-02 -1.79999992e-02
    7.40000010e-02 -6.25000000e-02 1.79999992e-02 -7.40000010e-02
    -6.25000000e-02 -1.79999992e-02 7.40000010e-02 6.25000000e-02
    1.79999992e-02 -7.40000010e-02 6.25000000e-02 -1.79999992e-02
    7.40000010e-02 -6.25000000e-02 1.79999992e-02 -7.40000010e-02
    6.25000000e-02 1.79999992e-02 -7.40000010e-02 -6.25000000e-02
    1.79999992e-02 -7.40000010e-02 6.25000000e-02 -1.79999992e-02
    -7.40000010e-02 -6.25000000e-02 1.79999992e-02 -7.40000010e-02
    6.25000000e-02 1.79999992e-02 -7.40000010e-02 6.25000000e-02
    1.79999992e-02 7.40000010e-02 6.25000000e-02 1.79999992e-02
    -7.40000010e-02 -6.25000000e-02 1.79999992e-02 -7.40000010e-02
    -6.25000000e-02 -1.79999992e-02 -7.40000010e-02 6.25000000e-02
    -1.79999992e-02 -7.40000010e-02 6.25000000e-02 1.79999992e-02
    -7.40000010e-02 -6.25000000e-02 1.79999992e-02 7.40000010e-02
    -6.25000000e-02 -1.79999992e-02 7.40000010e-02 -6.25000000e-02
    -1.79999992e-02 7.40000010e-02 6.25000000e-02 -1.79999992e-02
    7.40000010e-02 6.25000000e-02 1.79999992e-02 7.40000010e-02
    -6.25000000e-02 1.79999992e-02 -7.40000010e-02 6.25000000e-02
    -1.79999992e-02 7.40000010e-02 6.25000000e-02 -1.79999992e-02
    7.40000010e-02 -6.25000000e-02 1.79999992e-02 7.40000010e-02
    -6.25000000e-02 -1.79999992e-02 7.40000010e-02 6.25000000e-02
    -1.79999992e-02 7.40000010e-02 6.25000000e-02 1.79999992e-02
    -7.40000010e-02 -6.25000000e-02 -1.79999992e-02 7.40000010e-02
    -6.25000000e-02 1.79999992e-02 -7.40000010e-02 -6.25000000e-02
    -1.79999992e-02 -7.40000010e-02 6.25000000e-02 -1.79999992e-02
    -7.40000010e-02 6.25000000e-02 1.79999992e-02 -7.40000010e-02
    -6.25000000e-02 1.79999992e-02 -7.40000010e-02 6.25000000e-02
    1.79999992e-02</data></crayola_box_obj>
</opencv_storage>
