<?xml version="1.0"?>
<opencv_storage>
<keypoint2d002 type_id="opencv-matrix">
  <rows>812</rows>
  <cols>1</cols>
  <dt>"2f"</dt>
  <data>
    3.21783295e+02 3.24656433e+02 3.92366425e+02 2.36279907e+02
    3.81686829e+02 1.39370483e+02 3.86255798e+02 2.54731018e+02
    3.74563629e+02 3.56817108e+02 3.64844940e+02 1.63179703e+02
    4.04986664e+02 2.23450958e+02 4.00440094e+02 1.39684219e+02
    3.51685120e+02 3.15930023e+02 4.04043213e+02 2.42993256e+02
    3.15802307e+02 3.35835785e+02 3.35248413e+02 8.95317078e+01
    4.06644958e+02 2.74577271e+02 3.71417053e+02 2.97619080e+02
    3.53357697e+02 1.57518021e+02 3.12046082e+02 3.44083557e+02
    3.90325714e+02 1.41184372e+02 3.89784576e+02 2.59597290e+02
    3.25923126e+02 2.43052216e+02 3.70593750e+02 1.22939781e+02
    3.66258392e+02 2.72479156e+02 3.48472931e+02 1.13835098e+02
    3.17343353e+02 3.33398132e+02 3.94919159e+02 2.44250168e+02
    4.37302063e+02 1.35823410e+02 3.50363373e+02 9.57899399e+01
    3.95712189e+02 2.86613098e+02 4.43029572e+02 1.30923965e+02
    3.54752625e+02 1.05330200e+02 4.20437683e+02 1.49888916e+02
    4.36062012e+02 2.84339386e+02 3.68744995e+02 1.21385353e+02
    3.97694702e+02 2.75542023e+02 3.69253510e+02 2.85359650e+02
    4.21931427e+02 3.03473358e+02 3.86354065e+02 3.47407471e+02
    3.12423065e+02 3.11391663e+02 3.87472229e+02 3.47770752e+02
    4.10858673e+02 2.58192657e+02 4.12327820e+02 1.51050827e+02
    3.70470093e+02 3.10846802e+02 3.03536377e+02 2.82898651e+02
    4.03827057e+02 1.47016815e+02 3.73297668e+02 1.34246887e+02
    3.32884857e+02 8.29899445e+01 4.08427612e+02 3.09939056e+02
    3.67690369e+02 2.62167908e+02 3.93816498e+02 2.98025909e+02
    2.68169525e+02 4.07684265e+02 3.86402313e+02 3.60165527e+02
    3.81851501e+02 2.38335327e+02 3.60800903e+02 2.06223114e+02
    3.65202301e+02 2.92337799e+02 1.93250931e+02 3.88476562e+02
    3.64690277e+02 3.24122009e+02 3.80493439e+02 2.98348846e+02
    3.60492340e+02 1.56149841e+02 3.66552734e+02 1.11614967e+02
    4.17553070e+02 1.33498367e+02 3.74531494e+02 2.37612808e+02
    3.02278198e+02 4.04059265e+02 4.01250702e+02 3.03344269e+02
    3.80272186e+02 2.80769806e+02 3.82017090e+02 3.27497345e+02
    3.97460510e+02 1.20546227e+02 3.09974243e+02 2.89622925e+02
    4.27237366e+02 2.53627457e+02 4.31800293e+02 2.03732346e+02
    3.98901611e+02 1.71997589e+02 4.20543488e+02 1.68423264e+02
    3.52645966e+02 2.94831146e+02 3.81962799e+02 3.12347443e+02
    3.85204712e+02 2.38957138e+02 3.71336029e+02 1.62105682e+02
    3.65836761e+02 1.02314484e+02 3.78634521e+02 2.73355896e+02
    4.12612579e+02 3.06834473e+02 4.12813446e+02 2.67802032e+02
    3.64506256e+02 1.02867470e+02 3.35053162e+02 2.83388763e+02
    3.81660095e+02 1.47252487e+02 3.37421234e+02 1.09881935e+02
    3.91877106e+02 3.18957642e+02 3.77560028e+02 2.91731964e+02
    3.81407257e+02 1.65978638e+02 4.13883179e+02 2.46337738e+02
    3.62919983e+02 3.28509277e+02 4.44927368e+02 2.89323853e+02
    2.61026886e+02 4.16697205e+02 4.26739532e+02 2.59057465e+02
    3.54960815e+02 1.20236649e+02 3.62976288e+02 2.79763855e+02
    4.13784485e+02 1.84373505e+02 3.61877869e+02 2.16779434e+02
    4.10038696e+02 1.74603546e+02 3.41862762e+02 1.16308739e+02
    3.61819366e+02 3.04829346e+02 3.28342560e+02 3.50931000e+02
    3.86494293e+02 3.37033844e+02 4.25107452e+02 2.12271332e+02
    4.27792603e+02 3.14082153e+02 3.78118500e+02 2.17482544e+02
    4.07944641e+02 1.74511093e+02 3.26993042e+02 2.88470825e+02
    3.05027588e+02 3.02370941e+02 3.60675629e+02 3.52839661e+02
    3.79282135e+02 2.03525009e+02 3.50731598e+02 3.73087402e+02
    2.17009857e+02 1.04892326e+02 3.87353180e+02 2.74499664e+02
    3.36184814e+02 1.18323097e+02 3.75361176e+02 3.43315063e+02
    3.97197876e+02 2.74040802e+02 3.90824524e+02 1.57030838e+02
    3.61115723e+02 9.41363907e+01 3.40658020e+02 9.96684875e+01
    4.15795746e+02 2.25851135e+02 3.81137238e+02 1.85078384e+02
    2.92240479e+02 4.03499542e+02 3.34159210e+02 1.09424149e+02
    3.69697601e+02 2.00438660e+02 3.33794037e+02 2.97226257e+02
    3.51678619e+02 3.33533325e+02 3.68364014e+02 2.01026657e+02
    3.10168488e+02 9.91157074e+01 3.70915375e+02 1.81399826e+02
    3.47908539e+02 3.71982605e+02 3.90134460e+02 1.53251144e+02
    3.92609985e+02 3.40011505e+02 3.55074768e+02 1.21050941e+02
    3.47540375e+02 8.25484695e+01 4.14522430e+02 1.25810539e+02
    4.14595367e+02 2.29688995e+02 3.86548035e+02 2.37426331e+02
    3.98898743e+02 1.70651047e+02 4.08713257e+02 1.84638458e+02
    3.84241547e+02 2.67573242e+02 4.23430389e+02 2.32921814e+02
    2.16867462e+02 7.08351746e+01 2.99835205e+02 2.40839752e+02
    3.70276062e+02 3.75670715e+02 3.86561188e+02 2.12012619e+02
    3.71568512e+02 3.65520447e+02 3.17127167e+02 1.00674461e+02
    3.72466644e+02 1.98523590e+02 3.98878418e+02 3.45645538e+02
    3.59055542e+02 1.96786911e+02 2.16447861e+02 8.92230301e+01
    2.17052200e+02 1.11284828e+02 4.08280182e+02 1.48335724e+02
    3.76885498e+02 2.37060150e+02 3.68815430e+02 3.80011444e+02
    2.44559830e+02 4.16189880e+02 4.02711395e+02 2.83152100e+02
    4.00592957e+02 2.24493271e+02 3.90136475e+02 3.10496338e+02
    3.66710419e+02 1.39777542e+02 2.99441010e+02 2.82509949e+02
    3.73543610e+02 2.67491791e+02 3.03825684e+02 3.07643097e+02
    3.42003448e+02 2.94154938e+02 3.92455719e+02 3.70876892e+02
    1.82931229e+02 1.71488693e+02 3.89409729e+02 2.04582367e+02
    3.69123688e+02 2.48157257e+02 3.71059784e+02 2.71785156e+02
    3.85272644e+02 1.07725914e+02 3.65074341e+02 3.75745575e+02
    2.52542679e+02 4.22204651e+02 3.42538361e+02 3.07134674e+02
    4.01529816e+02 2.82520325e+02 3.72869995e+02 2.18774002e+02
    3.84692474e+02 1.20008232e+02 3.41994720e+02 1.24515961e+02
    4.13315521e+02 3.45668182e+02 2.94272003e+02 2.34804565e+02
    3.42867462e+02 3.31389526e+02 3.48396973e+02 1.32751724e+02
    3.33353638e+02 3.06607849e+02 3.98817291e+02 1.83369690e+02
    3.96446716e+02 3.07494415e+02 4.01932343e+02 3.15564484e+02
    3.74237274e+02 3.66520203e+02 3.90412842e+02 1.81285431e+02
    2.17468567e+02 1.23682510e+02 3.55423950e+02 1.31104340e+02
    4.26748322e+02 1.44856812e+02 3.89517975e+02 1.24459732e+02
    3.48408936e+02 1.49182526e+02 4.00908386e+02 2.94096710e+02
    3.40861816e+02 1.51633255e+02 3.55206177e+02 1.68999451e+02
    3.25350647e+02 3.40889221e+02 3.59352936e+02 1.76292282e+02
    3.91306702e+02 2.37777863e+02 3.27009521e+02 1.24877022e+02
    3.29067108e+02 3.42753967e+02 2.45850525e+02 1.16872368e+02
    4.02832825e+02 1.70493088e+02 2.56142731e+02 1.31664200e+02
    3.40430328e+02 1.49469009e+02 3.42716309e+02 1.38782242e+02
    3.96459381e+02 2.14124649e+02 3.63918854e+02 2.32214905e+02
    3.47884888e+02 8.11312637e+01 3.18828674e+02 2.81134888e+02
    3.26905579e+02 1.19204124e+02 3.50845184e+02 3.87927277e+02
    1.81528519e+02 1.89552902e+02 3.35315796e+02 1.39645279e+02
    4.03837494e+02 2.98843170e+02 3.97229645e+02 3.58040985e+02
    3.40208893e+02 1.38513794e+02 3.80200226e+02 1.91656662e+02
    3.96767456e+02 2.24828506e+02 3.46834869e+02 2.90363251e+02
    3.26464142e+02 1.22038696e+02 3.75207947e+02 1.55631104e+02
    3.19828125e+02 1.05049988e+02 2.17387741e+02 1.32718903e+02
    3.80971466e+02 2.21214111e+02 2.21399200e+02 1.91511795e+02
    2.26852661e+02 1.24045059e+02 4.40110107e+02 1.78682922e+02
    2.56929108e+02 1.72196732e+02 4.29174774e+02 3.00285553e+02
    3.42077271e+02 3.97474091e+02 2.45332748e+02 1.08117630e+02
    2.29439865e+02 2.09188965e+02 1.86758301e+02 1.44338028e+02
    3.53664368e+02 2.23403381e+02 4.03099976e+02 1.14782715e+02
    3.12896423e+02 7.47883148e+01 4.08331665e+02 1.93572876e+02
    3.65485443e+02 2.17757401e+02 3.72678406e+02 1.07348480e+02
    1.88948532e+02 1.37831131e+02 3.69731873e+02 3.45483551e+02
    3.57419434e+02 3.01307343e+02 3.60144104e+02 2.24725754e+02
    3.12239563e+02 2.72201599e+02 2.45187881e+02 1.06544304e+02
    3.52473755e+02 2.79080414e+02 4.19022308e+02 2.78526886e+02
