<?xml version="1.0"?>
<opencv_storage>
<keypoint2d004 type_id="opencv-matrix">
  <rows>930</rows>
  <cols>1</cols>
  <dt>"2f"</dt>
  <data>
    2.74209320e+02 3.51419891e+02 2.73841888e+02 3.51497223e+02
    3.38407013e+02 3.41535217e+02 3.21645386e+02 3.40835144e+02
    3.46204071e+02 3.51696228e+02 3.65508179e+02 3.52314240e+02
    3.74136292e+02 3.48170868e+02 3.95214539e+02 3.52919403e+02
    3.00737549e+02 3.44380646e+02 2.60152588e+02 3.47965057e+02
    3.58140472e+02 3.42208923e+02 2.96045135e+02 1.47131363e+02
    3.11938110e+02 3.36472351e+02 3.93829468e+02 3.46071747e+02
    4.14895081e+02 1.52362885e+02 2.86366211e+02 3.51747406e+02
    2.44965256e+02 3.50381805e+02 4.03056458e+02 1.52327927e+02
    2.88463257e+02 3.37416107e+02 3.30044586e+02 3.35160339e+02
    2.20756790e+02 1.51718887e+02 3.53389374e+02 1.45145035e+02
    2.77757019e+02 1.45741592e+02 2.76607330e+02 2.54926422e+02
    3.48803619e+02 3.36628693e+02 3.75583862e+02 2.52885010e+02
    3.73428680e+02 1.47218918e+02 2.26016327e+02 1.54139648e+02
    3.59399811e+02 1.40578888e+02 2.85114166e+02 3.50591309e+02
    2.51490372e+02 3.43548401e+02 3.42196808e+02 1.41366760e+02
    4.10588104e+02 1.52762650e+02 3.42464233e+02 1.42951065e+02
    2.35282349e+02 1.55144241e+02 3.24780396e+02 1.41928833e+02
    4.07784760e+02 3.49676147e+02 3.63905823e+02 1.46799805e+02
    3.70676178e+02 1.40486389e+02 4.49710175e+02 2.49373657e+02
    2.55964645e+02 3.14210815e+02 2.67957977e+02 1.47969055e+02
    3.75569427e+02 2.52874466e+02 2.82284058e+02 3.15412506e+02
    3.30851776e+02 1.44347610e+02 2.62373962e+02 3.00116333e+02
    3.92335449e+02 1.39969437e+02 3.92995575e+02 1.51568390e+02
    2.51444885e+02 3.43256317e+02 3.55806030e+02 3.11153076e+02
    2.44487732e+02 1.48632492e+02 3.42227600e+02 1.45601532e+02
    3.67991364e+02 1.52159607e+02 2.57002380e+02 1.48235077e+02
    3.86427399e+02 1.67513931e+02 4.91462219e+02 1.53021927e+02
    3.03964600e+02 3.12058014e+02 2.44657043e+02 1.47429672e+02
    3.68973816e+02 2.98120605e+02 2.86122223e+02 1.52244812e+02
    3.83739258e+02 1.46149780e+02 3.86329956e+02 1.55145050e+02
    3.82850250e+02 3.08230835e+02 3.20783142e+02 1.39030624e+02
    3.50001953e+02 1.37292542e+02 3.09976532e+02 1.46572861e+02
    3.09463348e+02 3.15102295e+02 3.10695892e+02 2.64291565e+02
    2.89206482e+02 3.00754578e+02 3.30738007e+02 3.11505920e+02
    3.15745270e+02 3.01617065e+02 3.36147125e+02 1.37822800e+02
    2.48083984e+02 3.05654175e+02 3.18615417e+02 3.21690643e+02
    2.74967377e+02 3.07509460e+02 3.42481506e+02 3.01063904e+02
    2.70983856e+02 1.41553467e+02 2.34702454e+02 2.65751282e+02
    2.92500153e+02 3.21854919e+02 3.96275574e+02 1.56797882e+02
    2.97703400e+02 2.65471924e+02 4.94727966e+02 1.63742081e+02
    3.81071899e+02 1.39032852e+02 3.66017090e+02 3.18911774e+02
    3.36195221e+02 1.49680679e+02 2.31320312e+02 2.64298950e+02
    2.10986816e+02 2.67140259e+02 3.35573853e+02 3.14583435e+02
    2.19738770e+02 3.03655701e+02 2.73697784e+02 1.53027206e+02
    2.49939850e+02 1.70788620e+02 3.96524475e+02 2.94947906e+02
    2.43646072e+02 1.58205704e+02 2.34744614e+02 2.98194763e+02
    1.98902695e+02 2.50836609e+02 2.94196899e+02 2.64141296e+02
    4.26290588e+02 2.64726990e+02 3.69813690e+02 3.36352966e+02
    2.41285049e+02 2.55805481e+02 4.18023865e+02 3.45604462e+02
    4.12340607e+02 2.60481537e+02 4.10386536e+02 3.04991913e+02
    3.43166321e+02 3.21935211e+02 3.13525055e+02 2.76773895e+02
    2.18798996e+02 2.71493835e+02 4.76092346e+02 1.44622177e+02
    2.45971588e+02 2.57981598e+02 3.11869720e+02 1.56480270e+02
    4.64185089e+02 2.79268768e+02 3.11176880e+02 2.77364227e+02
    2.07213287e+02 2.35088425e+02 2.66792267e+02 3.20574493e+02
    4.07940430e+02 2.62535248e+02 3.69894287e+02 3.18896729e+02
    3.83957916e+02 3.49045258e+02 2.51132477e+02 1.43953873e+02
    4.03730164e+02 1.42960907e+02 4.02078003e+02 3.42235809e+02
    4.26403595e+02 2.65340210e+02 4.16759735e+02 2.61855835e+02
    3.40696716e+02 3.20386536e+02 3.48450836e+02 1.50860764e+02
    4.67051941e+02 2.58791260e+02 3.47301514e+02 2.68172516e+02
    2.47232635e+02 2.45175934e+02 4.64049133e+02 2.56757721e+02
    2.25227844e+02 2.67855347e+02 2.88338409e+02 3.21073914e+02
    3.10404022e+02 1.61949478e+02 1.48938110e+02 2.70187958e+02
    2.49205765e+02 1.66172562e+02 3.93114807e+02 3.15058167e+02
    2.85325500e+02 1.39138458e+02 4.38277924e+02 2.98228699e+02
    1.86336914e+02 2.47229263e+02 2.01308594e+02 2.50341492e+02
    1.22078415e+02 1.49002472e+02 2.79085083e+02 1.64005722e+02
    3.73941376e+02 1.33925827e+02 2.75950317e+02 2.86580566e+02
    4.80741669e+02 1.54348495e+02 2.10928299e+02 1.52607773e+02
    4.72040985e+02 2.35746964e+02 1.52336945e+02 2.69123322e+02
    4.03474731e+02 3.02918488e+02 2.29799591e+02 2.55581558e+02
    2.05402451e+02 2.96624115e+02 3.53560516e+02 2.86808105e+02
    1.16129265e+02 1.62038605e+02 3.58430237e+02 2.58161041e+02
    3.34272919e+02 1.61280792e+02 2.56206207e+02 1.56637802e+02
    3.02152069e+02 2.48432053e+02 3.62074738e+02 2.54806091e+02
    3.28634430e+02 2.40320343e+02 3.94296692e+02 1.33768753e+02
    3.01191406e+02 2.76409546e+02 1.49436203e+02 1.65606583e+02
    3.19098633e+02 2.76987793e+02 1.72601959e+02 2.46603729e+02
    2.17913040e+02 2.34849411e+02 1.16600540e+02 1.53947174e+02
    3.98470001e+02 2.67544952e+02 3.46351379e+02 2.41327911e+02
    1.88454941e+02 1.63828995e+02 2.62117004e+02 3.19339935e+02
    2.13318924e+02 2.55008911e+02 1.52529129e+02 1.62123718e+02
    4.27595367e+02 3.51982727e+02 4.24318420e+02 2.91719360e+02
    4.50097351e+02 2.88459900e+02 3.25750031e+02 2.54905380e+02
    3.75713379e+02 3.05506226e+02 4.39019897e+02 1.34919205e+02
    2.80217041e+02 1.59745895e+02 3.90247284e+02 2.50571365e+02
    4.40140656e+02 1.57346786e+02 2.32892303e+02 1.70776093e+02
    3.41557037e+02 2.43311401e+02 3.33899170e+02 1.57603760e+02
    4.41015442e+02 1.67786179e+02 2.96146423e+02 2.42966110e+02
    4.83951447e+02 1.28490677e+02 2.77543457e+02 2.67226532e+02
    2.64572876e+02 2.54205521e+02 2.86212250e+02 2.72824890e+02
    2.35766922e+02 1.66044266e+02 3.54846161e+02 2.58620575e+02
    4.23710144e+02 2.25789932e+02 3.07771698e+02 2.42130615e+02
    2.41695328e+02 1.36127502e+02 2.18763046e+02 2.43867996e+02
    3.59238159e+02 1.33219849e+02 3.54428528e+02 2.38608276e+02
    2.29009735e+02 2.55144791e+02 3.30010437e+02 2.87227295e+02
    4.05948364e+02 1.35111145e+02 3.02791138e+02 2.89483856e+02
    2.34321289e+02 1.68280640e+02 2.47504776e+02 1.54727158e+02
    4.55599487e+02 2.66770660e+02 3.28810089e+02 2.43473267e+02
    2.33783218e+02 2.37530289e+02 4.33216217e+02 2.59324341e+02
    3.74945526e+02 1.58193497e+02 1.85023987e+02 2.82354034e+02
    4.74166779e+02 2.51048996e+02 2.20687531e+02 2.44221588e+02
    2.17882751e+02 2.80621429e+02 3.83396851e+02 2.84090668e+02
    4.93822266e+02 2.64377777e+02 3.05447693e+02 1.49581055e+02
    4.04567932e+02 1.67139328e+02 4.00148224e+02 2.34280792e+02
    2.46410965e+02 2.49737473e+02 2.78597351e+02 2.55759140e+02
    4.67427704e+02 1.39039322e+02 2.61495575e+02 2.59241211e+02
    4.63540253e+02 2.40577179e+02 1.60583527e+02 1.65836609e+02
    2.17858887e+02 2.84842804e+02 2.95713715e+02 1.37705444e+02
    4.92660034e+02 1.39493393e+02 4.30457764e+02 2.74212708e+02
    4.46534912e+02 2.61301086e+02 2.01954422e+02 2.78995819e+02
    4.48281982e+02 2.71100250e+02 2.91420441e+02 2.45817123e+02
    3.19252716e+02 2.42152039e+02 3.22466736e+02 1.53977859e+02
    1.71247192e+02 2.72367157e+02 3.01625549e+02 2.37687286e+02
    3.84042267e+02 2.80475891e+02 4.33250793e+02 2.77057617e+02
    3.15798157e+02 2.88094299e+02 2.58173767e+02 2.55058792e+02
    4.24789978e+02 1.52492050e+02 2.72886871e+02 3.40139984e+02
    2.77248322e+02 3.40827393e+02 4.28308777e+02 2.99703979e+02
    4.06123260e+02 3.43945709e+02 4.54477631e+02 2.50283951e+02
    2.27215820e+02 1.37946106e+02 3.57910767e+02 2.93989868e+02
