<?xml version="1.0"?>
<opencv_storage>
<keypoint2d001 type_id="opencv-matrix">
  <rows>1371</rows>
  <cols>1</cols>
  <dt>"2f"</dt>
  <data>
    2.80548676e+02 2.01061523e+02 2.46668701e+02 2.17482086e+02
    2.41199265e+02 2.03069321e+02 3.12654938e+02 3.62281921e+02
    3.08169434e+02 2.13861389e+02 3.30233368e+02 1.83973526e+02
    3.76857544e+02 7.46025620e+01 3.42519867e+02 3.94709564e+02
    4.06432861e+02 2.32408508e+02 3.47466614e+02 1.85816574e+02
    3.55056763e+02 2.06976852e+02 2.57609283e+02 3.15487518e+02
    3.72413513e+02 3.13217224e+02 3.08701385e+02 1.86322479e+02
    3.74678833e+02 2.09953842e+02 2.58793396e+02 2.04555145e+02
    1.94124802e+02 3.24438934e+02 2.85991791e+02 3.97242462e+02
    3.40600525e+02 3.57656891e+02 1.71537903e+02 2.86428284e+02
    2.28670853e+02 2.01090561e+02 3.68995361e+02 4.01611511e+02
    4.37685791e+02 7.79487381e+01 2.40124512e+02 2.28512207e+02
    2.60693878e+02 2.89173737e+02 2.30107162e+02 2.01824783e+02
    2.31069061e+02 2.76171112e+02 3.67739227e+02 1.89408691e+02
    2.87596741e+02 2.64448639e+02 2.92316742e+02 2.80828766e+02
    3.11937561e+02 2.81615906e+02 2.68994812e+02 1.41920227e+02
    3.15802856e+02 3.40908569e+02 3.27204132e+02 2.11879410e+02
    3.47200165e+02 1.86893585e+02 3.45291443e+02 3.40456268e+02
    3.76839111e+02 2.19564545e+02 3.44724670e+02 3.62923920e+02
    3.11443054e+02 3.46497681e+02 2.93884705e+02 1.44486069e+02
    3.43335052e+02 3.70912476e+02 2.13278030e+02 3.28350098e+02
    3.99595581e+02 2.65617401e+02 4.02553711e+02 2.64337891e+02
    3.04545776e+02 1.82955124e+02 4.53342926e+02 9.12863998e+01
    3.30587494e+02 3.72869568e+02 3.89007141e+02 2.69752228e+02
    2.58396301e+02 2.20970459e+02 2.42413239e+02 2.69285797e+02
    2.40527451e+02 2.27736862e+02 3.19536652e+02 1.45973938e+02
    3.23564606e+02 2.65027649e+02 3.74776337e+02 2.67540192e+02
    3.49013153e+02 2.43992279e+02 2.49024277e+02 1.95811172e+02
    2.96109344e+02 1.79511017e+02 3.35096619e+02 3.46359222e+02
    2.57533600e+02 1.87356216e+02 3.73130371e+02 2.67367767e+02
    4.05578400e+02 2.10311661e+02 4.08693176e+02 8.70530090e+01
    3.67974457e+02 2.81769226e+02 3.30514618e+02 3.77057220e+02
    2.07891449e+02 2.27538864e+02 1.88202744e+02 3.34586273e+02
    1.86128922e+02 3.36943420e+02 3.20500458e+02 1.78700790e+02
    2.96428558e+02 2.36175476e+02 2.59510010e+02 2.56558716e+02
    2.94615967e+02 7.00572739e+01 3.48529358e+02 3.60946594e+02
    4.17361938e+02 2.06095001e+02 3.24667816e+02 3.47145721e+02
    2.49029465e+02 3.23868134e+02 3.62549866e+02 2.96837006e+02
    2.99328094e+02 2.36225555e+02 2.68449982e+02 2.31401413e+02
    2.95737335e+02 2.96788910e+02 3.55034088e+02 3.49918060e+02
    3.27459869e+02 2.97502899e+02 4.50033539e+02 8.84645920e+01
    4.20665802e+02 9.31174850e+01 3.35579803e+02 2.66802521e+02
    2.66251404e+02 2.20516037e+02 1.81569672e+02 3.12979218e+02
    3.03051025e+02 2.94076630e+02 3.12701660e+02 3.87607300e+02
    3.64996826e+02 2.36149582e+02 3.08793060e+02 2.89575043e+02
    2.59485138e+02 2.56009491e+02 1.65902573e+02 2.80345398e+02
    3.17673828e+02 2.75335144e+02 4.13071289e+02 1.41429184e+02
    3.22581055e+02 2.81532043e+02 2.44798752e+02 2.15855042e+02
    3.97950714e+02 2.32857742e+02 2.80814819e+02 2.18947876e+02
    1.79864243e+02 3.02061066e+02 3.37673401e+02 2.21620102e+02
    2.60334961e+02 1.31420425e+02 3.17206665e+02 2.20646484e+02
    3.75580811e+02 1.28216537e+02 2.99577240e+02 2.20850510e+02
    2.81379517e+02 2.18512924e+02 2.53833405e+02 8.00821762e+01
    3.87972900e+02 1.38718140e+02 3.11209229e+02 8.30020599e+01
    3.30435608e+02 2.81993408e+02 2.73372711e+02 2.35515884e+02
    3.53448578e+02 9.16397247e+01 3.79689148e+02 3.00241730e+02
    3.08075562e+02 2.72849792e+02 3.17393219e+02 2.87498657e+02
    2.36039459e+02 1.27317421e+02 3.58029083e+02 3.96361542e+02
    2.49572327e+02 2.08069122e+02 3.08292908e+02 8.16525497e+01
    4.20775452e+02 9.35892258e+01 4.03038879e+02 2.00933929e+02
    3.62815308e+02 1.39981766e+02 3.53527618e+02 2.48145676e+02
    3.33555359e+02 3.60157532e+02 1.66496460e+02 2.78886169e+02
    2.96032684e+02 3.97664154e+02 2.48787277e+02 2.88199524e+02
    3.12649353e+02 3.72904510e+02 3.83378265e+02 1.38364975e+02
    1.89182098e+02 2.31684738e+02 1.78901886e+02 3.46342743e+02
    3.27231201e+02 3.37098083e+02 2.47283813e+02 2.86742737e+02
    2.58342743e+02 2.46044220e+02 3.96186066e+02 9.37344894e+01
    3.20875549e+02 1.82906479e+02 2.80463501e+02 1.84260101e+02
    3.34594543e+02 3.69785339e+02 3.24633392e+02 9.73435745e+01
    2.77341187e+02 1.23826080e+02 3.23269928e+02 8.31614304e+01
    3.14580444e+02 2.67361053e+02 3.14446533e+02 1.42401962e+02
    2.58534729e+02 2.44324768e+02 3.12136353e+02 3.72676666e+02
    3.13277618e+02 3.93764160e+02 2.65989471e+02 1.98165894e+02
    1.41393524e+02 1.14380898e+02 4.09214417e+02 2.44821762e+02
    3.87284943e+02 2.17391922e+02 3.55574768e+02 2.18307114e+02
    2.73861206e+02 3.18651215e+02 4.00878510e+02 1.27612595e+02
    3.10852112e+02 1.37173080e+02 2.96089874e+02 3.91822083e+02
    2.99397797e+02 2.16173660e+02 4.37479248e+02 1.35955765e+02
    3.40023987e+02 2.73096069e+02 4.54665405e+02 1.11752716e+02
    3.44442078e+02 1.47067398e+02 3.39901550e+02 1.77555130e+02
    3.03524017e+02 3.69422455e+02 2.82193481e+02 3.31558777e+02
    3.22674683e+02 3.95602661e+02 3.51472137e+02 1.29934998e+02
    2.57967163e+02 2.66731293e+02 2.14190796e+02 2.20761093e+02
    4.56810760e+02 3.08754883e+02 3.59038391e+02 1.80808258e+02
    3.02322083e+02 3.67730438e+02 3.27026978e+02 1.28157364e+02
    3.84458588e+02 2.01781494e+02 3.23566132e+02 8.35515137e+01
    3.32391235e+02 2.57818481e+02 3.28853607e+02 2.73345581e+02
    2.62961609e+02 1.36772247e+02 3.03385254e+02 3.67559052e+02
    3.56968445e+02 2.18034760e+02 4.29415680e+02 2.04086380e+02
    2.34705811e+02 2.58322845e+02 2.51416092e+02 1.20526466e+02
    4.36455750e+02 1.34016068e+02 2.92901367e+02 3.87402130e+02
    2.80272125e+02 3.22195587e+02 2.34628494e+02 8.29379807e+01
    3.03013824e+02 1.26215340e+02 2.36979294e+02 2.13409302e+02
    3.39255829e+02 1.42835754e+02 2.57430389e+02 3.84608978e+02
    4.35690155e+02 3.02916595e+02 2.09301666e+02 2.84444672e+02
    3.74635376e+02 2.69119751e+02 4.05643707e+02 2.23813873e+02
    3.72828430e+02 1.53725677e+02 2.30795654e+02 8.25840988e+01
    3.32112000e+02 3.90914886e+02 2.91599976e+02 3.13643555e+02
    3.15024231e+02 2.97431274e+02 1.62577408e+02 2.36603256e+02
    3.38936157e+02 1.39215836e+02 2.42588730e+02 8.73994751e+01
    2.67742096e+02 7.18454971e+01 3.64713379e+02 2.52567444e+02
    2.78423492e+02 3.90480377e+02 2.76161377e+02 1.50331573e+02
    3.55190002e+02 3.78582458e+02 2.43103729e+02 1.37797195e+02
    3.27675751e+02 3.20751190e+02 4.00394287e+02 3.10542267e+02
    1.09896317e+02 4.03817657e+02 2.51029831e+02 3.11171753e+02
    3.22544586e+02 3.61155457e+02 3.18043671e+02 2.66069397e+02
    3.13128540e+02 3.59634216e+02 4.45578766e+02 1.23799217e+02
    3.98454529e+02 2.17955017e+02 4.10226776e+02 3.01350067e+02
    3.68093109e+02 2.20938019e+02 2.39967407e+02 3.09010925e+02
    3.01888763e+02 1.56421875e+02 3.81744476e+02 3.09071564e+02
    3.45583160e+02 2.15555481e+02 4.41364471e+02 1.01495613e+02
    4.49220886e+02 6.95197754e+01 3.05971313e+02 3.82707092e+02
    3.43262573e+02 2.64520477e+02 2.84305420e+02 1.34755432e+02
    3.24287933e+02 1.54575928e+02 1.53291687e+02 2.31607864e+02
    4.44352661e+02 9.76809769e+01 3.33240723e+02 1.38444260e+02
    3.89158630e+02 2.26982513e+02 2.90180267e+02 1.40541580e+02
    3.37974060e+02 2.17164261e+02 3.78316650e+02 1.89789886e+02
    3.96403259e+02 2.19059174e+02 2.78073364e+02 1.51918274e+02
    3.07596558e+02 2.81005249e+02 3.32017303e+02 4.01225006e+02
    1.60429642e+02 2.35337860e+02 3.48838348e+02 2.17664703e+02
    3.39287567e+02 2.87056030e+02 3.38023071e+02 3.38914062e+02
    4.62413635e+02 9.83424301e+01 1.64490158e+02 2.39846237e+02
