<?xml version="1.0"?>
<opencv_storage>
<keypoint2d003 type_id="opencv-matrix">
  <rows>1114</rows>
  <cols>1</cols>
  <dt>"2f"</dt>
  <data>
    3.03765869e+02 2.16172256e+02 2.07631226e+02 3.18348602e+02
    2.85719177e+02 2.20912598e+02 2.81400818e+02 3.10028259e+02
    2.74068573e+02 2.28094955e+02 2.41044205e+02 2.10349762e+02
    2.71417267e+02 2.01793976e+02 2.28577667e+02 3.13263153e+02
    2.82248810e+02 2.02315964e+02 2.39886322e+02 2.21140656e+02
    2.48273987e+02 2.49235092e+02 2.52493454e+02 2.05737259e+02
    2.18722565e+02 1.40203079e+02 2.43024948e+02 2.71296021e+02
    2.39804596e+02 2.35027740e+02 2.23742203e+02 2.44132034e+02
    2.52363846e+02 3.56005829e+02 2.67041656e+02 2.50184845e+02
    2.62858429e+02 2.49762390e+02 3.09329681e+02 1.05097565e+02
    2.86984894e+02 1.12920143e+02 2.90780182e+02 1.01272400e+02
    3.11763794e+02 2.10461105e+02 2.95985016e+02 2.67112427e+02
    3.04204987e+02 2.37148117e+02 2.24124481e+02 2.67278076e+02
    3.01913696e+02 2.08290344e+02 2.98785187e+02 2.65864410e+02
    2.45400864e+02 1.27423203e+02 2.94500763e+02 1.56846832e+02
    3.25049683e+02 9.91483383e+01 2.22346695e+02 1.29064148e+02
    2.80732208e+02 1.63199966e+02 3.09923096e+02 1.50929031e+02
    2.86916901e+02 2.28399048e+02 3.18107910e+02 1.05916870e+02
    2.26470871e+02 2.21212006e+02 2.54241272e+02 1.68842896e+02
    2.48618820e+02 2.95921021e+02 2.97239502e+02 2.04938599e+02
    2.79597046e+02 1.61925446e+02 2.56968567e+02 3.37188843e+02
    2.83030853e+02 2.70433716e+02 2.79574799e+02 2.83066071e+02
    2.91287506e+02 2.32541718e+02 2.99487335e+02 2.05983322e+02
    2.60847931e+02 3.56108521e+02 3.29717712e+02 8.67667694e+01
    2.61082184e+02 2.28059372e+02 2.88310638e+02 1.48761307e+02
    3.11692383e+02 2.12703690e+02 3.39122253e+02 9.31842194e+01
    2.44885010e+02 2.83766663e+02 2.56689453e+02 2.16649551e+02
    2.88180969e+02 1.11446175e+02 2.66641144e+02 1.65507309e+02
    2.04043030e+02 3.23824982e+02 3.40589233e+02 1.15127434e+02
    2.64521881e+02 3.47251556e+02 2.63103912e+02 1.31680389e+02
    2.29716721e+02 2.14105530e+02 2.67566406e+02 3.50419098e+02
    3.03732056e+02 1.42563492e+02 2.45147369e+02 2.03748383e+02
    2.48527527e+02 1.25343704e+02 2.39740967e+02 1.64349213e+02
    4.22610687e+02 3.24612823e+02 2.23030746e+02 1.72627747e+02
    2.35662033e+02 2.48857101e+02 2.78775024e+02 1.21886520e+02
    2.51925354e+02 3.32289703e+02 2.62432922e+02 3.27125671e+02
    3.04645111e+02 2.48665344e+02 2.74880951e+02 1.55641449e+02
    2.53635345e+02 1.24894188e+02 2.59905853e+02 3.59740997e+02
    2.86767700e+02 2.69654541e+02 2.51066727e+02 1.62258041e+02
    2.21496201e+02 2.33109940e+02 2.22755280e+02 1.26356598e+02
    2.60299896e+02 3.27229584e+02 2.76190613e+02 2.95885712e+02
    3.02382385e+02 1.12495972e+02 2.86677704e+02 1.71134079e+02
    2.62473236e+02 1.58977722e+02 2.31024750e+02 1.35462112e+02
    2.81034576e+02 2.57889465e+02 2.60216827e+02 3.46843262e+02
    2.87578430e+02 1.72739426e+02 2.86316132e+02 2.99317993e+02
    3.36001190e+02 7.47233276e+01 2.60413513e+02 3.61961487e+02
    2.75680939e+02 3.78737915e+02 2.70231750e+02 3.64988953e+02
    2.23150360e+02 1.11880951e+02 2.57364532e+02 3.46592529e+02
    2.48898697e+02 1.18324417e+02 2.29203720e+02 1.66240982e+02
    2.54410309e+02 2.89702545e+02 2.41167358e+02 2.90802948e+02
    3.25114868e+02 9.69302063e+01 2.72462341e+02 3.42294159e+02
    2.27887665e+02 2.30835281e+02 2.54468307e+02 1.35092148e+02
    3.04052185e+02 2.46850143e+02 2.57231537e+02 2.78588959e+02
    2.11303070e+02 2.88018982e+02 2.40764374e+02 2.62277954e+02
    2.30448166e+02 2.67640137e+02 3.01296204e+02 1.65196274e+02
    3.37507050e+02 9.27543945e+01 2.40620255e+02 3.20989471e+02
    2.51607071e+02 3.42046997e+02 2.66378021e+02 2.34021240e+02
    2.93305695e+02 3.11681610e+02 3.19691498e+02 2.08395554e+02
    2.66576477e+02 3.63913788e+02 3.49700470e+02 3.39061005e+02
    3.21864532e+02 1.14460464e+02 2.74146545e+02 2.38498993e+02
    3.45014221e+02 2.69903595e+02 2.68010773e+02 2.69582275e+02
    2.32254684e+02 1.17604301e+02 2.95477783e+02 9.00214615e+01
    2.68527618e+02 1.13818939e+02 2.64696106e+02 3.38041168e+02
    2.35879257e+02 2.42480545e+02 3.33103699e+02 1.28399673e+02
    2.61586151e+02 1.79903000e+02 2.30382599e+02 3.26809265e+02
    2.21980377e+02 2.55115005e+02 2.57059265e+02 1.99829895e+02
    2.22267487e+02 2.90230804e+02 2.75387146e+02 9.59596024e+01
    2.69878204e+02 2.69368774e+02 2.39233902e+02 2.78562805e+02
    2.80950439e+02 2.35462204e+02 4.09044983e+02 4.16703033e+02
    2.73673981e+02 1.76140427e+02 3.33449158e+02 2.93428650e+02
    2.19419296e+02 1.66804688e+02 2.62428131e+02 1.40851852e+02
    2.39617111e+02 1.83748886e+02 2.49952118e+02 1.82768463e+02
    2.46743256e+02 3.09474335e+02 2.61985474e+02 3.72941681e+02
    2.38768845e+02 1.35873993e+02 2.24328384e+02 2.88839569e+02
    3.25251343e+02 1.43024246e+02 2.27365555e+02 1.41651794e+02
    2.61088623e+02 1.19479309e+02 2.98911194e+02 3.07291443e+02
    4.19967072e+02 4.25910156e+02 2.51693390e+02 1.08741104e+02
    3.10005432e+02 2.31597015e+02 2.77578796e+02 1.97161224e+02
    2.51360458e+02 2.35262817e+02 3.09782379e+02 3.01859894e+02
    2.42410370e+02 3.72277008e+02 3.44045166e+02 3.20223755e+02
    2.22744934e+02 3.32123260e+02 2.43238693e+02 3.12219727e+02
    3.03520844e+02 3.05017242e+02 1.97501297e+02 2.98684906e+02
    3.18810883e+02 1.35319260e+02 2.12084030e+02 1.47021927e+02
    2.07886932e+02 2.69402832e+02 2.37507172e+02 3.46749878e+02
    2.64530670e+02 1.01715187e+02 2.94527191e+02 2.08689896e+02
    2.02900970e+02 3.07814148e+02 3.48179138e+02 3.33238312e+02
    4.31622772e+02 4.21817841e+02 2.67880096e+02 1.09566673e+02
    2.62753906e+02 2.63776611e+02 2.16795990e+02 3.06901428e+02
    4.30091034e+02 4.24403992e+02 2.68041504e+02 1.17649635e+02
    2.49574860e+02 3.64021851e+02 3.25678894e+02 2.15295532e+02
    2.45833038e+02 1.45053787e+02 2.81556854e+02 1.97130539e+02
    2.70331482e+02 3.18168762e+02 2.72165497e+02 1.97915710e+02
    3.08847687e+02 2.25411484e+02 2.30787964e+02 2.22768906e+02
    2.67334503e+02 2.95605072e+02 2.90015778e+02 2.13419403e+02
    2.14346359e+02 3.36859039e+02 3.22553406e+02 1.19086685e+02
    2.27625824e+02 3.63751312e+02 2.80349854e+02 2.36323044e+02
    3.00955444e+02 8.08391495e+01 2.19928574e+02 1.49096359e+02
    2.48237015e+02 2.36550247e+02 3.02214447e+02 8.25798569e+01
    2.28218170e+02 1.75026474e+02 2.11511688e+02 2.67048706e+02
    3.28423676e+02 1.09247520e+02 2.47637100e+02 3.74735596e+02
    2.37783112e+02 3.00129578e+02 2.72604431e+02 3.20437866e+02
    4.35863556e+02 4.14327728e+02 2.80010651e+02 1.46210999e+02
    2.69649231e+02 9.49499054e+01 3.44599762e+02 8.38833542e+01
    2.87050751e+02 3.17433502e+02 2.50557388e+02 2.65720856e+02
    3.08739899e+02 2.26395187e+02 2.65462189e+02 2.91648804e+02
    2.20223618e+02 3.22696503e+02 3.30689941e+02 8.69638596e+01
    2.53219833e+02 3.02227386e+02 2.80456268e+02 9.05682907e+01
    2.56705322e+02 2.34395935e+02 1.97067596e+02 2.50936615e+02
    4.09908905e+02 4.26713654e+02 3.61869873e+02 4.09730194e+02
    1.96421875e+02 1.20567924e+02 4.19670807e+02 4.31387024e+02
    4.87331360e+02 2.39979645e+02 2.01031952e+02 1.21037529e+02
    3.18442535e+02 3.00117645e+02 2.99649628e+02 7.94846420e+01
    2.44964508e+02 2.97996796e+02 2.31810226e+02 1.08735016e+02
    1.98547791e+02 2.51103165e+02 2.86178223e+02 2.78049774e+02
    2.69570923e+02 2.96010895e+02 2.73140564e+02 3.56742279e+02
    3.41006927e+02 2.31421082e+02 2.55406708e+02 3.24118927e+02
    2.40360809e+02 2.01125122e+02 2.60988037e+02 2.33642242e+02
    4.18019196e+02 1.95442322e+02 2.57201355e+02 1.44382385e+02
    2.16678192e+02 2.98917480e+02 3.09662476e+02 2.57983521e+02
    3.24567535e+02 1.25322212e+02 3.07530121e+02 1.21889168e+02
    2.08271301e+02 2.51792328e+02 2.74270264e+02 2.76248108e+02
    2.27452316e+02 2.31405594e+02 2.76044373e+02 1.40731781e+02
