<?xml version="1.0"?>
<opencv_storage>
<keypoint3d002 type_id="opencv-matrix">
  <rows>812</rows>
  <cols>3</cols>
  <dt>"3f"</dt>
  <data>
    -4.53245416e-02 3.62920575e-02 -1.80000123e-02 0. 4.36992034e-37 0.
    4.37014993e-37 0. 4.37014993e-37 1.05446111e-02 1.68907759e-03
    -1.79999899e-02 4.25734293e-37 0. 4.25734293e-37 0. 4.18304228e-37
    0. 3.93736549e-03 -3.81985046e-02 -1.79999862e-02 0. 4.27205096e-37
    0. 4.27228055e-37 0. 4.27228055e-37 4.24581673e-03 9.80499852e-03
    -1.80000011e-02 4.19109223e-37 0. 4.19109223e-37 0. 4.36654825e-37
    0. -8.83219205e-03 4.95804250e-02 -1.80000030e-02 0. 4.35176848e-37
    0. 4.35199807e-37 0. 4.35199807e-37 -1.14773214e-02 -2.50815582e-02
    -1.79999955e-02 4.28155737e-37 0. 4.28155737e-37 0. 4.34135806e-37
    0. 2.35541202e-02 -5.12318406e-03 -1.79999955e-02 0. 4.25638153e-37
    0. 4.25661112e-37 0. 4.25661112e-37 2.23528389e-02 -4.23150845e-02
    -1.79999899e-02 4.27681493e-37 0. 4.27681493e-37 0. 4.33863887e-37
    0. -2.53060907e-02 3.38334478e-02 -1.79999992e-02 0. 4.23554635e-37
    0. 4.23577594e-37 0. 4.23577594e-37 2.17713472e-02 3.58682452e-03
    -1.79999992e-02 4.35681226e-37 0. 4.35681226e-37 0. 4.34968066e-37
    0. -4.90826368e-02 3.97756286e-02 -1.80000141e-02 0. 4.35276575e-37
    0. 4.35299534e-37 0. 4.35299534e-37 -3.24341580e-02 -4.85212095e-02
    -1.79999974e-02 4.34843227e-37 0. 4.34843227e-37 0. 4.37329242e-37
    0. 2.31258888e-02 1.71628576e-02 -1.79999918e-02 0. 4.28675182e-37
    0. 4.28698141e-37 0. 4.28698141e-37 -9.76776425e-03 2.71978229e-02
    -1.80000011e-02 4.33500850e-37 0. 4.33500850e-37 0. 4.36257350e-37
    0. -2.04874296e-02 -2.55017355e-02 -1.80000030e-02 0. 4.19046086e-37
    0. 4.19069045e-37 0. 4.19069045e-37 -5.13906479e-02 4.22895998e-02
    -1.80000104e-02 4.15399213e-37 0. 4.15399213e-37 0. 4.16159008e-37
    0. 1.20759476e-02 -3.92866358e-02 -1.79999992e-02 0. 4.34348176e-37
    0. 4.34371135e-37 0. 4.34371135e-37 7.30639836e-03 1.16083268e-02
    -1.79999974e-02 4.15355447e-37 0. 4.15355447e-37 0. 4.35566431e-37
    0. -4.14778255e-02 8.75213463e-03 -1.80000085e-02 0. 4.07954798e-37
    0. 4.07977757e-37 0. 4.07977757e-37 -5.46763372e-03 -4.28148024e-02
    -1.79999899e-02 4.19015235e-37 0. 4.19015235e-37 0. 4.20970327e-37
    0. -1.32458992e-02 1.77061185e-02 -1.80000067e-02 0. 4.35691270e-37
    0. 4.35714229e-37 0. 4.35714229e-37 -2.32089479e-02 -4.18220982e-02
    -1.79999974e-02 4.33723264e-37 0. 4.33723264e-37 0. 4.24917818e-37
    0. -4.81332801e-02 3.90329696e-02 -1.80000197e-02 0. 4.36562990e-37
    0. 4.36585949e-37 0. 4.36585949e-37 1.26896948e-02 4.85486165e-03
    -1.79999955e-02 4.28739036e-37 0. 4.28739036e-37 0. 4.15917222e-37
    0. 6.66723549e-02 -5.45468740e-02 -1.79999787e-02 0. 4.34747804e-37
    0. 4.34770763e-37 0. 4.34770763e-37 -2.13336833e-02 -4.94358428e-02
    -1.79999955e-02 4.37265388e-37 0. 4.37265388e-37 0. 4.28315014e-37
    0. 1.18943639e-02 2.25593280e-02 -1.79999992e-02 0. 4.19116398e-37
    0. 4.19139357e-37 0. 4.19139357e-37 7.50436112e-02 -5.91337979e-02
    -1.79999955e-02 4.27926148e-37 0. 4.27926148e-37 0. 4.35110841e-37
    0. -1.81235708e-02 -4.65757996e-02 -1.79999880e-02 0. 4.26384317e-37
    0. 4.26407275e-37 0. 4.26407275e-37 4.42422442e-02 -4.24245931e-02
    -1.79999918e-02 4.37049431e-37 0. 4.37049431e-37 0. 4.24232640e-37
    0. 5.59211895e-02 2.05980279e-02 -1.79999955e-02 0. 4.27949825e-37
    0. 4.27972784e-37 0. 4.27972784e-37 -7.01622758e-03 -4.30602059e-02
    -1.79999862e-02 4.33664432e-37 0. 4.33664432e-37 0. 4.27845792e-37
    0. 1.41975060e-02 1.78952329e-02 -1.79999899e-02 0. 4.36382906e-37
    0. 4.36405865e-37 0. 4.36405865e-37 -1.11872628e-02 2.25443654e-02
    -1.79999918e-02 4.16062150e-37 0. 4.16062150e-37 0. 4.15606560e-37
    0. 3.81899998e-02 2.95891017e-02 -1.79999992e-02 0. 4.26689957e-37
    0. 4.26712915e-37 0. 4.26712915e-37 1.33856945e-03 4.67037261e-02
    -1.80000011e-02 4.18164322e-37 0. 4.18164322e-37 0. 4.35416481e-37
    0. -5.07519022e-02 3.18467766e-02 -1.80000141e-02 0. 4.27296214e-37
    0. 4.27319173e-37 0. 4.27319173e-37 2.30424106e-03 4.69070561e-02
    -1.80000030e-02 4.33456367e-37 0. 4.33456367e-37 0. 4.34693994e-37
    0. 2.82150619e-02 9.77930613e-03 -1.80000030e-02 0. 4.18262615e-37
    0. 4.18285574e-37 0. 4.18285574e-37 3.47543880e-02 -3.98322381e-02
    -1.79999918e-02 4.35831176e-37 0. 4.35831176e-37 0. 4.25181128e-37
    0. -1.08899754e-02 3.22121307e-02 -1.79999992e-02 0. 4.34927170e-37
    0. 4.34950129e-37 0. 4.34950129e-37 -5.55220284e-02 2.27242708e-02
    -1.80000104e-02 4.08215238e-37 0. 4.08215238e-37 0. 4.37285477e-37
    0. 2.56133750e-02 -3.97155546e-02 -1.79999880e-02 0. 4.09356007e-37
    0. 4.09378966e-37 0. 4.09378966e-37 -3.45150498e-03 -3.86179909e-02
    -1.79999862e-02 4.28773474e-37 0. 4.28773474e-37 0. 4.08233892e-37
    0. -3.39816585e-02 -5.05199768e-02 -1.79999974e-02 0. 4.08257568e-37
    0. 4.08280527e-37 0. 4.08280527e-37 2.34813578e-02 3.22927311e-02
    -1.80000030e-02 4.34447186e-37 0. 4.34447186e-37 0. 4.34447904e-37
    0. -1.18277874e-02 1.37024485e-02 -1.79999918e-02 0. 4.36179146e-37
    0. 4.36202105e-37 0. 4.36202105e-37 9.70491953e-03 2.72717103e-02
    -1.79999936e-02 4.36225781e-37 0. 4.36225781e-37 0. 4.16229320e-37
    0. -7.47187659e-02 5.88746406e-02 -1.80000290e-02 0. 4.16252996e-37
    0. 4.16275955e-37 0. 4.16275955e-37 9.80981626e-04 5.16266897e-02
    -1.79999955e-02 4.34033209e-37 0. 4.34033209e-37 0. 4.34033926e-37
    0. 8.35024752e-04 3.40448925e-03 -1.80000067e-02 0. 4.36474024e-37
    0. 4.36496983e-37 0. 4.36496983e-37 -1.58728864e-02 -7.45144300e-03
    -1.79999955e-02 4.36520659e-37 0. 4.36520659e-37 0. 4.36521377e-37
    0. -1.45912282e-02 2.52407603e-02 -1.80000067e-02 0. 4.15805298e-37
    0. 4.15828257e-37 0. 4.15828257e-37 -7.40000382e-02 5.50577268e-02
    1.22488514e-02 4.15851933e-37 0. 4.15851933e-37 0. 4.15852651e-37 0.
    -1.57880150e-02 3.70574594e-02 -1.79999992e-02 0. 4.18812910e-37 0.
    4.18835869e-37 0. 4.18835869e-37 -2.21326854e-03 2.74478588e-02
    -1.79999955e-02 4.18859546e-37 0. 4.18859546e-37 0. 4.18860263e-37
    0. -1.48335285e-02 -2.71992479e-02 -1.79999955e-02 0. 4.18883939e-37
    0. 4.18906898e-37 0. 4.18906898e-37 -8.60440545e-03 -4.66670319e-02
    -1.79999899e-02 4.18410413e-37 0. 4.18410413e-37 0. 4.18411130e-37
    0. 4.16691564e-02 -4.97554466e-02 -1.79999806e-02 0. 4.18434806e-37
    0. 4.18457765e-37 0. 4.18457765e-37 -5.48816053e-03 3.67435953e-03
    -1.80000030e-02 4.18481442e-37 0. 4.18481442e-37 0. 4.15653195e-37
    0. -5.75714782e-02 6.02628328e-02 -1.80000011e-02 0. 4.15676872e-37
    0. 4.15699831e-37 0. 4.15699831e-37 1.65931676e-02 2.94622649e-02
    -1.80000011e-02 4.15723507e-37 0. 4.15723507e-37 0. 4.15724224e-37
    0. -1.86942983e-03 2.05312483e-02 -1.80000030e-02 0. 4.15747901e-37
    0. 4.15770860e-37 0. 4.15770860e-37 -1.79057661e-03 3.88131067e-02
    -1.79999955e-02 4.15498223e-37 0. 4.15498223e-37 0. 4.15498940e-37
    0. 2.00545788e-02 -5.04221320e-02 -1.79999862e-02 0. 4.15522617e-37
    0. 4.15545576e-37 0. 4.15545576e-37 -5.19052632e-02 2.48127189e-02
    -1.80000141e-02 4.15569252e-37 0. 4.15569252e-37 0. 4.15569969e-37
    0. 4.68511209e-02 6.53049164e-03 -1.80000030e-02 0. 4.35910814e-37
    0. 4.35933773e-37 0. 4.35933773e-37 5.52345738e-02 -1.81858987e-02
    -1.80000030e-02 4.35957450e-37 0. 4.35957450e-37 0. 4.35958167e-37
    0. 1.94277279e-02 -2.72344388e-02 -1.79999936e-02 0. 4.35981843e-37
    0. 4.36004802e-37 0. 4.36004802e-37 4.33916301e-02 -3.33385430e-02
    -1.79999899e-02 4.36028479e-37 0. 4.36028479e-37 0. 4.08040894e-37
    0. -2.41536964e-02 2.62582731e-02 -1.80000104e-02 0. 4.08064570e-37
    0. 4.08087529e-37 0. 4.08087529e-37 -1.37668382e-03 3.29276212e-02
    -1.79999955e-02 4.08111205e-37 0. 4.08111205e-37 0. 4.08111923e-37
    0. 3.81809566e-03 3.39664170e-03 -1.79999955e-02 0. 4.08135599e-37
    0. 4.08158558e-37 0. 4.08158558e-37 -5.99233992e-03 -2.65956484e-02
