<?xml version="1.0"?>
<opencv_storage>
<pose004 type_id="opencv-matrix">
  <rows>4</rows>
  <cols>4</cols>
  <dt>f</dt>
  <data>
    9.99431670e-01 -2.68752268e-03 -3.36026624e-02 2.11789599e-03
    -2.11637821e-02 7.25856781e-01 -6.87520206e-01 2.25491282e-02
    2.62384489e-02 6.87840581e-01 7.25387394e-01 2.17583090e-01 0. 0. 0.
    1.</data></pose004>
</opencv_storage>
