<?xml version="1.0"?>
<opencv_storage>
<pose001 type_id="opencv-matrix">
  <rows>4</rows>
  <cols>4</cols>
  <dt>f</dt>
  <data>
    9.92266357e-01 -1.61816608e-02 -1.23067774e-01 3.69132054e-03
    2.52265986e-02 9.97064114e-01 7.22963437e-02 -6.65040547e-03
    1.21536583e-01 -7.48418123e-02 9.89761353e-01 2.12224349e-01 0. 0.
    0. 1.</data></pose001>
</opencv_storage>
