<?xml version="1.0"?>
<opencv_storage>
<pose003 type_id="opencv-matrix">
  <rows>4</rows>
  <cols>4</cols>
  <dt>f</dt>
  <data>
    6.33509398e-01 -1.63872354e-02 7.73561418e-01 -4.61760676e-03
    -5.79249337e-02 9.95965600e-01 6.85363933e-02 -3.52045172e-03
    -7.71563709e-01 -8.82269442e-02 6.30004346e-01 2.41179392e-01 0. 0.
    0. 1.</data></pose003>
</opencv_storage>
