<?xml version="1.0"?>
<opencv_storage>
<pose002 type_id="opencv-matrix">
  <rows>4</rows>
  <cols>4</cols>
  <dt>f</dt>
  <data>
    5.42931676e-01 2.37048604e-02 -8.39442253e-01 9.22899880e-03
    8.49841237e-02 9.92918909e-01 8.30046162e-02 -2.62669544e-03
    8.35465670e-01 -1.16405100e-01 5.37072599e-01 2.50650615e-01 0. 0.
    0. 1.</data></pose002>
</opencv_storage>
