<?xml version="1.0"?>
<opencv_storage>
<keypoint2d002 type_id="opencv-matrix">
  <rows>453</rows>
  <cols>1</cols>
  <dt>"2f"</dt>
  <data>
    3.53477081e+02 1.35383759e+02 3.73782501e+02 3.40238312e+02
    4.29325928e+02 9.20275650e+01 3.44712128e+02 2.92724182e+02
    3.32701538e+02 2.83000275e+02 3.50760986e+02 2.87208984e+02
    3.56209106e+02 2.98728180e+02 3.20177155e+02 3.15690002e+02
    4.05640045e+02 1.71870911e+02 4.31348816e+02 9.16938782e+01
    3.35991760e+02 3.21685120e+02 3.40550995e+02 3.14651978e+02
    4.15377258e+02 1.93175049e+02 3.14096863e+02 3.20608276e+02
    4.46176086e+02 5.12749176e+01 3.94586823e+02 1.64769073e+02
    3.56092682e+02 3.58413330e+02 4.09472443e+02 2.78431702e+02
    3.39263824e+02 3.42049774e+02 3.15578094e+02 3.22330780e+02
    3.22276764e+02 2.92369293e+02 3.33071869e+02 3.23218872e+02
    3.30622192e+02 2.86922363e+02 3.79188049e+02 3.13264679e+02
    4.01942047e+02 1.85263336e+02 3.23409210e+02 3.52997009e+02
    3.26418488e+02 2.85213257e+02 4.17506287e+02 2.57459290e+02
    4.20718811e+02 2.69356598e+02 3.44449280e+02 3.04924408e+02
    4.47981598e+02 6.75240631e+01 3.37909790e+02 3.62551208e+02
    3.41580902e+02 2.77385468e+02 3.19552002e+02 2.79075531e+02
    3.77251221e+02 3.23460876e+02 3.04897339e+02 2.77891388e+02
    3.61073639e+02 3.57664398e+02 3.21852814e+02 1.16812729e+02
    3.77253021e+02 3.60440948e+02 3.26999359e+02 3.07823486e+02
    4.19163177e+02 2.62263794e+02 3.76908264e+02 3.25383820e+02
    3.44999023e+02 3.06260345e+02 3.17249908e+02 2.78244110e+02
    3.85227325e+02 3.43717194e+02 4.00022552e+02 2.49150558e+02
    3.33626892e+02 3.00142792e+02 3.25210754e+02 3.25120880e+02
    3.22391998e+02 2.69875824e+02 4.07674835e+02 2.63871521e+02
    3.97152679e+02 2.51014664e+02 3.76997253e+02 3.57965759e+02
    4.29545471e+02 7.58455658e+01 3.26487213e+02 3.35783966e+02
    3.58597137e+02 1.93344345e+02 4.26847717e+02 1.06008751e+02
    3.70213654e+02 3.32449371e+02 3.19943207e+02 3.24579041e+02
    4.27793579e+02 1.08477676e+02 3.49921478e+02 3.63298462e+02
    4.17441803e+02 2.78812775e+02 3.83952271e+02 3.23185089e+02
    3.05555756e+02 2.75147919e+02 3.71432281e+02 3.35083191e+02
    3.69632324e+02 3.53439484e+02 3.78153534e+02 1.62113953e+02
    3.71171997e+02 3.10796783e+02 3.49272308e+02 3.20213440e+02
    3.73107635e+02 1.56462692e+02 3.23307587e+02 2.60040344e+02
    3.65995697e+02 1.96956085e+02 3.49366394e+02 3.64915710e+02
    3.81723419e+02 1.64029129e+02 3.28207062e+02 3.37236053e+02
    3.24289612e+02 3.25528107e+02 3.76678558e+02 3.46291138e+02
    3.63678650e+02 3.44677765e+02 3.57144623e+02 3.48215881e+02
    3.07203735e+02 2.86330322e+02 4.29423309e+02 1.12448235e+02
    3.40127808e+02 3.65778351e+02 4.40426880e+02 6.85345917e+01
    3.74404083e+02 3.58398651e+02 3.32828003e+02 3.17888062e+02
    3.66554932e+02 3.56783203e+02 3.62281128e+02 3.05232727e+02
    4.59417633e+02 8.43923874e+01 3.14736481e+02 3.03857849e+02
    3.43237854e+02 3.43400787e+02 3.06940887e+02 1.60459396e+02
    3.85847412e+02 1.66794373e+02 3.23057770e+02 3.48063324e+02
    3.50280029e+02 3.56470612e+02 3.22777069e+02 3.19375519e+02
    3.33304474e+02 3.66014252e+02 2.98263763e+02 2.79481354e+02
    4.34974731e+02 5.18731537e+01 4.33646729e+02 7.27658463e+01
    4.10156525e+02 2.56933929e+02 4.56405914e+02 4.12820625e+01
    4.50612701e+02 4.25438919e+01 3.72390869e+02 1.17782921e+02
    3.13959259e+02 1.63347458e+02 3.57107666e+02 3.40885773e+02
    4.50449036e+02 9.20173187e+01 4.42179596e+02 6.09940605e+01
    3.28386658e+02 3.64752808e+02 3.48827026e+02 3.28970001e+02
    4.23597107e+02 8.38368073e+01 4.22323914e+02 1.00367325e+02
    3.34696320e+02 1.15578148e+02 4.25217255e+02 2.46033974e+01
    3.37567871e+02 2.71901520e+02 4.13019104e+02 2.99841347e+01
    3.13615753e+02 3.03380798e+02 4.02515686e+02 2.65293152e+02
    3.66507690e+02 1.09055321e+02 4.30667877e+02 1.18340897e+02
    3.66923859e+02 1.70991688e+01 3.47506622e+02 2.93021637e+02
    3.09556427e+02 2.72766479e+02 4.32772186e+02 4.78210983e+01
    3.51656799e+02 3.24563416e+02 3.04631165e+02 3.00989136e+02
    3.29737854e+02 3.58764618e+02 4.33874115e+02 1.18367744e+02
    4.13032959e+02 1.40865707e+01 3.53988953e+02 3.48866699e+02
    3.96339569e+02 1.91284744e+02 3.14686829e+02 2.70093536e+02
    4.51090820e+02 8.95726089e+01 3.94561920e+02 1.72646652e+02
    3.83716400e+02 3.25639252e+02 3.14802887e+02 2.88690063e+02
    3.13715210e+02 2.72221680e+02 3.61772247e+02 3.11284241e+02
    3.31306854e+02 3.35942230e+02 3.67053894e+02 1.07217072e+02
    3.70001923e+02 3.15595673e+02 3.41153442e+02 3.30173035e+02
    3.27264832e+02 1.08028862e+02 3.63806458e+02 3.16321533e+02
    3.45054657e+02 3.32553192e+02 3.88952545e+02 3.12101807e+02
    3.86919800e+02 3.38326019e+02 4.00401703e+02 8.48181458e+01
    3.84571411e+02 3.34623596e+02 3.13518829e+02 2.62743195e+02
    3.86318787e+02 3.35647095e+02 4.25853394e+02 3.84360466e+01
    3.35659088e+02 2.71364410e+02 4.39779358e+02 7.16867142e+01
    3.90244019e+02 3.38350372e+02 3.33575684e+02 2.72156830e+02
    3.27082764e+02 3.08640411e+02 3.07710571e+02 3.11681458e+02
    3.15895355e+02 3.36469604e+02 4.41569489e+02 7.36281281e+01
    4.25880432e+02 5.47852211e+01 3.11389496e+02 2.73903656e+02
    3.63659912e+02 3.57561035e+02 3.04053558e+02 3.01298126e+02
    4.18911926e+02 9.21229553e+01 3.66108215e+02 2.76209503e+02
    3.80520569e+02 3.29314087e+02 3.65146271e+02 3.26096497e+02
    4.15746918e+02 1.05600960e+02 4.34862457e+02 4.73872986e+01
    3.12071777e+02 2.57950287e+02 3.05732239e+02 3.09301056e+02
    3.28848267e+02 3.51375183e+02 3.04427582e+02 3.06159546e+02
    3.06325134e+02 1.57082764e+02 3.70400024e+02 3.57125000e+02
    3.29752930e+02 2.37752731e+02 3.25906158e+02 3.63288483e+02
    3.79997253e+02 3.54223358e+02 3.22546021e+02 2.73401825e+02
    3.50790039e+02 3.44282532e+02 3.03375275e+02 2.70239777e+02
    3.63680481e+02 1.75273544e+02 2.93947601e+02 2.72433014e+02
    2.98725372e+02 2.65671448e+02 3.08346252e+02 2.74754883e+02
    3.09893982e+02 1.70791550e+02 3.86007690e+02 1.50169418e+02
    3.35869202e+02 2.62210114e+02 3.39209259e+02 2.64095215e+02
    4.51255402e+02 5.81133766e+01 3.41788361e+02 3.63149597e+02
    4.51476868e+02 7.49633484e+01 3.73244293e+02 3.23918976e+02
    4.52792450e+02 7.51611252e+01 4.13815063e+02 1.95421677e+02
    3.78274445e+02 3.01843109e+02 2.93523376e+02 2.74577606e+02
    3.81955750e+02 1.91900497e+02 3.13509979e+02 2.68825439e+02
    3.55328033e+02 2.71793579e+02 3.16891479e+02 3.33058899e+02
    3.96811432e+02 1.39086823e+02 3.73715759e+02 3.49459381e+02
    3.41003632e+02 3.35082092e+02 3.56069489e+02 2.61961700e+02
    3.16937805e+02 3.08851166e+02 3.29583008e+02 1.82277466e+02
    3.89742828e+02 1.46131454e+02 3.17253754e+02 3.37163239e+02
    3.51654968e+02 2.60943207e+02 3.68144287e+02 1.04509071e+02
    4.61948853e+02 5.86752815e+01 3.35852173e+02 2.57968994e+02
    3.30441101e+02 1.77076630e+02 3.69014343e+02 2.88886444e+02
    3.91677826e+02 1.15712257e+02 3.36104218e+02 3.33101135e+02
    4.34684418e+02 1.01412170e+02 4.69863739e+02 9.25864029e+01
    3.04877625e+02 1.52904419e+02 3.10355957e+02 2.70120209e+02
    2.97154419e+02 2.87201782e+02 3.44613861e+02 3.63293396e+02
    3.47321228e+02 1.15328682e+02 3.50403748e+02 2.60111755e+02
    3.89548798e+02 1.34767971e+01 2.94846436e+02 2.63931824e+02
    3.86861877e+02 1.45051056e+02 3.06190063e+02 3.06637146e+02
    4.26257446e+02 1.27064682e+02 3.62998138e+02 2.78054138e+02
    3.99765045e+02 1.41248840e+02 3.90745605e+02 1.84866562e+02
    4.09471375e+02 1.87349529e+01 4.17673523e+02 2.04273209e+02
    3.78127747e+02 1.66833801e+02 4.15800934e+02 2.45673492e+02
    4.22679718e+02 4.44730415e+01 4.14718872e+02 2.72785797e+02
    3.62844086e+02 2.42314438e+02 3.58938995e+02 3.27058258e+02
    3.82599030e+02 1.89981369e+02 4.19710358e+02 5.79739227e+01
    4.66361694e+02 6.89149399e+01 3.05069946e+02 2.56596130e+02
