<?xml version="1.0"?>
<opencv_storage>
<keypoint2d001 type_id="opencv-matrix">
  <rows>694</rows>
  <cols>1</cols>
  <dt>"2f"</dt>
  <data>
    3.01062561e+02 2.81199921e+02 3.11456970e+02 4.60911674e+01
    3.69321808e+02 3.25768555e+02 3.34677216e+02 2.75878479e+02
    3.23444550e+02 3.44443329e+02 3.10881226e+02 4.86060791e+01
    3.70746429e+02 3.26498596e+02 2.76193756e+02 3.15372070e+02
    3.04706635e+02 5.38075638e+01 3.07679596e+02 2.68336548e+02
    3.04294800e+02 3.05831696e+02 2.71310974e+02 2.88424835e+02
    3.29780518e+02 3.01756104e+02 3.49167633e+02 2.81575165e+02
    3.18627136e+02 2.65738831e+02 3.42382202e+02 2.68995300e+02
    2.67916077e+02 3.34652832e+02 2.72768951e+02 2.74060638e+02
    2.86445007e+02 3.20721313e+02 3.05654388e+02 3.05652466e+02
    3.30709473e+02 3.47224243e+02 3.23225250e+02 2.65083984e+02
    2.98101349e+02 3.13129761e+02 2.67464569e+02 3.09572662e+02
    2.87659576e+02 3.57113220e+02 3.80653595e+02 2.28622925e+02
    3.99699615e+02 1.52576096e+02 3.74931488e+02 2.96237091e+02
    3.17981659e+02 2.77140869e+02 2.78200745e+02 3.65269989e+02
    2.98034027e+02 2.90559723e+02 3.30459869e+02 3.55434998e+02
    3.02889465e+02 3.96135590e+02 3.39547363e+02 2.71002228e+02
    3.20746948e+02 3.51861847e+02 3.29774506e+02 3.33504852e+02
    2.88796875e+02 3.21550201e+02 3.50527222e+02 3.48988312e+02
    3.94790863e+02 2.83340973e+02 3.33130402e+02 3.39255676e+02
    3.28047028e+02 3.33478577e+02 2.85738708e+02 3.47206696e+02
    3.12548309e+02 2.95268829e+02 4.16013031e+02 2.62703888e+02
    3.25891052e+02 3.09699310e+02 3.62307983e+02 3.44666565e+02
    4.15116608e+02 2.64203522e+02 3.89213409e+02 1.57804169e+02
    2.61721863e+02 3.54888702e+02 3.72859833e+02 3.07115723e+02
    3.90860779e+02 1.56636063e+02 3.16730499e+02 3.05638885e+02
    2.84095551e+02 3.61647919e+02 2.92178070e+02 8.93492432e+01
    2.82793884e+02 7.03295975e+01 2.61277100e+02 3.49626617e+02
    3.32904663e+02 2.58287811e+02 3.80006195e+02 3.05904663e+02
    2.56532806e+02 3.09946472e+02 3.10957733e+02 3.47781860e+02
    2.85285828e+02 3.46298035e+02 3.34473663e+02 2.89585663e+02
    2.89329346e+02 3.55358002e+02 3.12343811e+02 3.49902863e+02
    3.10298889e+02 3.28426819e+02 3.66224213e+02 3.17460968e+02
    3.00631378e+02 3.55624207e+02 3.43330750e+02 3.39215027e+02
    2.54395370e+02 3.09918640e+02 3.09860413e+02 3.42280487e+02
    2.87319397e+02 3.87131989e+02 3.28598175e+02 3.39478302e+02
    2.63435242e+02 2.78201874e+02 3.16024292e+02 2.61736877e+02
    3.21946075e+02 2.86093567e+02 2.98992462e+02 2.63830505e+02
    3.68809631e+02 3.17106323e+02 3.43770569e+02 3.56604950e+02
    3.14525879e+02 3.96524597e+02 3.20120453e+02 3.82584442e+02
    3.77616852e+02 3.14622162e+02 2.70034210e+02 2.93979797e+02
    3.20626831e+02 4.04804474e+02 2.99890747e+02 2.60844910e+02
    3.33853394e+02 3.35211884e+02 3.72128845e+02 3.08321808e+02
    2.80920441e+02 2.63373657e+02 3.67481171e+02 3.28863770e+02
    3.10317108e+02 3.38678864e+02 3.10758728e+02 2.85990112e+02
    2.65923920e+02 2.80219666e+02 3.55231567e+02 2.87738678e+02
    2.72832764e+02 3.57239014e+02 2.84059448e+02 2.92792358e+02
    2.57318085e+02 3.49004364e+02 3.30258240e+02 3.60883942e+02
    3.58589264e+02 4.66815834e+01 3.44633270e+02 3.47755798e+02
    2.78626831e+02 3.24380585e+02 2.66859375e+02 3.67209106e+02
    2.80925507e+02 3.02463013e+02 3.29575836e+02 1.51170456e+02
    3.29872986e+02 1.52961319e+02 2.77123810e+02 6.47197876e+01
    3.43037903e+02 3.05151672e+02 3.20992706e+02 2.86682709e+02
    3.32385529e+02 2.94649506e+02 3.57004089e+02 4.70925522e+01
    3.27675323e+02 2.71642426e+02 3.12019470e+02 3.36710297e+02
    3.43195129e+02 4.10029175e+02 2.80632782e+02 2.60920410e+02
    3.22896759e+02 3.76102631e+02 2.72685944e+02 3.69928711e+02
    2.82876221e+02 6.32976799e+01 4.35446350e+02 2.01223251e+02
    2.77995758e+02 2.88863647e+02 3.58878113e+02 3.34157471e+02
    3.08503662e+02 3.17996918e+02 2.87430511e+02 2.56388519e+02
    3.50274841e+02 3.28442421e+01 2.82633728e+02 2.97166595e+02
    3.59245972e+02 4.87792511e+01 3.10665466e+02 3.44786034e+01
    3.11549530e+02 3.16943024e+02 3.14113556e+02 3.43991760e+02
    3.18091980e+02 3.04081635e+02 3.12783752e+02 3.28750214e+02
    2.90421143e+02 5.26974792e+01 2.85345764e+02 2.89127808e+02
    2.94797943e+02 3.62108307e+02 3.41922577e+02 3.88915985e+02
    3.62536041e+02 3.45099304e+02 3.59218384e+02 3.31021912e+02
    4.13002808e+02 2.53019348e+02 3.75828918e+02 3.12402588e+02
    3.27982697e+02 2.59336945e+02 3.22507843e+02 3.81793701e+02
    3.16234863e+02 3.03458538e+01 3.08805054e+02 2.59852875e+02
    3.11262085e+02 2.39608871e+02 2.63792877e+02 2.74085724e+02
    2.63041809e+02 2.98059021e+02 3.39066650e+02 3.99531891e+02
    3.66758087e+02 2.28710785e+02 2.77080353e+02 2.92681732e+02
    3.20794891e+02 4.02408691e+02 3.56057373e+02 3.38611450e+02
    3.42438477e+02 3.14995300e+02 2.78754456e+02 3.08362000e+02
    3.12015839e+02 3.04923248e+02 3.14669708e+02 3.18169891e+02
    3.52429443e+02 3.37686493e+02 3.78500763e+02 2.41014755e+02
    3.15008392e+02 5.43841133e+01 3.39443817e+02 3.09463634e+01
    3.65835236e+02 2.20869080e+02 3.28707153e+02 4.01168884e+02
    3.65579468e+02 2.99717804e+02 3.11520203e+02 2.38036148e+02
    2.82593292e+02 3.28195435e+02 3.22585968e+02 3.61106049e+02
    3.28783569e+02 3.78295013e+02 2.73330170e+02 1.18100021e+02
    3.20426025e+02 3.30055237e+02 3.15635345e+02 2.40650574e+02
    2.87202179e+02 2.68405792e+02 3.38708588e+02 3.05207886e+02
    2.61189484e+02 2.89244781e+02 4.38948669e+02 2.12969727e+02
    3.33673492e+02 4.09716705e+02 3.66723785e+02 2.14260452e+02
    3.39729980e+02 3.20190948e+02 3.02271423e+02 3.16192810e+02
    2.87644989e+02 3.65631989e+02 3.05494202e+02 2.40656525e+02
    2.87173218e+02 2.83586395e+02 3.24291046e+02 2.88128632e+02
    2.86244446e+02 2.59228455e+02 3.31269470e+02 1.36229828e+02
    2.95642609e+02 2.70847534e+02 3.83808105e+02 3.20392548e+02
    2.86462891e+02 2.74550812e+02 3.59194946e+02 1.61277725e+02
    3.27826538e+02 2.86764618e+02 3.40483856e+02 3.57152588e+02
    2.87857941e+02 2.81369293e+02 4.41584656e+02 2.13942368e+02
    3.18075653e+02 2.50019592e+02 3.19284210e+02 3.55232666e+02
    3.53937775e+02 2.96595734e+02 3.09541046e+02 2.49950485e+02
    3.80606995e+02 3.18590149e+02 2.96515656e+02 6.09344749e+01
    3.14596222e+02 3.78235321e+02 3.38990387e+02 4.07573212e+02
    3.68099365e+02 1.55113190e+02 3.81348724e+02 2.45248184e+02
    3.06022888e+02 3.83397156e+02 3.64069550e+02 1.46356339e+02
    2.96855682e+02 3.28449371e+02 2.82942871e+02 2.75925507e+02
    3.17600220e+02 3.51866669e+02 2.95164703e+02 2.97750336e+02
    3.37616577e+02 3.60498657e+02 2.69224274e+02 2.63468933e+02
    3.29053070e+02 4.05257050e+02 3.06467163e+02 3.71348457e+01
    2.99367889e+02 2.71170441e+02 3.60818390e+02 1.40176727e+02
    3.49215698e+02 1.63558289e+02 3.05842468e+02 2.80845394e+01
    4.46893005e+02 1.62883316e+02 2.79892151e+02 2.51633820e+02
    3.02420746e+02 3.82934998e+02 3.05155701e+02 3.98831573e+02
    3.09891296e+02 2.53480362e+02 2.89562805e+02 2.82232910e+02
    3.45061768e+02 2.55880630e+02 4.07564148e+02 2.37218155e+02
    3.67561310e+02 3.07757324e+02 3.29302765e+02 2.53170898e+02
    3.38032227e+02 2.50329575e+02 3.91951904e+02 2.73977661e+02
    3.08932037e+02 2.45808487e+02 2.84343658e+02 2.91381500e+02
    2.98870087e+02 3.70972260e+02 2.95882050e+02 3.78347900e+02
    3.57351013e+02 3.00548309e+02 4.45825989e+02 2.14312637e+02
    2.98913635e+02 3.78155029e+02 3.63497955e+02 3.10792938e+02
    3.56208374e+02 3.03743378e+02 2.71231964e+02 2.51711975e+02
    3.36488647e+02 3.16743286e+02 3.83095428e+02 2.70180237e+02
    3.13294891e+02 2.96523773e+02 2.89339630e+02 3.04801086e+02
    2.94281097e+02 2.37620590e+02 2.97035492e+02 6.39809227e+01
    3.60277374e+02 2.85216427e+01 3.60386902e+02 2.65578060e+01
    2.78278625e+02 3.40023987e+02 3.08989563e+02 3.68285583e+02
