<?xml version="1.0"?>
<opencv_storage>
<keypoint3d002 type_id="opencv-matrix">
  <rows>453</rows>
  <cols>3</cols>
  <dt>"3f"</dt>
  <data>
    -1.39492843e-02 -1.00508936e-01 -4.54451852e-02 2.42783152e-03
    1.17124962e-02 1.17124962e-02 3.34916287e-03 5.22421207e-03
    -4.01178524e-02 2.46653659e-03 4.36649024e-02 -6.35997579e-03
    -4.19410504e-03 1.00794584e-02 2.97580138e-02 4.59507480e-02
    3.94579401e-04 9.94487433e-04 3.03495899e-02 -1.81248903e-01
    1.70162380e-01 6.70739310e-03 -6.17655518e-04 2.08328688e-03
    1.53017370e-02 1.92336813e-02 2.75486847e-03 -1.20093105e-02
    4.14009904e-03 -6.59337416e-02 -6.70235546e-04 1.06287631e-03
    9.70912874e-02 1.88186169e-01 1.75429493e-01 3.41750950e-01
    -2.12682448e-02 -1.08100683e-03 -5.91800213e-02 5.37666045e-02
    -4.45048437e-02 1.87982485e-01 1.00121155e-01 1.40267476e-01
    -1.35324150e-01 -8.66547879e-03 6.17419370e-04 -6.29172176e-02
    -1.05443662e-02 2.81124488e-02 -4.76573361e-03 1.04368748e-02
    1.13836750e-02 1.40960189e-02 -4.90909256e-03 7.95572624e-03
    -6.18610382e-02 5.32952929e-03 1.90890282e-02 2.21203677e-02
    -2.16890522e-03 3.91320651e-03 -1.63312594e-04 -2.42040101e-02
    1.76716503e-02 -8.29221606e-02 2.79888272e-01 3.77711624e-01
    -3.21648344e-02 4.85460497e-02 1.06147276e-02 5.60059398e-02
    1.17608868e-02 -9.70359445e-02 1.43764496e-01 1.87893987e-01
    -1.15217753e-01 2.73134619e-01 4.20453474e-02 1.70481622e-01
    8.63978546e-03 3.23875286e-02 -1.81137055e-01 1.68289453e-01
    9.13672801e-03 1.02555128e-02 -3.65109816e-02 3.69242653e-02
    2.73238576e-04 1.99971418e-03 -2.02356707e-02 2.63550915e-02
    -4.46137898e-02 3.64356034e-04 7.57078014e-05 1.24207902e-04
    -8.32632463e-03 1.70052405e-02 7.13104829e-02 -1.40540674e-02
    1.84322707e-02 -6.60027713e-02 4.27719159e-03 4.27719159e-03
    3.37949884e-03 1.35353636e-02 -1.41979884e-02 2.17596795e-02
    2.92022470e-02 -6.27960488e-02 -4.54473756e-02 1.38179557e-02
    -2.94519309e-03 3.51945776e-03 -9.33706481e-03 9.46796685e-03
    3.12254706e-04 -3.50580364e-02 2.64059007e-02 -4.67123836e-02
    7.39885589e-43 0. 7.39885589e-43 0. -1.96965440e-04 2.82149675e-04
    4.48483378e-02 -1.56079113e-01 -4.66553941e-02 1.83339522e-04
    -5.77623068e-05 2.11916835e-04 6.15650080e-02 6.54141307e-02
    -3.59703787e-03 1.20637724e-02 -8.54077786e-02 -1.07606314e-02
    -1.29047444e-03 2.10960698e-03 1.22780073e-02 1.33739738e-02
    -3.76722328e-02 4.02289852e-02 -3.65893263e-03 4.74247076e-02
    -5.81152812e-02 1.44687518e-02 1.86743250e-03 1.86743250e-03
    -2.80954898e-03 2.81506265e-03 1.11103733e-03 2.93715745e-02
    -8.46977718e-03 -8.04620981e-02 -5.20929834e-03 8.12893268e-03
    5.37757005e-04 2.36128713e-03 -1.63367309e-04 1.19207602e-03
    -2.05604471e-02 4.39005718e-02 -2.35348362e-02 4.67502475e-01
    -2.21643765e-02 2.46959422e-02 4.13082391e-02 4.46763933e-02
    1.14379160e-03 -3.36046703e-02 2.72186175e-02 -4.86080572e-02
    -2.58960396e-01 2.94961303e-01 2.43289024e-03 1.77413281e-02
    -5.54146320e-02 6.40672445e-02 -2.86333710e-02 5.88637916e-03
    -5.55138662e-02 4.95234784e-03 6.45382190e-03 6.76378375e-03
    -3.58817284e-04 4.04411787e-03 -2.97219702e-03 -2.20638867e-02
    2.74199955e-02 -4.54558618e-02 -2.55433237e-03 4.04612068e-03
    2.49492790e-04 3.97221884e-03 6.55018315e-02 1.43917367e-01
    -2.27256157e-02 1.68218045e-03 -5.80741912e-02 5.38298227e-02
    -1.41291507e-03 1.20520070e-02 -2.57562131e-01 2.90278703e-01
    -6.54404834e-02 1.10173607e-02 1.54107697e-02 -6.90321624e-02
    1.47122853e-02 5.74844144e-02 5.63676935e-03 1.59145240e-02
    1.45736830e-02 3.12308688e-02 1.20139979e-02 -7.92721361e-02
    8.98162201e-02 3.98351438e-03 -4.91884421e-04 9.40358208e-04
    6.06181391e-04 6.14559918e-04 -4.03217244e-04 -2.96035800e-02
    5.02799936e-02 -3.54306512e-02 -4.95733414e-03 6.76232902e-03
    6.21979162e-02 6.22637831e-02 -2.17897091e-02 2.18930300e-02
    -2.55815797e-02 7.20448443e-04 -5.81419915e-02 4.57570702e-02
    8.32555164e-03 8.33639503e-03 -2.42325640e-03 3.68322269e-03
    1.61041860e-02 3.23975533e-02 -2.00813115e-02 -3.93924788e-02
    -1.12635759e-03 3.03011923e-03 3.61610611e-04 1.47542229e-03
    1.20013814e-04 6.57117344e-04 3.54778953e-02 -1.35245612e-02
    -6.47041053e-02 0. 3.36081546e-04 1.41089526e-03 -3.70411231e-04
    1.57959375e-03 7.05357888e-05 -1.20512247e-02 1.21919382e-02
    -6.43438995e-02 3.44078653e-02 1.76358238e-01 -2.34749285e-03
    5.12898387e-03 3.87810320e-02 4.45650555e-02 4.68032919e-02
    -1.60560861e-01 7.54452497e-03 4.36201915e-02 0. 0. 1.67289041e-02
    1.67289041e-02 2.97496617e-02 -1.04007106e-02 4.38550673e-02
    -9.17650163e-02 -5.89492674e-06 5.89492674e-06 3.30636860e-03
    3.30636860e-03 6.93506608e-03 6.95569767e-03 -1.65453851e-02
    -4.63767815e-03 -5.26322126e-02 1.08890571e-02 5.51262638e-03
    2.62448769e-02 2.29092874e-02 2.39551477e-02 7.66919330e-02
    -3.21584642e-02 -2.33570323e-03 -4.88700718e-02 -2.03515533e-02
    2.84647107e-01 1.10980064e-01 1.10980064e-01 -6.85878680e-04
    3.36380452e-02 4.78246622e-03 3.05664856e-02 -1.00791147e-02
    6.27908111e-02 5.59985414e-02 5.59985414e-02 7.79341999e-03
    7.79341999e-03 0. -4.24482003e-02 -2.50830082e-03 -4.84258011e-02 0.
    0. -2.26882729e-03 3.43849370e-03 1.39728960e-04 1.39728960e-04
    -9.31322575e-09 4.59212027e-02 -6.17056116e-02 1.28399041e-02
    1.86945334e-01 2.39818573e-01 2.14408189e-01 2.21896604e-01
    -7.49798939e-02 -3.69932167e-02 -1.13556370e-01 -4.20193337e-02
    -1.44638107e-04 1.05670502e-03 6.98339252e-04 6.98339252e-04
    3.74049472e-04 2.72989855e-03 2.13286132e-02 2.11047251e-02
    -1.85393468e-01 0. -4.64614219e-04 4.64614219e-04 0. 0.
    -3.58092366e-04 -2.37176493e-02 1.50646269e-02 -6.26070276e-02
    9.09605587e-04 1.04908354e-03 -6.20955892e-04 8.08919431e-04
    -3.70935891e-06 2.49047152e-04 3.37616950e-02 -1.70913469e-02
    -4.38325517e-02 1.80588628e-03 1.83614343e-02 1.83614343e-02
    7.82359566e-04 2.31556757e-03 6.80066994e-04 3.55415000e-03
    3.37129980e-02 1.44557748e-03 6.68955327e-04 6.91178662e-04
    -2.23318839e-05 2.23318839e-05 8.80233256e-06 1.09231269e-05
    -1.21713700e-02 1.34631088e-02 -6.07841462e-02 1.35270557e-05
    -1.31204003e-03 1.31274702e-03 2.21965677e-42 0. 7.39885589e-43
    -3.38764340e-02 -2.76516518e-03 -4.83431257e-02 5.24763018e-05
    6.82494778e-04 -1.87511859e-03 1.88579829e-03 -3.06812726e-04
    1.68634346e-03 7.27640558e-03 5.43803200e-02 4.28923592e-02
    1.43173067e-02 -1.37381526e-02 1.52126960e-02 -5.62263979e-03
    9.71657038e-03 6.29045144e-02 1.99164972e-02 -2.48917565e-02
    -2.98558902e-02 1.17637487e-02 2.85589211e-02 -3.48457135e-04
    1.79124018e-03 4.92801424e-04 7.78525020e-04 -2.08338089e-02
    1.06230034e-02 -5.49461693e-02 3.25311534e-03 5.64685266e-04
    5.64685266e-04 -1.90127213e-02 1.90127213e-02 -6.12863398e-04
    -2.78850775e-02 2.95067895e-02 -4.29371595e-02 2.03612857e-02
    2.43219454e-02 1.92523561e-02 1.06257647e-01 7.24797025e-02
    7.24797025e-02 -3.10517550e-02 -8.49096011e-03 -4.58573885e-02
    3.81424353e-02 1.23418450e-01 1.23684138e-01 4.63356346e-01
    4.68154669e-01 -2.10187025e-02 2.61946283e-02 -1.55565552e-02
    -4.25475538e-02 -6.29224174e-04 2.40925513e-03 1.02390477e-04
    8.62542656e-04 -2.03743853e-04 1.09692779e-03 1.80550031e-02
    -2.35232897e-02 -3.06682047e-02 6.83087576e-03 -2.44254386e-03
    8.33633263e-03 -9.80797037e-03 1.23049840e-02 -2.56747426e-03
    1.13259805e-02 4.28674743e-02 -7.33920559e-02 -9.17675532e-03
    2.52891984e-02 5.77380657e-02 7.22564012e-02 -1.03170949e-03
    3.69657390e-02 3.06849070e-02 -1.87650815e-01 1.32610068e-01
    2.15559080e-01 5.51069863e-02 1.20984644e-01 0. 0. -9.55496944e-05
    -3.04943491e-02 4.05641310e-02 -2.10178457e-02 3.17540462e-03
    3.92575515e-03 1.42180652e-03 1.43870956e-03 1.58942863e-03
    1.83433562e-03 -9.73692257e-03 -6.20509796e-02 -3.72532904e-02
