<?xml version="1.0"?>
<opencv_storage>
<pose001 type_id="opencv-matrix">
  <rows>4</rows>
  <cols>4</cols>
  <dt>f</dt>
  <data>
    9.91056859e-01 -1.37745785e-02 -1.32727250e-01 1.28552951e-02
    9.38223675e-03 9.99389231e-01 -3.36617790e-02 5.63098770e-03
    1.33109868e-01 3.21154594e-02 9.90580797e-01 3.93883526e-01 0. 0. 0.
    1.</data></pose001>
</opencv_storage>
