<?xml version="1.0"?>
<opencv_storage>
<pose002 type_id="opencv-matrix">
  <rows>4</rows>
  <cols>4</cols>
  <dt>f</dt>
  <data>
    9.80664253e-01 -4.51051779e-02 1.90428883e-01 4.04337570e-02
    4.64955382e-02 9.98914480e-01 -2.83724931e-03 3.01892590e-02
    -1.90094188e-01 1.16364826e-02 9.81696904e-01 4.48786557e-01 0. 0.
    0. 1.</data></pose002>
</opencv_storage>
