<?xml version="1.0"?>
<opencv_storage>
<edge_template_pose013 type_id="opencv-matrix">
  <rows>4</rows>
  <cols>4</cols>
  <dt>f</dt>
  <data>
    -9.65925813e-001 2.58819044e-001 -2.43359288e-008 0. 2.54886985e-001
    9.51251209e-001 1.73648179e-001 0. 4.49434780e-002 1.67731255e-001
    -9.84807730e-001 3.00000012e-001 0. 0. 0. 1.</data></edge_template_pose013>
</opencv_storage>
