<?xml version="1.0"?>
<opencv_storage>
<edge_template_pose020 type_id="opencv-matrix">
  <rows>4</rows>
  <cols>4</cols>
  <dt>f</dt>
  <data>
    -9.65925813e-001 -2.58819044e-001 -2.43359288e-008 0.
    -2.43210360e-001 9.07673359e-001 3.42020154e-001 0. -8.85213092e-002
    3.30366105e-001 -9.39692616e-001 3.00000012e-001 0. 0. 0. 1.</data></edge_template_pose020>
</opencv_storage>
