<?xml version="1.0"?>
<opencv_storage>
<edge_template_pose015 type_id="opencv-matrix">
  <rows>4</rows>
  <cols>4</cols>
  <dt>f</dt>
  <data>
    -9.84807730e-001 1.73648179e-001 -2.43359288e-008 0. 1.63175896e-001
    9.25416529e-001 3.42020154e-001 0. 5.93912005e-002 3.36824089e-001
    -9.39692616e-001 3.00000012e-001 0. 0. 0. 1.</data></edge_template_pose015>
</opencv_storage>
