<?xml version="1.0"?>
<opencv_storage>
<edge_template_pose017 type_id="opencv-matrix">
  <rows>4</rows>
  <cols>4</cols>
  <dt>f</dt>
  <data>
    -1. 0. -2.43359288e-008 0. -8.32337843e-009 9.39692616e-001
    3.42020154e-001 0. 2.28682921e-008 3.42020154e-001 -9.39692616e-001
    3.00000012e-001 0. 0. 0. 1.</data></edge_template_pose017>
</opencv_storage>
