<?xml version="1.0"?>
<opencv_storage>
<edge_template_pose046 type_id="opencv-matrix">
  <rows>4</rows>
  <cols>4</cols>
  <dt>f</dt>
  <data>
    -9.96194720e-001 -8.71557444e-002 -2.43359288e-008 0.
    -4.35778946e-002 4.98097360e-001 8.66025388e-001 0. -7.54790753e-002
    8.62729907e-001 -5.00000000e-001 3.00000012e-001 0. 0. 0. 1.</data></edge_template_pose046>
</opencv_storage>
