<?xml version="1.0"?>
<opencv_storage>
<edge_template_pose002 type_id="opencv-matrix">
  <rows>4</rows>
  <cols>4</cols>
  <dt>f</dt>
  <data>
    -9.96194720e-001 8.71557444e-002 -2.43359288e-008 0. 8.71557444e-002
    9.96194720e-001 0. 0. 2.42433238e-008 -2.12101603e-009 -1.
    3.00000012e-001 0. 0. 0. 1.</data></edge_template_pose002>
</opencv_storage>
