<?xml version="1.0"?>
<opencv_storage>
<edge_template_pose024 type_id="opencv-matrix">
  <rows>4</rows>
  <cols>4</cols>
  <dt>f</dt>
  <data>
    -1. 0. -2.43359288e-008 0. -1.21679644e-008 8.66025388e-001
    5.00000000e-001 0. 2.10755324e-008 5.00000000e-001 -8.66025388e-001
    3.00000012e-001 0. 0. 0. 1.</data></edge_template_pose024>
</opencv_storage>
