<?xml version="1.0"?>
<opencv_storage>
<edge_template_pose027 type_id="opencv-matrix">
  <rows>4</rows>
  <cols>4</cols>
  <dt>f</dt>
  <data>
    -9.65925813e-001 2.58819044e-001 -2.43359288e-008 0. 2.24143848e-001
    8.36516261e-001 5.00000000e-001 0. 1.29409537e-001 4.82962906e-001
    -8.66025388e-001 3.00000012e-001 0. 0. 0. 1.</data></edge_template_pose027>
</opencv_storage>
