<?xml version="1.0"?>
<opencv_storage>
<keypoint3d003 type_id="opencv-matrix">
  <rows>480</rows>
  <cols>3</cols>
  <dt>"3f"</dt>
  <data>
    4.13498804e-02 6.29165843e-02 -4.90000732e-02 1.50356321e-02
    5.86210797e-03 1.12445084e-02 -7.70878699e-03 1.08048590e-02
    3.57147157e-02 4.90000024e-02 -4.96184826e-02 -6.98696002e-02
    1.55635439e-02 2.54949164e-02 -3.32788471e-03 3.81456665e-03
    2.22179238e-04 2.56052794e-04 3.20079848e-02 9.13428515e-02
    -4.90000583e-02 1.59706199e-03 -1.45900354e-03 1.61482196e-03
    -1.39893778e-02 3.08765173e-02 6.69423537e-03 3.63492221e-02
    -4.07794118e-02 -4.90000024e-02 1.66327655e-02 4.87692393e-02
    1.62956581e-01 3.30956012e-01 1.82345748e-01 1.92276999e-01
    -3.84789072e-02 9.49412957e-02 -4.90000546e-02 9.85692590e-02
    2.16131844e-03 3.36009562e-02 4.27663885e-03 5.38966209e-02
    2.00560708e-02 -1.91058237e-02 -5.72335385e-02 -4.90000248e-02
    1.09826289e-02 1.45871546e-02 7.42589764e-04 8.15860927e-03
    6.94393413e-03 1.23444106e-02 1.30997049e-02 -3.84356230e-02
    -4.90000248e-02 9.08488128e-03 2.88639069e-02 3.59458141e-02
    -3.08314562e-02 3.75330634e-02 8.67377780e-03 4.15112115e-02
    1.03113785e-01 -4.90000844e-02 4.17696983e-01 4.17696983e-01
    -1.61666051e-01 1.83718085e-01 8.31251293e-02 8.31251293e-02
    -2.63908654e-02 -3.01697701e-02 -4.90000248e-02 8.07067230e-02
    -1.78738404e-02 6.41779602e-02 -2.78994851e-02 4.03817073e-02
    5.42654842e-03 4.25591543e-02 8.31741542e-02 -4.90000695e-02
    -7.28935353e-04 7.72324810e-03 -1.23490393e-03 3.44497128e-03
    1.06703606e-03 1.89876754e-03 -2.78318673e-03 -4.12209332e-02
    -4.90000285e-02 3.31017538e-03 5.78097897e-05 1.25200814e-03
    8.79425742e-03 5.51728308e-02 6.55973935e-03 -4.46847379e-02
    -4.04922701e-02 -4.90000173e-02 4.92353830e-03 1.30887171e-02
    2.02558693e-02 2.35428233e-02 4.49369149e-03 1.40183587e-02
    4.02896218e-02 -1.04408180e-02 -4.90000248e-02 1.82042643e-03
    1.86752563e-03 2.70664948e-03 -1.72448962e-03 4.00894322e-03
    5.51541918e-04 -8.00398085e-03 -3.52440998e-02 -4.90000285e-02
    2.36763389e-41 0. 7.39885589e-43 0. -3.24888341e-02 3.36393826e-02
    3.08166444e-03 -3.14004347e-02 -4.90000360e-02 3.88793967e-04
    1.34261756e-03 1.51100557e-03 2.40940657e-02 2.77806111e-02
    1.66801326e-02 4.24298048e-02 8.16863775e-03 -4.89999987e-02
    -1.54515088e-03 1.06306365e-02 -7.89494812e-03 2.13542096e-02
    -1.90648604e-02 3.82311903e-02 3.85894924e-02 9.29533392e-02
    -4.90000844e-02 8.14214051e-02 -9.62750870e-04 3.08941863e-03
    8.93664733e-03 1.11333923e-02 -2.94176931e-03 -7.35552236e-03
    -6.92910329e-02 -4.90000360e-02 -1.45951901e-02 1.78804528e-02
    -1.88787252e-01 1.89331114e-01 1.57822331e-03 1.92430965e-03
    5.23883197e-03 -3.73112187e-02 -4.90000099e-02 1.34864405e-01
    1.16045102e-01 1.74798965e-01 3.87139879e-02 1.92532480e-01
    -6.54054433e-03 -1.90110151e-02 -6.16312176e-02 -4.90000471e-02
    -2.32804939e-02 1.68317109e-01 1.73042715e-01 4.50358629e-01
    -5.03861271e-02 1.55939817e-01 -1.41180977e-02 -6.80153146e-02
    -4.90000322e-02 4.65278067e-02 6.13705851e-02 6.13705851e-02
    -3.28681245e-02 8.89471024e-02 -2.17497745e-03 2.19368748e-02
    9.75891016e-03 -4.90000211e-02 -6.69199554e-03 6.69199554e-03
    -2.27250196e-02 2.45045163e-02 9.80131850e-02 1.31394818e-01
    2.59292983e-02 1.01010643e-01 -4.90000956e-02 1.33395657e-01
    -1.09678251e-04 2.47524995e-02 -7.51077430e-03 2.90636867e-01
    -4.12941873e-02 -4.64940816e-02 8.17527100e-02 -4.90000695e-02
    -2.38832217e-02 3.54809791e-01 4.46590967e-02 5.08631952e-02
    -3.34766433e-02 4.05934341e-02 -2.97829509e-04 1.67689472e-02
    -4.90000620e-02 4.49658707e-02 2.82283116e-04 6.43099309e-04
    -4.22714138e-03 7.03778956e-03 -2.36364850e-03 -7.73286633e-03
    -6.43754900e-02 -4.90000322e-02 2.64400113e-02 2.67432462e-02
    1.75074711e-02 1.75074711e-02 4.13632439e-03 1.92271620e-02
    3.06096338e-02 -5.71609959e-02 -4.90000248e-02 2.15781853e-02
    -1.48229254e-02 2.54815686e-02 -6.12626504e-03 2.21852493e-02
    -2.19566338e-02 -3.33735943e-02 1.01211019e-01 -4.90000993e-02
    6.11776672e-03 9.71694570e-03 -2.04664981e-03 1.05351862e-02
    -7.30889104e-03 7.31577352e-03 2.86822189e-02 3.31337228e-02
    -4.90000099e-02 0. -9.24592139e-04 4.27890010e-03 3.38387629e-03
    3.87956318e-03 -1.66322675e-03 2.24227421e-02 -2.34326404e-02
    -4.90000099e-02 2.11675651e-02 6.47903010e-02 4.09263978e-03
    4.32575680e-03 1.42828282e-02 2.59988923e-02 -2.64835097e-02
    -6.13761395e-02 -4.90000509e-02 1.69043001e-02 7.49722403e-03
    8.79233889e-03 6.53270353e-03 1.25269508e-02 4.42571612e-03
    2.39304062e-02 6.62488341e-02 -4.90000807e-02 2.70359924e-05
    2.85158108e-04 4.10723180e-04 5.52629586e-04 1.03089272e-03
    1.06985064e-03 1.79822650e-02 6.16587326e-02 -4.90000844e-02
    2.38616280e-02 -1.26055172e-02 1.80255584e-02 1.50049664e-02
    2.55709141e-02 -2.57380486e-01 4.89999913e-02 7.64840916e-02
    7.60343447e-02 -1.06931634e-01 1.35366425e-01 8.43758360e-02
    8.43758360e-02 3.37272920e-02 4.10721377e-02 5.78166731e-03
    -2.49506794e-02 -4.90000211e-02 1.06816627e-01 -3.75960097e-02
    5.21713234e-02 3.77080194e-03 4.04044380e-03 1.55622663e-03
    -2.87639946e-02 -4.38888967e-02 -4.90000285e-02 -3.79510736e-03
    3.82233574e-03 1.19357519e-02 1.45055205e-02 2.04706378e-03
    9.50171333e-03 3.30756465e-03 4.46938425e-02 -4.90000322e-02
    9.95089207e-03 -8.88448283e-02 4.50207382e-01 2.22101510e-02
    1.95622489e-01 2.51570083e-02 -1.21785793e-02 -7.29824156e-02
    -4.90000360e-02 2.11565003e-01 2.31743276e-01 4.01506573e-02
    7.11842105e-02 6.49156943e-02 8.64157677e-02 2.96691414e-02
    3.13136354e-02 -4.90000024e-02 1.43047757e-02 1.08208426e-03
    1.61557030e-02 8.36584251e-04 5.61920740e-03 -6.12033671e-03
    6.25060126e-03 -2.65916344e-02 -4.90000248e-02 4.25645523e-03
    4.25645523e-03 -3.68682062e-03 3.83305736e-03 4.21683770e-03
    4.21683770e-03 2.71703452e-02 1.71903763e-02 -4.90000024e-02
    3.00641116e-02 9.08838585e-03 1.95569843e-02 -4.28915489e-03
    5.43721579e-03 1.49191394e-02 4.19910513e-02 3.26733105e-02
    -4.90000024e-02 5.15188649e-03 7.59098120e-03 -1.23933586e-03
    1.46642816e-03 4.17619536e-04 4.13265731e-03 1.83788501e-03
    -7.03384802e-02 -4.90000285e-02 1.05780829e-03 1.41061086e-03
    1.87322474e-03 2.51561100e-41 0. 7.39885589e-43 2.71562748e-02
    -2.94658449e-02 -4.90000248e-02 -2.22923671e-04 3.62681400e-04
    -4.34950780e-05 6.40221260e-05 -3.01141445e-05 3.41142470e-04
    4.89999801e-02 8.00914392e-02 8.78663138e-02 1.55288391e-02
    -5.67925768e-03 9.71486885e-03 -1.21752117e-02 1.50226979e-02
    3.99398729e-02 -2.75849290e-02 -4.49548215e-02 -4.90000360e-02
    -1.41686865e-03 5.67311980e-03 5.12533356e-04 4.32363478e-03
    2.69178243e-04 6.61200099e-03 7.72761414e-04 8.12582597e-02
    -4.90000844e-02 3.43298161e-04 6.59813581e-04 1.01166614e-03
    -1.97218731e-03 2.32273876e-03 -7.84082862e-04 -4.20823619e-02
    -5.13671488e-02 -4.90000471e-02 1.58737646e-04 1.07066752e-03
    -2.81166227e-04 6.00175671e-02 -2.03064381e-04 1.31424889e-01
    4.88094948e-02 7.35775158e-02 -4.90000732e-02 1.29496694e-01
    4.38190311e-01 4.77436304e-01 1.25976831e-01 1.76696703e-01
    -1.74115300e-02 3.18227746e-02 1.90835521e-02 -4.89999987e-02
    -5.78654604e-03 3.52842249e-02 -6.94185216e-03 2.90253367e-02
    -6.62357561e-05 2.51341029e-03 3.35327052e-02 3.79987173e-02
    -4.90000062e-02 1.50716677e-03 -4.65178397e-04 5.32307371e-04
    -3.61248414e-04 5.44966140e-04 8.83060799e-04 2.97882780e-02
    8.07587206e-02 -4.90000546e-02 5.44869155e-03 4.29385044e-02
    2.59049479e-02 1.13859564e-01 2.35756040e-02 8.63078982e-02
    -2.35646758e-02 -6.86438978e-02 -4.90000620e-02 2.12729111e-01
    1.83052421e-02 3.55221778e-02 1.16588874e-03 3.11655551e-02
    -7.78472982e-03 -1.15594454e-02 4.58235070e-02 -4.90000285e-02
    1.46160601e-04 2.97267409e-03 -2.58123782e-03 7.73532782e-03
