<?xml version="1.0"?>
<opencv_storage>
<keypoint2d003 type_id="opencv-matrix">
  <rows>328</rows>
  <cols>1</cols>
  <dt>"2f"</dt>
  <data>
    4.42154724e+02 3.65952637e+02 3.49962616e+02 6.61824646e+01
    4.45975952e+02 2.19559296e+02 3.08692200e+02 4.99082603e+01
    4.42310364e+02 2.13606781e+02 4.45695099e+02 2.30234558e+02
    4.05667542e+02 2.46809830e+02 4.42197754e+02 3.40328613e+02
    3.66526703e+02 3.65513641e+02 4.36021454e+02 2.05244751e+02
    4.37992249e+02 3.05757935e+02 3.07293182e+02 5.11651001e+01
    4.37861816e+02 3.13808197e+02 4.41677582e+02 3.77293274e+02
    4.33871216e+02 3.43177460e+02 4.34439331e+02 3.70645508e+02
    4.37246613e+02 3.09466339e+02 2.85124817e+02 6.02856255e+01
    4.44091888e+02 2.64794830e+02 4.36769409e+02 2.68107025e+02
    4.44283539e+02 2.50705246e+02 2.80569672e+02 5.96902428e+01
    3.74966980e+02 4.06204834e+02 3.99790375e+02 3.44945496e+02
    4.26494019e+02 2.64670715e+02 4.08185364e+02 2.77074799e+02
    4.31961792e+02 3.95314728e+02 4.39895996e+02 3.35155853e+02
    4.16805725e+02 3.67947083e+02 2.91821014e+02 5.32223549e+01
    4.00191650e+02 4.14999023e+02 4.40377533e+02 3.91603485e+02
    4.08753021e+02 3.53981476e+02 4.40460083e+02 3.15453278e+02
    3.99389160e+02 3.65851501e+02 4.44701660e+02 1.83316589e+02
    4.40506653e+02 1.50061462e+02 4.00489838e+02 3.76558807e+02
    3.72630432e+02 3.54234131e+02 4.17000397e+02 3.55249664e+02
    4.45230225e+02 1.60680618e+02 4.26533966e+02 3.28269745e+02
    3.96480011e+02 2.45081863e+02 3.89185303e+02 3.64020294e+02
    2.72713470e+02 1.93174683e+02 4.44014740e+02 1.83164597e+02
    4.23233704e+02 3.42107208e+02 3.76365387e+02 3.59641663e+02
    2.75597900e+02 2.83469421e+02 4.08873016e+02 4.20066223e+02
    4.21308228e+02 3.41166412e+02 4.45026001e+02 1.66391907e+02
    4.00179657e+02 4.21438751e+02 3.99183533e+02 3.74632233e+02
    4.11839264e+02 3.79886475e+02 4.44404999e+02 2.88372925e+02
    4.04394257e+02 3.73172974e+02 2.75499420e+02 2.61559906e+02
    4.31451111e+02 3.53839752e+02 4.48691254e+02 3.33817444e+02
    4.40780914e+02 2.84805817e+02 4.06873108e+02 2.56317413e+02
    2.94630707e+02 2.34701035e+02 4.29840515e+02 3.58717377e+02
    3.91550598e+02 3.36488678e+02 4.07026001e+02 2.58768707e+02
    4.17371521e+02 3.30139282e+02 3.94396881e+02 3.84681030e+02
    3.89765747e+02 3.71279297e+02 4.44373993e+02 2.86265625e+02
    4.20178833e+02 3.82715942e+02 4.10935669e+02 3.44120697e+02
    3.94301331e+02 3.77884064e+02 2.78171967e+02 3.32074097e+02
    3.86388977e+02 2.33791183e+02 3.89762482e+02 4.21806274e+02
    3.85469421e+02 3.66486572e+02 3.11595367e+02 7.20488510e+01
    4.06382507e+02 3.90501678e+02 3.70348145e+02 3.72623138e+02
    3.12309509e+02 6.69994049e+01 4.48341034e+02 3.46485046e+02
    3.18439026e+02 5.30057487e+01 2.77054291e+02 1.99133224e+02
    2.74893555e+02 3.06883850e+02 2.77921173e+02 3.11123047e+02
    4.14421509e+02 2.18182602e+02 2.79955811e+02 3.39309418e+02
    3.86492249e+02 3.45488892e+02 4.34306732e+02 3.51106659e+02
    3.83104187e+02 2.29916443e+02 4.17366455e+02 4.09698853e+02
    3.82715515e+02 3.56798553e+02 3.93519379e+02 3.71154938e+02
    4.24320038e+02 3.56907684e+02 2.71750183e+02 3.74203217e+02
    4.37331726e+02 3.24942535e+02 3.65272552e+02 3.37001953e+02
    3.23507812e+02 5.84715652e+01 3.80418762e+02 3.34298737e+02
    4.33046234e+02 3.60254456e+02 2.91467102e+02 7.58376846e+01
    4.19363007e+02 3.61785065e+02 4.19905457e+02 7.62455597e+01
    2.92360901e+02 7.59505234e+01 3.99188629e+02 3.19516846e+02
    3.29344238e+02 5.33824921e+01 3.72701508e+02 3.77090179e+02
    2.98699127e+02 8.54300156e+01 4.16846680e+02 3.90041290e+02
    2.78210358e+02 3.82850311e+02 4.19792938e+02 2.45046768e+02
    3.59955017e+02 3.28945404e+02 4.02953827e+02 3.35828766e+02
    3.65334656e+02 3.18738190e+02 2.73061768e+02 2.48556656e+02
    4.26361694e+02 3.10800262e+02 4.25741669e+02 3.17957550e+02
    4.30951538e+02 3.80717194e+02 4.06236053e+02 3.62043396e+02
    4.22722717e+02 3.19708832e+02 4.17749969e+02 2.46056747e+02
    2.93097931e+02 4.28972473e+02 2.87068085e+02 2.55932632e+02
    4.41235199e+02 6.71943054e+01 3.63528381e+02 3.56759796e+02
    2.84389618e+02 3.50595917e+02 2.74784546e+02 2.30312729e+02
    3.67435059e+02 3.19599915e+02 3.82127411e+02 4.94106255e+01
    2.73724335e+02 2.33683517e+02 3.89168304e+02 2.83516541e+02
    4.00861816e+02 7.48604202e+01 4.19678314e+02 2.58363586e+02
    2.80528229e+02 3.09176239e+02 3.90234192e+02 3.42674835e+02
    4.26525513e+02 4.06046631e+02 3.69002350e+02 3.08292877e+02
    4.45513885e+02 3.73128571e+02 4.04088531e+02 5.99138641e+01
    4.12106934e+02 5.13236580e+01 4.07652100e+02 4.08737122e+02
    4.08086060e+02 2.36503693e+02 4.12352509e+02 6.36022530e+01
    3.63243866e+02 2.48934799e+02 3.84345612e+02 2.53729095e+02
    4.38461884e+02 3.54544983e+02 3.76518219e+02 3.31175873e+02
    4.10040283e+02 2.33674667e+02 4.20211334e+02 6.76195755e+01
    3.29265259e+02 8.68145065e+01 3.95099030e+02 3.53335571e+02
    3.50263214e+02 4.98360558e+01 4.46979187e+02 3.71859497e+02
    2.93188110e+02 6.47815475e+01 2.85405151e+02 7.91595993e+01
    3.71349915e+02 3.90904724e+02 3.96062683e+02 6.15722694e+01
    4.13709473e+02 3.31842072e+02 2.92219696e+02 7.77964325e+01
    2.93858917e+02 7.79934769e+01 3.74909790e+02 4.17070221e+02
    3.78760315e+02 3.98126282e+02 4.28046509e+02 2.73488007e+02
    2.84273346e+02 7.90438080e+01 3.78757050e+02 3.39881439e+02
    4.31781982e+02 3.42899933e+02 3.93025787e+02 3.56039978e+02
    3.03212524e+02 7.88877411e+01 3.05165314e+02 7.90304642e+01
    2.91875702e+02 8.03225784e+01 4.28245300e+02 5.98376923e+01
    3.73193817e+02 8.50507660e+01 3.97184509e+02 3.53063141e+02
    3.99737732e+02 3.08525940e+02 3.74933044e+02 3.84463745e+02
    3.58446716e+02 3.47824310e+02 3.82299988e+02 4.23118286e+02
    2.88804230e+02 3.67350708e+02 3.85863098e+02 5.78346634e+01
    3.63969666e+02 3.03986053e+02 3.91064087e+02 7.82323303e+01
    3.86920593e+02 3.18751190e+02 4.21983643e+02 8.03479233e+01
    3.76695221e+02 5.33805313e+01 3.88730072e+02 3.99873383e+02
    3.92816345e+02 7.82457886e+01 2.95469055e+02 7.81605301e+01
    2.72799377e+02 2.26385788e+02 3.67258728e+02 3.45947388e+02
    3.92030853e+02 3.98810333e+02 3.75484344e+02 3.12220215e+02
    2.82550110e+02 5.74148865e+01 3.98127258e+02 3.32778076e+02
    3.76800262e+02 2.41447449e+02 2.79733124e+02 2.75465942e+02
    4.46213562e+02 3.84328156e+02 3.79919220e+02 7.02508926e+01
    3.98834625e+02 5.76639366e+01 3.39693024e+02 4.93036041e+01
    3.74389252e+02 3.16554016e+02 2.76114136e+02 3.50739075e+02
    3.75282410e+02 3.14214050e+02 4.13796112e+02 3.24188782e+02
    3.24324707e+02 8.85897598e+01 2.91128082e+02 5.13922310e+01
    4.20248535e+02 5.54583206e+01 4.01831024e+02 3.01103790e+02
    3.99511139e+02 3.07152191e+02 4.07952393e+02 4.05538757e+02
    4.07527771e+02 2.13619217e+02 3.84517151e+02 4.09938477e+02
    2.95124878e+02 4.93531075e+01 3.47835938e+02 9.02976532e+01
    4.02305725e+02 7.98751068e+01 4.27984528e+02 3.91042572e+02
    4.37343750e+02 1.32839966e+02 4.39297119e+02 2.95310516e+02
    2.75628906e+02 3.38354950e+02 3.70388062e+02 4.32126556e+02
    4.14254791e+02 2.87800171e+02 3.67521698e+02 2.77769012e+02
    3.22146790e+02 9.29298782e+01 2.95232849e+02 6.91915283e+01
    3.91093292e+02 2.20131317e+02 3.69939575e+02 3.98133453e+02
    4.44465576e+02 2.02742126e+02 4.08672760e+02 6.23035583e+01
    3.89158203e+02 3.96624695e+02 3.93339478e+02 2.58589081e+02
    3.90166138e+02 4.30147522e+02 3.88588318e+02 4.10140961e+02
    3.26888885e+02 6.39937248e+01 4.36046112e+02 1.31440399e+02
    4.19880859e+02 2.38819641e+02 4.13567627e+02 7.96962204e+01
    3.36912598e+02 2.83601257e+02 3.60296051e+02 5.36986961e+01
    2.84902710e+02 3.08266479e+02 3.88903809e+02 6.29855690e+01
    3.65934662e+02 3.82648743e+02 4.00962097e+02 3.57196991e+02
    3.93635834e+02 4.04618500e+02 4.10373138e+02 2.27163956e+02
