<?xml version="1.0"?>
<opencv_storage>
<keypoint3d001 type_id="opencv-matrix">
  <rows>674</rows>
  <cols>3</cols>
  <dt>"3f"</dt>
  <data>
    2.49609947e-02 -8.07926953e-02 -4.90000173e-02 0. 4.64013194e-37 0.
    4.64036153e-37 0. 4.64036153e-37 -4.89999801e-02 -7.98453763e-02
    1.10819004e-03 4.82472128e-37 0. 4.82472128e-37 0. 4.91588954e-37 0.
    3.04553919e-02 -2.24868208e-02 -4.89999987e-02 0. 4.86797724e-37 0.
    4.86820683e-37 0. 4.86820683e-37 4.25496437e-02 1.53328683e-02
    -4.90000173e-02 4.78478719e-37 0. 4.78478719e-37 0. 4.72580441e-37
    0. -3.49867977e-02 -5.91849089e-02 -4.89999913e-02 0. 4.52418962e-37
    0. 4.52441921e-37 0. 4.52441921e-37 3.46714593e-02 -5.88146150e-02
    -4.90000136e-02 4.78314420e-37 0. 4.78314420e-37 0. 4.84839762e-37
    0. 4.03422415e-02 -5.54856807e-02 -4.90000248e-02 0. 4.73838874e-37
    0. 4.73861833e-37 0. 4.73861833e-37 -4.89999875e-02 -8.99547487e-02
    2.82819849e-02 4.79354744e-37 0. 4.79354744e-37 0. 4.85438845e-37 0.
    4.37004492e-02 3.35333683e-02 -4.89999950e-02 0. 4.77098317e-37 0.
    4.77121276e-37 0. 4.77121276e-37 1.60010308e-02 -4.19472270e-02
    -4.90000173e-02 4.76224445e-37 0. 4.76224445e-37 0. 4.88231218e-37
    0. 4.33287844e-02 -3.93458866e-02 -4.90000136e-02 0. 4.77741883e-37
    0. 4.77764842e-37 0. 4.77764842e-37 -4.89999950e-02 -6.02586046e-02
    4.60031517e-02 4.83959433e-37 0. 4.83959433e-37 0. 4.78943636e-37 0.
    -2.47894228e-03 -4.46210057e-02 -4.89999726e-02 0. 4.69077060e-37 0.
    4.69100019e-37 0. 4.69100019e-37 -4.35059667e-02 -5.33345416e-02
    -4.90000024e-02 4.72097587e-37 0. 4.72097587e-37 0. 4.88036068e-37
    0. 3.91496830e-02 3.71829271e-02 -4.90000173e-02 0. 4.85709330e-37
    0. 4.85732288e-37 0. 4.85732288e-37 1.21842157e-02 -3.47788557e-02
    -4.90000024e-02 4.75717915e-37 0. 4.75717915e-37 0. 4.84099339e-37
    0. -4.89999838e-02 -8.50978419e-02 -2.77546421e-02 0. 4.83662402e-37
    0. 4.83685361e-37 0. 4.83685361e-37 -4.89999726e-02 -1.01051360e-01
    -3.22252065e-02 4.83179549e-37 0. 4.83179549e-37 0. 4.84451614e-37
    0. -1.90302320e-02 -5.95382564e-02 -4.89999875e-02 0. 4.86942652e-37
    0. 4.86965610e-37 0. 4.86965610e-37 -4.89999764e-02 -9.97266993e-02
    -3.63181047e-02 4.82634275e-37 0. 4.82634275e-37 0. 4.67474244e-37
    0. 2.36086771e-02 5.62116224e-03 -4.89999950e-02 0. 4.77487900e-37
    0. 4.77510859e-37 0. 4.77510859e-37 4.34396639e-02 8.93303845e-03
    -4.90000099e-02 4.83793699e-37 0. 4.83793699e-37 0. 4.83721235e-37
    0. -4.89999875e-02 -9.90429968e-02 -3.77926864e-02 0. 4.87030182e-37
    0. 4.87053141e-37 0. 4.87053141e-37 -4.76047285e-02 -9.65704322e-02
    -4.89999801e-02 4.77715337e-37 0. 4.77715337e-37 0. 4.83875490e-37
    0. 3.53265591e-02 3.94464247e-02 -4.90000024e-02 0. 4.75183403e-37
    0. 4.75206362e-37 0. 4.75206362e-37 -1.86302979e-02 -8.79677832e-02
    -4.89999689e-02 4.74514726e-37 0. 4.74514726e-37 0. 4.76564523e-37
    0. -4.89999540e-02 7.80248493e-02 3.23010273e-02 0. 4.77159301e-37
    0. 4.77182260e-37 0. 4.77182260e-37 -4.89999689e-02 -1.04246713e-01
    -1.89560801e-02 4.82834448e-37 0. 4.82834448e-37 0. 4.79166051e-37
    0. 2.10566353e-02 5.00355475e-02 -4.90000099e-02 0. 4.85908067e-37
    0. 4.85931026e-37 0. 4.85931026e-37 -4.89999987e-02 -5.15682250e-02
    4.47046943e-02 4.88001630e-37 0. 4.88001630e-37 0. 4.89176837e-37 0.
    -4.89999987e-02 -8.38257670e-02 4.67691757e-02 0. 4.88521792e-37 0.
    4.88544751e-37 0. 4.88544751e-37 1.71085596e-02 -6.00518323e-02
    -4.90000099e-02 4.85127466e-37 0. 4.85127466e-37 0. 4.73871160e-37
    0. 4.09921110e-02 6.69141859e-02 -4.90000173e-02 0. 4.66921796e-37
    0. 4.66944755e-37 0. 4.66944755e-37 -4.89999764e-02 -6.92710746e-03
    -1.76683851e-02 4.88108532e-37 0. 4.88108532e-37 0. 4.84265790e-37
    0. -4.89999838e-02 -7.54406750e-02 4.59213629e-02 0. 4.74534815e-37
    0. 4.74557774e-37 0. 4.74557774e-37 -4.89999875e-02 -6.67432696e-02
    4.72090244e-02 4.75514872e-37 0. 4.75514872e-37 0. 4.77259746e-37 0.
    -3.11986357e-02 -7.08538815e-02 -4.89999950e-02 0. 4.69719191e-37 0.
    4.69742150e-37 0. 4.69742150e-37 -1.75922401e-02 -6.37555569e-02
    -4.89999764e-02 4.76947649e-37 0. 4.76947649e-37 0. 4.73778607e-37
    0. -4.90000099e-02 -2.98711676e-02 4.37504463e-02 0. 4.73224724e-37
    0. 4.73247683e-37 0. 4.73247683e-37 -4.89999950e-02 -3.08460221e-02
    4.35608104e-02 4.73395481e-37 0. 4.73395481e-37 0. 4.85489068e-37 0.
    -4.90000024e-02 -2.95528732e-02 4.29209433e-02 0. 4.77304947e-37 0.
    4.77327906e-37 0. 4.77327906e-37 -2.16396973e-02 -5.94521798e-02
    -4.89999875e-02 4.86148418e-37 0. 4.86148418e-37 0. 4.84565691e-37
    0. -4.84335162e-02 -9.24574956e-02 -4.89999875e-02 0. 4.86682212e-37
    0. 4.86705171e-37 0. 4.86705171e-37 3.51070501e-02 3.31061217e-03
    -4.90000024e-02 4.89280152e-37 0. 4.89280152e-37 0. 4.85353467e-37
    0. -4.89999801e-02 7.46102110e-02 -5.16164899e-02 0. 4.76478427e-37
    0. 4.76501386e-37 0. 4.76501386e-37 3.29922773e-02 2.70809922e-02
    -4.90000136e-02 4.76525063e-37 0. 4.76525063e-37 0. 4.83264210e-37
    0. -1.35924034e-02 -4.06338014e-02 -4.89999726e-02 0. 4.83287886e-37
    0. 4.83310845e-37 0. 4.83310845e-37 -4.89999801e-02 -7.15557039e-02
    1.60422605e-02 4.86864448e-37 0. 4.86864448e-37 0. 4.86865165e-37 0.
    -5.49667068e-02 -9.41457525e-02 -4.90000099e-02 0. 4.84895725e-37 0.
    4.84918683e-37 0. 4.84918683e-37 -4.89999950e-02 -2.79795937e-02
    4.44508754e-02 4.84942360e-37 0. 4.84942360e-37 0. 4.85996316e-37 0.
    -4.89999913e-02 -5.44186532e-02 3.50119360e-02 0. 4.86019992e-37 0.
    4.86042951e-37 0. 4.86042951e-37 -1.34019367e-02 -7.09132403e-02
    -4.89999726e-02 4.77965732e-37 0. 4.77965732e-37 0. 4.77966449e-37
    0. -4.89999466e-02 5.45501933e-02 2.14401092e-02 0. 4.76314845e-37
    0. 4.76337804e-37 0. 4.76337804e-37 -3.17434222e-02 -7.33344555e-02
    -4.89999838e-02 4.76361481e-37 0. 4.76361481e-37 0. 4.64360447e-37
    0. 7.73102045e-03 -8.83576870e-02 -4.89999652e-02 0. 4.64384123e-37
    0. 4.64407082e-37 0. 4.64407082e-37 -2.08158627e-01 -1.77965704e-02
    -2.21238405e-01 4.84983973e-37 0. 4.84983973e-37 0. 4.84984690e-37
    0. -6.89617172e-03 -8.80479962e-02 -4.89999652e-02 0. 4.87570433e-37
    0. 4.87593392e-37 0. 4.87593392e-37 2.34488770e-02 9.99327190e-03
    -4.90000099e-02 4.87617069e-37 0. 4.87617069e-37 0. 4.86579614e-37
    0. 4.16315421e-02 -1.90942027e-02 -4.90000322e-02 0. 4.86603291e-37
    0. 4.86626250e-37 0. 4.86626250e-37 -4.89999838e-02 -1.68164074e-02
    4.33391556e-02 4.86649926e-37 0. 4.86649926e-37 0. 4.80337671e-37 0.
    -4.18858044e-02 -9.63898674e-02 -4.89999875e-02 0. 4.80361347e-37 0.
    4.80384306e-37 0. 4.80384306e-37 -3.09606455e-02 -6.89220130e-02
    -4.89999987e-02 4.80407982e-37 0. 4.80407982e-37 0. 4.84742187e-37
    0. 3.55593301e-02 6.57348260e-02 -4.90000024e-02 0. 4.84765863e-37
    0. 4.84788822e-37 0. 4.84788822e-37 -2.78614573e-02 -4.67554256e-02
    -4.89999875e-02 4.84812499e-37 0. 4.84812499e-37 0. 4.83985979e-37
    0. -2.57743113e-02 -7.80695751e-02 -4.89999726e-02 0. 4.84009655e-37
    0. 4.84032614e-37 0. 4.84032614e-37 5.43673337e-03 1.27102897e-01
    4.27477062e-07 4.84056291e-37 0. 4.84056291e-37 0. 4.85150425e-37 0.
    -4.89999875e-02 6.65105134e-02 -3.80024463e-02 0. 4.85174101e-37 0.
    4.85197060e-37 0. 4.85197060e-37 -2.62924023e-02 -6.35221303e-02
    -4.89999801e-02 4.85220736e-37 0. 4.85220736e-37 0. 4.84356191e-37
    0. 2.97953673e-02 -3.94474119e-02 -4.90000173e-02 0. 4.84379867e-37
    0. 4.84402826e-37 0. 4.84402826e-37 -4.90000099e-02 1.27939759e-02
    2.17276178e-02 4.84426503e-37 0. 4.84426503e-37 0. 4.81064462e-37 0.
    3.23120654e-02 -3.85758989e-02 -4.90000099e-02 0. 4.81088139e-37 0.
    4.81111098e-37 0. 4.81111098e-37 -1.14762876e-02 -7.59072378e-02
    -4.89999726e-02 4.81134774e-37 0. 4.81134774e-37 0. 4.84159606e-37
    0. -4.97547276e-02 -9.91032422e-02 -4.90000024e-02 0. 4.84183282e-37
    0. 4.84206241e-37 0. 4.84206241e-37 4.81403135e-02 5.85847497e-02
