<?xml version="1.0"?>
<opencv_storage>
<keypoint2d002 type_id="opencv-matrix">
  <rows>587</rows>
  <cols>1</cols>
  <dt>"2f"</dt>
  <data>
    3.36158417e+02 3.70099091e+02 2.23637924e+02 1.83881195e+02
    2.49947784e+02 1.86077408e+02 2.30434586e+02 1.01981270e+02
    3.35702881e+02 3.96678833e+02 2.29326431e+02 2.28705948e+02
    2.05912033e+02 2.08866592e+02 3.29706818e+02 2.61710938e+02
    2.14049164e+02 3.98834900e+02 2.99168060e+02 2.19934860e+02
    3.49098969e+02 2.16206253e+02 3.61583710e+02 3.08913483e+02
    2.75973755e+02 2.13703461e+02 3.08410004e+02 2.34270615e+02
    2.29412949e+02 1.14736580e+02 3.28829376e+02 4.08271973e+02
    2.53026764e+02 1.07685898e+02 3.51609894e+02 2.19554977e+02
    3.48262848e+02 2.81054810e+02 2.51984131e+02 1.39097092e+02
    2.69535706e+02 1.67869324e+02 2.67662811e+02 2.21947296e+02
    2.87919983e+02 2.20914017e+02 3.00131409e+02 2.31455475e+02
    2.37672821e+02 1.18016716e+02 2.04477371e+02 1.17431618e+02
    2.50038162e+02 1.78666611e+02 3.11081665e+02 2.93672607e+02
    3.33297791e+02 2.20984573e+02 3.09599426e+02 2.93704773e+02
    2.30762131e+02 1.64721024e+02 3.45802094e+02 3.07803253e+02
    2.68720886e+02 1.75759735e+02 2.67623596e+02 1.11133446e+02
    3.44989532e+02 1.74735703e+02 3.43812439e+02 2.94639313e+02
    2.18020737e+02 1.23915321e+02 2.75052887e+02 2.99670563e+02
    2.70676636e+02 1.40767761e+02 2.04419846e+02 3.80268341e+02
    2.92457001e+02 2.29242599e+02 2.24100021e+02 4.06666626e+02
    3.08412842e+02 4.16320801e+02 3.14830872e+02 2.45708054e+02
    2.58170105e+02 1.69520935e+02 2.17454239e+02 1.21669304e+02
    2.38394730e+02 1.78135010e+02 2.80741455e+02 3.39318054e+02
    3.22273865e+02 5.53215218e+01 3.19993652e+02 3.27944885e+02
    2.87051025e+02 2.40964615e+02 3.19034515e+02 3.05258545e+02
    3.09806366e+02 3.75445404e+02 2.61888000e+02 1.60987915e+02
    2.97273865e+02 1.43145828e+02 2.32490067e+02 2.04581772e+02
    2.12235809e+02 1.91564850e+02 3.01861481e+02 3.69429871e+02
    2.92656189e+02 1.42848953e+02 2.35980103e+02 2.04669571e+02
    3.39780640e+02 3.28826477e+02 2.52778152e+02 1.49719208e+02
    3.23519257e+02 2.36300308e+02 3.36930084e+02 3.27016602e+02
    2.76997650e+02 1.62056458e+02 2.89259308e+02 2.37218475e+02
    2.82161224e+02 3.02436157e+02 2.18313385e+02 3.80722931e+02
    3.26933502e+02 3.34991730e+02 2.39155609e+02 1.54458939e+02
    2.74366974e+02 3.87120453e+02 2.40591583e+02 1.56465851e+02
    3.52101349e+02 2.33322937e+02 2.29762192e+02 3.82281158e+02
    1.95047699e+02 2.26745499e+02 3.17000305e+02 3.91013885e+02
    3.11435608e+02 6.83485107e+01 2.18520859e+02 1.28500000e+02
    3.23499756e+02 5.76391182e+01 3.25850494e+02 3.07818024e+02
    3.48935791e+02 3.87035736e+02 2.85182831e+02 1.00503998e+02
    3.42054871e+02 2.93689209e+02 3.05858734e+02 3.90138367e+02
    3.00922516e+02 1.82155212e+02 2.36662796e+02 4.08541931e+02
    2.62551422e+02 3.86038544e+02 2.51608948e+02 3.84598358e+02
    2.59470398e+02 1.62320374e+02 2.42336060e+02 1.66881073e+02
    2.85889893e+02 9.51112366e+01 2.87402893e+02 1.07660316e+02
    2.77526855e+02 2.31010315e+02 2.61269012e+02 1.46562164e+02
    2.68716522e+02 1.52187286e+02 2.92339874e+02 4.14693268e+02
    2.21641571e+02 2.07914536e+02 2.84286011e+02 3.17557068e+02
    2.49470215e+02 1.94886703e+02 2.48561203e+02 2.05625000e+02
    2.82881378e+02 3.03910278e+02 2.57382568e+02 3.38974213e+02
    2.78234985e+02 1.90258835e+02 2.47890121e+02 1.66464661e+02
    2.85794250e+02 3.88228149e+02 3.10388641e+02 1.72255432e+02
    2.51487717e+02 2.80178101e+02 2.40538055e+02 3.83363708e+02
    2.46960159e+02 1.70248505e+02 2.06634583e+02 7.02951660e+01
    2.62466644e+02 1.47586075e+02 2.89844543e+02 1.80349075e+02
    2.21365784e+02 2.13211426e+02 2.95132690e+02 3.89399292e+02
    3.46712036e+02 2.27651779e+02 3.48899292e+02 3.04855225e+02
    2.86405792e+02 1.89342606e+02 2.75233795e+02 1.41307755e+02
    3.51986481e+02 2.62334625e+02 3.09406281e+02 3.01999176e+02
    2.78853241e+02 2.26272476e+02 2.30906845e+02 1.50045715e+02
    2.87764771e+02 3.31453430e+02 2.47260025e+02 1.46008804e+02
    3.34003540e+02 3.32977478e+02 3.06691864e+02 3.24307068e+02
    3.19771484e+02 1.85163239e+02 3.55831299e+02 2.29132935e+02
    2.89251801e+02 2.82278198e+02 3.32935913e+02 2.93691162e+02
    2.53358582e+02 2.15582962e+02 2.51309128e+02 3.36495941e+02
    3.01529266e+02 5.60823364e+01 2.64305603e+02 3.40964142e+02
    3.00790192e+02 4.21772064e+02 2.93584747e+02 3.10268463e+02
    2.82873199e+02 1.48213730e+02 3.14640228e+02 2.29584930e+02
    2.78989044e+02 2.19309860e+02 2.19996521e+02 1.64642380e+02
    2.04359726e+02 1.98025620e+02 2.94664734e+02 6.21385040e+01
    3.02750244e+02 3.11766571e+02 2.97209900e+02 1.50846619e+02
    3.16278168e+02 3.37139923e+02 3.04373383e+02 3.39164337e+02
    2.19815430e+02 3.06045746e+02 2.02201111e+02 2.72191345e+02
    3.02480255e+02 3.30462158e+02 3.22621399e+02 3.38554443e+02
    3.07344421e+02 3.20004822e+02 2.68767090e+02 2.32353714e+02
    3.05533203e+02 2.80764862e+02 3.08834961e+02 2.84836548e+02
    3.58702728e+02 3.35871887e+02 2.43646591e+02 1.83801636e+02
    2.88330383e+02 6.80249176e+01 2.38722336e+02 1.30713257e+02
    2.29990631e+02 1.49924301e+02 3.12971283e+02 1.54914734e+02
    2.71090485e+02 2.40331818e+02 2.27068085e+02 1.51700760e+02
    2.20710342e+02 1.69329575e+02 2.61676208e+02 1.94219772e+02
    2.70886200e+02 3.66903503e+02 2.77519318e+02 3.29619934e+02
    2.32909119e+02 2.91635071e+02 2.31514572e+02 1.72772369e+02
    2.39118744e+02 9.82535477e+01 2.90927704e+02 1.61142242e+02
    3.04553406e+02 3.05503174e+02 2.61773621e+02 1.97372940e+02
    2.33595337e+02 3.22726440e+02 2.40521454e+02 2.10019516e+02
    2.29842636e+02 3.04208893e+02 3.24368988e+02 7.71042480e+01
    2.60486725e+02 2.23657761e+02 2.83888947e+02 1.41570694e+02
    2.62009857e+02 1.91120392e+02 2.20245987e+02 1.48334747e+02
    1.96131058e+02 1.75939011e+02 2.24315796e+02 2.03798859e+02
    2.44512131e+02 2.22071396e+02 2.44200623e+02 1.12667847e+02
    2.51282822e+02 2.50967697e+02 2.85294464e+02 1.37448181e+02
    2.21716324e+02 1.71350845e+02 2.79806183e+02 1.72075653e+02
    2.65604065e+02 1.44390976e+02 2.66071991e+02 1.94165131e+02
    3.00482758e+02 1.74095871e+02 2.29627625e+02 4.13591980e+02
    3.20968353e+02 2.97052338e+02 3.24511536e+02 1.96280090e+02
    3.22415802e+02 3.43609528e+02 2.65746521e+02 1.91334625e+02
    1.95642975e+02 2.79499969e+02 2.23398468e+02 2.71268372e+02
    3.18326233e+02 2.20039017e+02 3.12170959e+02 1.76327026e+02
    2.25998474e+02 1.49058502e+02 2.76921906e+02 4.13560944e+02
    2.74892883e+02 1.89379913e+02 2.86303284e+02 1.34391968e+02
    2.18550568e+02 1.75470734e+02 2.38124466e+02 2.58536072e+02
    2.61040405e+02 2.26715179e+02 3.07405060e+02 2.76078278e+02
    2.06713287e+02 1.96866455e+02 2.46493210e+02 4.15471680e+02
    2.60497955e+02 6.62737350e+01 2.20569061e+02 1.76619385e+02
    2.88661835e+02 1.53251343e+02 2.44960800e+02 4.15076599e+02
    2.54037460e+02 3.65075378e+02 3.12114899e+02 3.22789703e+02
    2.80261444e+02 3.80649597e+02 2.30812042e+02 3.69694946e+02
    2.61962280e+02 4.12027832e+02 3.15721832e+02 2.11901337e+02
    2.97094177e+02 3.28164276e+02 2.04850052e+02 3.08656067e+02
    2.67676544e+02 3.50090088e+02 3.30989532e+02 3.56942810e+02
    2.66181091e+02 3.79493225e+02 2.85361938e+02 3.68249634e+02
    2.51593155e+02 3.65025635e+02 2.15364685e+02 3.73809479e+02
    2.06129776e+02 1.28810730e+02 2.60340210e+02 1.56962021e+02
    2.03017487e+02 3.69714661e+02 3.52716705e+02 3.00830170e+02
    3.20312622e+02 2.89888062e+02 2.15070938e+02 3.48227631e+02
    3.20482330e+02 1.88818909e+02 2.38213837e+02 3.71810669e+02
    2.76198730e+02 3.12373840e+02 2.85988434e+02 3.61586609e+02
    2.38189835e+02 3.37854797e+02 2.50992310e+02 2.42637131e+02
    2.48258682e+02 2.15554214e+02 2.17084625e+02 1.56108292e+02
    3.02569672e+02 1.61921722e+02 2.69064575e+02 4.17984070e+02
