<?xml version="1.0"?>
<opencv_storage>
<keypoint2d001 type_id="opencv-matrix">
  <rows>606</rows>
  <cols>1</cols>
  <dt>"2f"</dt>
  <data>
    3.88260101e+02 3.50286591e+02 2.69644135e+02 7.61064453e+01
    2.99883484e+02 1.61248077e+02 2.76103516e+02 2.06608810e+02
    3.87804016e+02 3.77888397e+02 3.49942596e+02 1.94402802e+02
    3.80494751e+02 2.37321838e+02 2.57513275e+02 3.91099487e+02
    2.52382812e+02 9.24911346e+01 3.26298523e+02 1.88709061e+02
    3.99932159e+02 2.55734253e+02 3.60113098e+02 2.08452728e+02
    3.56748566e+02 1.63471405e+02 3.01808868e+02 1.11702072e+02
    2.51224854e+02 1.89656265e+02 3.96905548e+02 2.86237152e+02
    2.61142517e+02 3.91790680e+02 3.81127716e+02 3.91123993e+02
    3.35724823e+02 2.05198959e+02 3.20072266e+02 1.40916382e+02
    3.62607330e+02 2.71246735e+02 2.77036957e+02 8.72761459e+01
    3.51915466e+02 2.06582657e+02 3.38935852e+02 1.95952942e+02
    2.95611847e+02 7.84920120e+01 3.13258728e+02 1.95158554e+02
    3.18298401e+02 1.97824585e+02 3.59344421e+02 1.13377563e+02
    3.43758942e+02 2.04719269e+02 2.71010223e+02 3.99457062e+02
    3.19303040e+02 1.48990448e+02 3.32803284e+02 7.25069504e+01
    3.60259979e+02 4.01747711e+02 3.91299194e+02 1.56505280e+02
    3.67105408e+02 2.20565033e+02 3.14984100e+02 8.30852509e+01
    3.88578705e+02 1.46578644e+02 2.99887634e+02 1.53467636e+02
    3.84053314e+02 1.64089096e+02 4.00042664e+02 2.95170227e+02
    3.26813751e+02 2.81583679e+02 3.20997925e+02 1.12436577e+02
    4.00930481e+02 2.80379211e+02 2.78726349e+02 1.39961090e+02
    2.65275024e+02 9.68794785e+01 3.31242310e+02 3.21917145e+02
    3.08351318e+02 1.42214813e+02 3.47288269e+02 1.13784271e+02
    2.60318695e+02 1.68790527e+02 3.19163452e+02 1.12395386e+02
    2.49965500e+02 3.72195282e+02 3.71996124e+02 3.06938934e+02
    2.80524872e+02 1.81505844e+02 3.61648621e+02 3.56635986e+02
    3.48371979e+02 1.13774643e+02 3.43906189e+02 4.01388306e+02
    3.08329254e+02 1.43962311e+02 2.65656311e+02 3.31205017e+02
    2.87665100e+02 1.53273575e+02 3.33285034e+02 2.81554993e+02
    2.50671799e+02 8.18919601e+01 3.43809082e+02 1.13522316e+02
    2.87990417e+02 1.28445602e+02 3.11982666e+02 1.34133575e+02
    3.27851257e+02 1.34762405e+02 3.53787201e+02 3.55184418e+02
    3.75535675e+02 2.10341415e+02 3.11163971e+02 1.18883087e+02
    3.19119080e+02 1.23997177e+02 3.99038300e+02 3.66539917e+02
    2.64856506e+02 3.71522766e+02 3.71048553e+02 2.82877960e+02
    2.50207993e+02 3.74680725e+02 2.84233429e+02 1.81505600e+02
    4.08089508e+02 2.88316223e+02 3.40454865e+02 2.14957596e+02
    3.24475739e+02 3.73274292e+02 3.38080994e+02 2.16746002e+02
    3.36314941e+02 3.73341583e+02 2.77183990e+02 3.72222351e+02
    3.68603577e+02 3.73652008e+02 3.85051727e+02 1.96953934e+02
    2.78761414e+02 1.39726486e+02 3.57003754e+02 3.73815399e+02
    3.00244354e+02 3.72523163e+02 4.09474243e+02 2.88083160e+02
    3.37505310e+02 1.62566162e+02 3.28133148e+02 2.07010300e+02
    3.12843689e+02 1.19755775e+02 3.29161102e+02 1.64115021e+02
    3.11739624e+02 3.73191315e+02 2.64728241e+02 1.01646355e+02
    3.02405334e+02 4.00615692e+02 3.40568359e+02 2.18224716e+02
    2.69219452e+02 1.91088287e+02 3.52598755e+02 1.54280304e+02
    2.84733795e+02 4.00322510e+02 3.46207916e+02 3.73690338e+02
    3.41342377e+02 1.53159744e+02 3.35617798e+02 2.98595276e+02
    2.88667511e+02 3.72554504e+02 3.02497833e+02 1.22573219e+02
    3.34355621e+02 1.19167854e+02 3.62108978e+02 1.43732895e+02
    3.94783600e+02 2.68421173e+02 2.91118713e+02 1.41469894e+02
    3.38622742e+02 3.12978485e+02 3.95506714e+02 2.69707306e+02
    3.09897278e+02 1.35494186e+02 3.00368164e+02 2.61020935e+02
    3.03151123e+02 1.91716339e+02 2.97902100e+02 1.81746780e+02
    4.03817322e+02 2.35729431e+02 3.29381958e+02 2.02040878e+02
    3.61276215e+02 2.80451752e+02 2.68180420e+02 1.22892555e+02
    3.27240326e+02 4.01252014e+02 3.41976196e+02 1.32788055e+02
    2.60911194e+02 7.81778870e+01 2.46507797e+02 3.63427948e+02
    3.35163483e+02 2.18987518e+02 2.93002686e+02 1.59478210e+02
    2.78048035e+02 2.87979828e+02 2.56462036e+02 2.62086487e+02
    3.44495026e+02 2.89505219e+02 3.26116943e+02 1.12880974e+02
    3.13579498e+02 2.46440521e+02 2.74851654e+02 1.38497757e+02
    2.69638336e+02 1.22481880e+02 2.50010223e+02 1.76694260e+02
    3.66386322e+02 2.03441605e+02 2.99434082e+02 1.70453171e+02
    2.96842590e+02 1.19336830e+02 3.97670288e+02 2.00454254e+02
    3.28032501e+02 3.11630890e+02 2.96920471e+02 1.41865829e+02
    3.85247040e+02 2.69630493e+02 3.06999237e+02 3.23214630e+02
    3.86323151e+02 3.10804779e+02 3.29882599e+02 1.95067413e+02
    3.10361755e+02 2.00175003e+02 2.89300323e+02 1.05653549e+02
    3.68306335e+02 3.16623566e+02 3.00222382e+02 3.21722229e+02
    2.80189545e+02 1.44810211e+02 2.48883865e+02 2.95943665e+02
    3.31419861e+02 1.11680084e+02 2.80874756e+02 1.22920341e+02
    2.91428223e+02 2.92593048e+02 2.96999481e+02 1.37660812e+02
    2.80218872e+02 1.48568497e+02 2.52332428e+02 1.01986130e+02
    3.60949219e+02 2.62148987e+02 3.95653778e+02 2.73170776e+02
    4.03986115e+02 3.23173828e+02 2.68994415e+02 1.45994278e+02
    3.55543701e+02 3.19980530e+02 3.48926636e+02 1.21419106e+02
    3.53624420e+02 3.10857117e+02 3.71804810e+02 1.56601364e+02
    2.68236145e+02 1.43970856e+02 4.01372040e+02 3.13638885e+02
    2.94365021e+02 1.80002991e+02 3.54403839e+02 2.55026627e+02
    2.52721573e+02 1.75820694e+02 3.58413269e+02 2.58628662e+02
    2.78107849e+02 1.24365761e+02 3.74477478e+02 3.17781525e+02
    2.47516891e+02 2.12983322e+02 3.21916046e+02 2.17687698e+02
    3.30376221e+02 1.45097198e+02 3.55595856e+02 2.86810394e+02
    3.14497894e+02 3.24300720e+02 2.47463486e+02 2.56364502e+02
    3.11129333e+02 1.62519669e+02 3.53899841e+02 2.90302338e+02
    2.81702911e+02 3.08082123e+02 2.67171356e+02 1.51864838e+02
    3.58797241e+02 2.98944031e+02 3.64349274e+02 1.42350937e+02
    2.80835876e+02 2.74527802e+02 3.16303680e+02 1.69057739e+02
    3.73442780e+02 2.74211182e+02 3.36233307e+02 1.08254875e+02
    3.19080109e+02 2.08890808e+02 3.12059296e+02 1.71236252e+02
    3.97492065e+02 2.34445587e+02 2.71230713e+02 2.53328674e+02
    3.72976685e+02 2.72271423e+02 3.13055878e+02 1.89101105e+02
    2.70813873e+02 3.52705505e+02 3.02992157e+02 1.49456314e+02
    2.99958252e+02 2.29656372e+02 3.31031982e+02 3.66269653e+02
    2.96822845e+02 2.00059982e+02 2.77623688e+02 4.06147430e+02
    3.37339539e+02 1.04856857e+02 2.93729553e+02 1.99391846e+02
    3.83138397e+02 3.66730652e+02 3.51818085e+02 1.45991302e+02
    3.08057831e+02 1.68544250e+02 2.92763947e+02 3.99598145e+02
    3.11518463e+02 1.72566757e+02 2.80416992e+02 3.53642548e+02
    3.19234558e+02 4.07482574e+02 2.88718994e+02 3.99580780e+02
    3.74355194e+02 3.22091644e+02 2.68253723e+02 2.98035645e+02
    3.00735474e+02 3.51142090e+02 3.74359192e+02 1.40549133e+02
    3.12331512e+02 1.03281769e+02 3.63766754e+02 1.47628937e+02
    3.63950317e+02 3.01824890e+02 3.16345795e+02 1.16664963e+02
    3.82298035e+02 2.63482208e+02 2.81147339e+02 7.10378265e+01
    3.17354218e+02 3.65985840e+02 2.62134430e+02 3.36372040e+02
    3.11692444e+02 4.01685883e+02 2.84577087e+02 3.01832642e+02
    3.18179382e+02 4.08022858e+02 3.64776398e+02 1.25498886e+02
    2.97455505e+02 1.91567520e+02 3.24286316e+02 1.25940865e+02
    3.83575562e+02 3.36635742e+02 3.59049530e+02 2.52712006e+02
    2.53527283e+02 1.04573860e+02 3.80411682e+02 3.00567230e+02
    3.26199158e+02 2.94643494e+02 2.72107025e+02 1.81498856e+02
    2.50317322e+02 2.16129013e+02 3.15311859e+02 3.26668457e+02
    3.04074799e+02 3.26345520e+02 3.60265259e+02 2.52402206e+02
    3.48171478e+02 3.08718109e+02 3.00668335e+02 2.20935944e+02
    2.87323608e+02 3.22971558e+02 3.27933441e+02 8.61486053e+01
    3.18708801e+02 1.61097824e+02 2.48184723e+02 3.43352203e+02
    3.04803589e+02 3.06362091e+02 2.44288208e+02 8.39592972e+01
    3.51788544e+02 3.02634277e+02 2.63135345e+02 3.64040527e+02
