<?xml version="1.0"?>
<opencv_storage>
<keypoint3d004 type_id="opencv-matrix">
  <rows>599</rows>
  <cols>3</cols>
  <dt>"3f"</dt>
  <data>
    3.46795581e-02 -7.80470520e-02 -4.89999950e-02 0. 6.08110262e-37 0.
    6.08133221e-37 0. 6.08133221e-37 3.59891504e-02 -1.73828453e-02
    -4.89999875e-02 3.87997797e-37 0. 3.87997797e-37 0. 3.88669344e-37
    0. 4.38051000e-02 -5.62589243e-02 -4.89999875e-02 0. 3.86546365e-37
    0. 3.86569324e-37 0. 3.86569324e-37 4.40475494e-02 1.48841189e-02
    -4.89999764e-02 3.91692023e-37 0. 3.91692023e-37 0. 4.09961547e-37
    0. 4.53631394e-02 -2.44961004e-03 -4.89999726e-02 0. 3.96282363e-37
    0. 3.96305322e-37 0. 3.96305322e-37 3.02322228e-02 2.93471329e-02
    -4.90000099e-02 3.90986755e-37 0. 3.90986755e-37 0. 4.33520222e-37
    0. -4.18258086e-02 -9.62678045e-02 -4.90000173e-02 0. 6.05523801e-37
    0. 6.05546760e-37 0. 6.05546760e-37 -4.29655835e-02 -9.68596637e-02
    -4.90000062e-02 4.09057541e-37 0. 4.09057541e-37 0. 6.38703679e-37
    0. 4.42372747e-02 -3.11723650e-02 -4.89999764e-02 0. 4.87135650e-37
    0. 4.87158609e-37 0. 4.87158609e-37 -4.06405590e-02 -3.99537310e-02
    -4.89999950e-02 6.37564345e-37 0. 6.37564345e-37 0. 3.96156806e-37
    0. -4.54454534e-02 -4.33325879e-02 -4.90000099e-02 0. 6.08067214e-37
    0. 6.08090173e-37 0. 6.08090173e-37 -1.60805229e-02 -7.32053444e-02
    -4.90000024e-02 3.88880996e-37 0. 3.88880996e-37 0. 4.08944899e-37
    0. 1.39172785e-02 -3.90190892e-02 -4.89999801e-02 0. 4.87228203e-37
    0. 4.87251161e-37 0. 4.87251161e-37 -3.15692388e-02 -5.91855906e-02
    -4.89999875e-02 3.95938697e-37 0. 3.95938697e-37 0. 3.87136839e-37
    0. -4.00950201e-02 -1.16880156e-01 -4.90000248e-02 0. 3.87562295e-37
    0. 3.87585254e-37 0. 3.87585254e-37 -2.40748730e-02 -9.81359929e-02
    -4.90000173e-02 3.86745821e-37 0. 3.86745821e-37 0. 6.37838416e-37
    0. -1.86025519e-02 -6.57101497e-02 -4.90000285e-02 0. 3.97606085e-37
    0. 3.97629044e-37 0. 3.97629044e-37 4.39090170e-02 6.74685910e-02
    -4.89999764e-02 6.35988075e-37 0. 6.35988075e-37 0. 4.09335918e-37
    0. 2.05479674e-02 -3.20765004e-02 -4.89999764e-02 0. 4.90177700e-37
    0. 4.90200659e-37 0. 4.90200659e-37 3.99792045e-02 4.07131612e-02
    -4.89999689e-02 3.96745128e-37 0. 3.96745128e-37 0. 7.00292293e-37
    0. 4.66720872e-02 1.07600186e-02 -4.89999801e-02 0. 6.42295308e-37
    0. 6.42318267e-37 0. 6.42318267e-37 3.86242680e-02 3.11142951e-02
    -4.89999689e-02 4.09477258e-37 0. 4.09477258e-37 0. 3.87041416e-37
    0. 6.28455123e-03 -3.36628966e-02 -4.89999913e-02 0. 3.99187378e-37
    0. 3.99210337e-37 0. 3.99210337e-37 4.41127978e-02 3.60814035e-02
    -4.89999689e-02 3.90749992e-37 0. 3.90749992e-37 0. 6.43914626e-37
    0. -1.48696527e-02 -5.89161590e-02 -4.89999950e-02 0. 3.85603617e-37
    0. 3.85626575e-37 0. 3.85626575e-37 1.59253832e-02 -3.28702219e-02
    -4.89999913e-02 4.22261046e-37 0. 4.22261046e-37 0. 4.09083370e-37
    0. 4.29607704e-02 4.94856853e-03 -4.89999913e-02 0. 3.87215760e-37
    0. 3.87238719e-37 0. 3.87238719e-37 1.43811209e-02 -3.38932462e-02
    -4.89999875e-02 4.09523176e-37 0. 4.09523176e-37 0. 6.05805047e-37
    0. -1.44373504e-02 2.53842957e-03 -2.48015255e-01 0. 4.08763381e-37
    0. 4.08786340e-37 0. 4.08786340e-37 1.09728221e-02 -3.36668566e-02
    -4.89999987e-02 6.37801108e-37 0. 6.37801108e-37 0. 3.88027213e-37
    0. -2.72572916e-02 -7.11583793e-02 -4.90000211e-02 0. 3.97911008e-37
    0. 3.97933967e-37 0. 3.97933967e-37 -1.02971951e-02 -6.98095039e-02
    -4.90000211e-02 3.90695464e-37 0. 3.90695464e-37 0. 3.90577083e-37
    0. 4.01016958e-02 5.79804443e-02 -4.89999764e-02 0. 3.90436460e-37
    0. 3.90459418e-37 0. 3.90459418e-37 1.18157361e-02 1.09004602e-03
    -2.45176539e-01 3.86636766e-37 0. 3.86636766e-37 0. 3.97766080e-37
    0. -1.50648113e-02 -6.33829460e-02 -4.90000099e-02 0. 3.97699356e-37
    0. 3.97722315e-37 0. 3.97722315e-37 7.69708911e-03 -3.93569358e-02
    -4.90000024e-02 3.95657451e-37 0. 3.95657451e-37 0. 3.98915459e-37
    0. -2.77773589e-02 4.85122539e-02 -4.89999987e-02 0. 3.98348661e-37
    0. 3.98371620e-37 0. 3.98371620e-37 -3.75151858e-02 -9.67940390e-02
    -4.90000322e-02 7.02090260e-37 0. 7.02090260e-37 0. 3.96227118e-37
    0. 2.73565780e-02 -1.07285224e-01 -4.90000248e-02 0. 3.85903517e-37
    0. 3.85926476e-37 0. 3.85926476e-37 4.06172723e-02 -1.13513432e-01
    -4.90000322e-02 4.09003731e-37 0. 4.09003731e-37 0. 7.02108197e-37
    0. 2.13671010e-02 5.15476987e-02 -4.89999987e-02 0. 4.00727775e-37
    0. 4.00750734e-37 0. 4.00750734e-37 -4.08769958e-03 -6.61114603e-02
    -4.90000248e-02 7.01057828e-37 0. 7.01057828e-37 0. 4.09751330e-37
    0. -2.21858341e-02 -7.75392503e-02 -4.90000062e-02 0. 4.00778715e-37
    0. 4.00801674e-37 0. 4.00801674e-37 -1.54456142e-02 -8.70487839e-02
    -4.90000211e-02 4.00825350e-37 0. 4.00825350e-37 0. 3.89886881e-37
    0. -1.46353580e-02 -8.71797055e-02 -4.89999987e-02 0. 3.89910558e-37
    0. 3.89933517e-37 0. 3.89933517e-37 6.37490861e-03 -5.88109568e-02
    -4.90000024e-02 3.96442357e-37 0. 3.96442357e-37 0. 3.96443075e-37
    0. 3.89871560e-02 5.93862124e-02 -4.89999875e-02 0. 6.05561827e-37
    0. 6.05584786e-37 0. 6.05584786e-37 2.31438819e-02 1.23996474e-02
    -4.89999764e-02 6.05608462e-37 0. 6.05608462e-37 0. 3.85841097e-37
    0. 6.65514264e-03 2.53814086e-03 -2.48014793e-01 0. 3.85864774e-37
    0. 3.85887733e-37 0. 3.85887733e-37 -3.42285773e-03 -7.38017708e-02
    -4.90000173e-02 3.95576377e-37 0. 3.95576377e-37 0. 3.95577095e-37
    0. -4.72000688e-02 -1.10631414e-01 -4.90000024e-02 0. 7.03330757e-37
    0. 7.03353716e-37 0. 7.03353716e-37 -1.62995681e-02 -5.89745827e-02
    -4.90000173e-02 7.03377392e-37 0. 7.03377392e-37 0. 7.00463050e-37
    0. -3.27176042e-02 -8.05045813e-02 -4.90000024e-02 0. 7.00486726e-37
    0. 7.00509685e-37 0. 7.00509685e-37 -4.61448804e-02 6.69820383e-02
    -4.89999689e-02 3.90199696e-37 0. 3.90199696e-37 0. 3.90200414e-37
    0. 3.34388614e-02 7.50294551e-02 -4.90000099e-02 0. 3.89106280e-37
    0. 3.89129239e-37 0. 3.89129239e-37 2.46503074e-02 1.69796869e-01
    1.26321167e-01 3.89152915e-37 0. 3.89152915e-37 0. 3.86352650e-37 0.
    -2.26716194e-02 -6.30505309e-02 -4.89999875e-02 0. 3.86376326e-37 0.
    3.86399285e-37 0. 3.86399285e-37 3.44880670e-02 3.26878130e-02
    -4.89999987e-02 3.87297551e-37 0. 3.87297551e-37 0. 3.87298268e-37
    0. 7.17501156e-04 -7.46040642e-02 -4.90000211e-02 0. 3.95675388e-37
    0. 3.95698346e-37 0. 3.95698346e-37 2.91998796e-02 1.44862439e-02
    -4.90000024e-02 3.95722023e-37 0. 3.95722023e-37 0. 3.95795922e-37
    0. 6.88058976e-03 2.55812705e-03 -2.48053998e-01 0. 3.95819598e-37
    0. 3.95842557e-37 0. 3.95842557e-37 3.88140641e-02 3.67452344e-03
    -4.89999987e-02 6.05676621e-37 0. 6.05676621e-37 0. 6.05677339e-37
    0. -7.13793375e-03 -1.01885729e-01 -4.90000099e-02 0. 6.41525468e-37
    0. 6.41548427e-37 0. 6.41548427e-37 -4.40778816e-03 -8.05895329e-02
    -4.90000360e-02 6.41572103e-37 0. 6.41572103e-37 0. 3.95231994e-37
    0. -3.57445213e-03 -7.06716850e-02 -4.89999987e-02 0. 3.95255671e-37
    0. 3.95278630e-37 0. 3.95278630e-37 5.18319756e-03 3.93054932e-02
    -4.89999764e-02 3.90126515e-37 0. 3.90126515e-37 0. 3.90127232e-37
    0. -6.91065937e-03 -1.24672186e-02 -4.89999689e-02 0. 3.99230426e-37
    0. 3.99253385e-37 0. 3.99253385e-37 -3.48018669e-02 -1.01630732e-01
    -4.90000173e-02 3.99277061e-37 0. 3.99277061e-37 0. 3.99277778e-37
    0. 4.58445773e-02 2.06110366e-02 -4.89999950e-02 0. 4.00836829e-37
    0. 4.00859788e-37 0. 4.00859788e-37 4.54783514e-02 4.82708849e-02
    -4.89999875e-02 4.00883465e-37 0. 4.00883465e-37 0. 4.00884182e-37
    0. -2.86224969e-02 -1.00684389e-01 -4.90000024e-02 0. 3.97977732e-37
    0. 3.98000691e-37 0. 3.98000691e-37 2.40936391e-02 6.52448880e-03
    -4.89999875e-02 3.98024367e-37 0. 3.98024367e-37 0. 3.98025085e-37
    0. -4.13720757e-02 6.23464175e-02 -4.90000024e-02 0. 7.03243944e-37
    0. 7.03266903e-37 0. 7.03266903e-37 3.88107933e-02 -1.07168637e-01
