<?xml version="1.0"?>
<opencv_storage>
<keypoint3d002 type_id="opencv-matrix">
  <rows>587</rows>
  <cols>3</cols>
  <dt>"3f"</dt>
  <data>
    4.38589081e-02 -2.54502632e-02 -1.93143502e-01 5.77651672e-02
    1.40935466e-01 1.40935466e-01 2.01405466e-01 2.01405466e-01
    -5.05662635e-02 -3.30285542e-02 -6.00023940e-02 -4.90000248e-02
    1.28672585e-01 1.60423487e-01 1.45867899e-01 2.73024172e-01
    -8.98584202e-02 4.23544854e-01 -1.72712039e-02 -6.01195917e-02
    -4.90000322e-02 3.23535092e-02 -3.27913985e-02 4.86253947e-02
    2.15051565e-02 7.42809400e-02 -1.11879297e-02 -3.04877441e-02
    -1.07749045e-01 -4.89999056e-02 -1.29567115e-02 3.27684693e-02
    -8.33248440e-03 1.53388483e-02 -6.36813715e-02 6.58271611e-02
    4.46119532e-02 -2.03519911e-02 -2.03149900e-01 1.46044776e-01
    7.70577490e-02 3.24211955e-01 -3.36943869e-03 4.20590080e-02
    -7.38914916e-03 -2.87508070e-02 -3.27097178e-02 -4.90000471e-02
    -1.22665346e-01 1.54087365e-01 -8.98134038e-02 1.26243770e-01
    2.96681039e-02 3.41084599e-02 -4.33607996e-02 -4.37338501e-02
    -4.90000173e-02 7.96664804e-02 -5.20122645e-04 3.33711803e-02
    -2.16267901e-04 2.24450510e-03 1.32982631e-03 3.35139930e-02
    -1.78445652e-02 -4.89999764e-02 8.97126680e-04 2.28317641e-03
    4.86518024e-03 2.05490664e-02 1.97258685e-02 3.22281159e-02
    1.56278908e-03 -1.75685510e-02 -2.08605558e-01 2.21894775e-02
    -6.15406362e-03 2.79879048e-02 2.79711767e-05 2.76412219e-02
    -6.67326059e-03 1.32098701e-02 -4.22633663e-02 -4.89999577e-02
    2.58300919e-03 3.11052706e-03 2.48937489e-04 3.26640252e-03
    -9.54654752e-05 5.52198896e-03 4.26649228e-02 -4.73918542e-02
    -4.89999689e-02 0. 7.39885589e-43 0. -6.91400049e-03 1.02640996e-02
    -3.51789291e-03 5.57023361e-02 1.09590543e-02 -4.89999838e-02
    -2.37019407e-03 4.32935590e-03 1.90493243e-03 2.65237573e-03
    8.57212464e-04 6.48139277e-03 -9.08818562e-04 -4.47713509e-02
    -4.90000509e-02 2.20915792e-03 2.54015215e-02 5.99831492e-02
    8.45845696e-03 3.28732729e-02 -5.02238050e-03 1.93557609e-02
    -3.39051224e-02 -4.89999577e-02 1.50551824e-02 1.50551824e-02
    1.55006405e-02 1.55006405e-02 -5.60251880e-04 1.14147889e-03
    -3.08486875e-02 -1.00566924e-01 -4.89999354e-02 8.05848241e-02
    -2.17095949e-02 4.56946641e-02 7.14385463e-03 2.17698757e-02
    1.63486861e-02 4.07011211e-02 1.14990629e-01 -2.12341547e-07
    4.90151392e-03 2.10876092e-02 -9.35727265e-03 3.47339585e-02
    1.12529416e-02 2.27990318e-02 -1.74049139e-02 -1.05633989e-01
    -4.89999279e-02 4.65767562e-01 -2.90975869e-02 1.64851740e-01
    3.53224389e-02 1.56985790e-01 1.00564666e-01 4.43307869e-02
    -4.54915613e-02 -4.89999875e-02 -2.42532603e-03 7.36419437e-03
    4.51450433e-05 7.57363305e-05 -1.37665095e-02 4.75081839e-02
    4.58436757e-02 -6.53045345e-03 -4.89999801e-02 1.98129453e-02
    -1.12249274e-02 4.03466932e-02 3.06831226e-02 5.35420962e-02
    -2.98848692e-02 -1.72414035e-02 -8.78256410e-02 -4.89999205e-02
    -7.30850222e-03 2.35531721e-02 1.14494853e-01 3.27313274e-01
    1.39993563e-01 4.38271195e-01 -6.19335566e-03 -7.20007196e-02
    -4.89999428e-02 2.06180677e-01 1.04528606e-01 1.04528606e-01
    1.01297952e-01 1.01297952e-01 -1.70197431e-03 -5.63943805e-03
    -3.91947776e-02 -4.90000285e-02 -4.81377868e-03 6.90437667e-03
    -5.47141861e-03 1.27892597e-02 -2.35350663e-03 4.12496133e-03
    6.51198113e-03 -4.10101898e-02 -4.89999354e-02 5.18422201e-03
    -1.95575273e-03 4.93787089e-03 -1.08821108e-03 4.00901027e-03
    -2.37809704e-03 1.42608061e-02 -3.51748765e-02 -4.89999615e-02
    4.48713126e-03 8.29784293e-03 -1.04260491e-02 1.19107915e-02
    -8.45396984e-03 8.51515215e-03 -2.60113589e-02 -9.91159007e-02
    -4.89999130e-02 1.09082097e-02 2.02055002e-04 7.46727455e-04 0. 0.
    1.16812240e-41 -4.52823415e-02 -9.78438556e-02 -4.90000173e-02
    -4.34412761e-03 7.63413357e-03 -8.00572149e-03 1.01719443e-02
    -5.49590332e-04 2.96874088e-03 -1.74033549e-02 -6.45640343e-02
    -4.90000322e-02 6.84889108e-02 5.75480517e-03 5.75480517e-03
    9.31267533e-03 9.54756606e-03 1.18803214e-02 2.37066969e-02
    4.16500121e-03 -4.90000546e-02 3.46853887e-03 3.46853887e-03
    5.36663271e-03 9.40201804e-03 9.07735340e-03 9.07735340e-03
    3.35784107e-02 -4.35741097e-02 -4.89999466e-02 1.11477613e-03
    -1.03912083e-03 2.01260881e-03 1.58743234e-03 4.09831433e-03
    -2.22661602e-03 2.27913838e-02 4.28396370e-03 -4.90000285e-02
    2.25381069e-02 2.25381069e-02 9.63864662e-03 1.12766204e-02
    3.57914329e-01 4.70988303e-01 -2.91360579e-02 -7.18170255e-02
    -4.90000248e-02 1.11304119e-01 2.62340959e-02 3.36182043e-02
    -7.60647729e-02 1.76215053e-01 -1.03699505e-01 4.59122472e-02
    1.12728048e-02 -4.89999875e-02 1.25158241e-03 3.55764814e-02
    5.54650500e-02 6.72572255e-02 1.42230660e-01 1.76320031e-01
    -6.43368717e-03 -6.72950372e-02 -4.89999615e-02 3.54535133e-02
    -3.60401277e-03 1.35958148e-02 -2.25177151e-03 2.90348288e-03
    2.17794124e-02 -8.95949360e-03 -1.04400329e-01 -4.89999130e-02
    5.88547066e-02 6.94809183e-02 -1.05772227e-01 4.53464121e-01
    2.26555355e-02 1.43428817e-01 3.80544104e-02 -7.19221085e-02
    -4.89999652e-02 5.31268902e-02 6.79804236e-02 1.52615279e-01
    -1.34962099e-02 3.88065316e-02 -4.49442230e-02 4.39159684e-02
    2.65725050e-03 -4.89999726e-02 1.82381749e-01 1.87130645e-01
    -1.96073223e-02 2.35289671e-02 1.06952293e-03 2.71563302e-03
    -3.73098962e-02 -9.48224142e-02 -4.90000099e-02 0. 5.13198925e-03
    5.13198925e-03 3.61229759e-04 3.61229759e-04 3.87970987e-03
    1.53566455e-03 1.05670430e-02 -4.90000136e-02 1.79499667e-03
    1.59461293e-02 -3.88568491e-02 3.94744016e-02 1.55899655e-02
    1.68226231e-02 -6.34270255e-03 -8.77999216e-02 -4.89999205e-02
    2.12882236e-02 4.22316458e-04 9.08953894e-04 1.80025247e-03
    4.17001825e-03 1.65436566e-02 -3.63582280e-03 -2.07828283e-02
    -2.02305555e-01 -1.62480841e-03 2.19775923e-03 1.24211096e-41 0.
    7.39885589e-43 0. 9.55635682e-03 -3.61039676e-02 -4.90000322e-02
    1.56253472e-03 8.45406204e-04 8.85463494e-04 6.49123802e-04
    9.37673089e-04 -4.40360600e-04 5.76757127e-03 -1.63739547e-02
    -2.10946918e-01 -3.20629869e-03 8.70264322e-03 7.18637428e-04
    4.53922013e-03 4.19760384e-02 5.33788875e-02 2.59065609e-02
    1.23818286e-01 -2.34693289e-07 3.42336786e-03 -1.07971823e-03
    7.64127495e-03 1.58035080e-04 1.58035080e-04 3.28133814e-04
    2.37381421e-02 -2.71067414e-02 -4.89999689e-02 0. 0. -6.44272240e-03
    8.20395816e-03 -1.12591656e-02 1.89425536e-02 -1.28328707e-02
    -7.04282224e-02 -4.89999317e-02 5.58788283e-03 3.06822099e-02
    1.45857573e-01 5.64082079e-02 2.22650051e-01 -4.98232851e-03
    -3.76727507e-02 -9.60710347e-02 -4.90000173e-02 4.11895394e-01
    4.40486878e-01 -1.28453478e-01 1.45156562e-01 1.02888281e-02
    1.40870204e-02 -2.43329462e-02 -6.42537177e-02 -4.90000434e-02
    1.64963864e-03 1.44256104e-03 1.46063801e-03 -4.01247438e-04
    1.24425988e-03 -9.03845557e-06 6.64532185e-03 3.73671018e-02
    -4.90000434e-02 -1.94843430e-02 2.35561300e-02 2.05112575e-03
    3.19228484e-03 -2.76468182e-03 6.10923721e-03 1.97614450e-02
    -1.36993647e-01 -4.89999503e-02 1.17157906e-01 6.62631169e-03
    2.85585839e-02 -5.11528226e-03 1.70619264e-02 3.53273451e-01
    3.09725590e-02 2.66895518e-02 -4.90000509e-02 1.20159406e-02
    1.48576982e-02 1.61638844e-03 1.51396859e-02 1.85215671e-03
    1.85215671e-03 6.74351491e-03 -2.84315962e-02 -4.90000099e-02
    1.10709399e-03 0. 0. -5.40787959e-03 5.72099304e-03 -3.96736804e-03
    2.92044654e-02 1.13634076e-02 -4.90000360e-02 -3.43124731e-04
    7.26656290e-04 6.31722482e-03 2.21436191e-02 6.87250169e-03
    1.44804930e-02 3.43480334e-02 -2.38720924e-02 -1.96315363e-01
    5.57188829e-03 5.62353581e-02 7.91428834e-02 -4.06550616e-03
    5.72266104e-03 1.86445413e-03 -1.08818775e-02 -7.56406337e-02
    -4.89999168e-02 2.18434274e-04 2.18434274e-04 2.14646163e-04
    2.14646163e-04 -1.05578169e-04 1.14037881e-04 9.10799298e-03
