<?xml version="1.0"?>
<opencv_storage>
<keypoint3d001 type_id="opencv-matrix">
  <rows>606</rows>
  <cols>3</cols>
  <dt>"3f"</dt>
  <data>
    4.41415384e-02 5.58664501e-02 -4.90000919e-02 8.28690769e-04
    -7.47207552e-03 1.67188384e-02 1.62418769e-03 3.55888577e-03
    1.15387300e-02 -3.72906290e-02 -1.04323193e-01 -4.90000546e-02
    5.71391508e-02 6.78805411e-02 2.05832440e-02 2.12753322e-02
    7.68397644e-04 2.24185572e-03 -1.80706680e-02 -5.89387715e-02
    -4.90000397e-02 3.99862370e-03 -2.64992093e-04 5.30876685e-03
    -1.39329321e-04 2.15237887e-04 -1.99962756e-06 -3.02360952e-02
    -3.21642011e-02 -4.90000397e-02 7.39885589e-43 0. -3.01946915e-04
    3.01946915e-04 -1.83658165e-04 1.90526436e-04 4.56566028e-02
    7.47419745e-02 -4.90001291e-02 4.63297794e-04 -2.09385436e-03
    6.04941836e-03 -4.71848808e-03 1.43623557e-02 -4.53347387e-03
    1.21136792e-02 -4.13520560e-02 -4.90000546e-02 1.43317152e-02
    2.89084259e-02 7.00486600e-02 7.40862563e-02 -9.26278718e-03
    9.89340991e-03 3.24898548e-02 -1.65069662e-02 -4.90000173e-02
    2.79974379e-03 9.25219094e-04 9.61842830e-04 5.38332562e-04
    1.12608832e-03 3.22740343e-05 -3.60428579e-02 8.48428756e-02
    -4.90001030e-02 -4.80423711e-04 7.66207348e-04 3.22486507e-04
    6.08270173e-04 5.08830708e-04 1.63304224e-03 -4.62871715e-02
    -9.50310081e-02 -4.90000956e-02 1.44041568e-01 -3.36669125e-02
    1.61377013e-01 -1.67536177e-02 7.00261965e-02 1.34037063e-01
    -1.91055005e-03 -4.39932905e-02 -4.90000397e-02 -2.55789105e-02
    7.29267895e-02 3.63383995e-04 4.79147304e-03 2.57174647e-03
    1.98698454e-02 4.54089791e-02 -5.62552363e-03 -4.89999875e-02
    1.28726510e-03 -1.55528821e-03 5.58583019e-03 -1.70775899e-03
    1.94844219e-03 1.15894654e-04 1.87781565e-02 -3.33524309e-02
    -4.90000322e-02 4.41279757e-04 6.21846120e-04 -3.98130901e-02
    1.60833418e-01 -1.06923981e-02 4.85131517e-02 1.46283675e-02
    -5.94500937e-02 -4.90000248e-02 1.75293431e-01 2.74930120e-01
    3.31888556e-01 2.58437485e-01 3.37239057e-01 -1.49449939e-03
    -1.86133385e-02 -8.64643753e-02 -4.90000434e-02 -2.22743931e-03
    8.62060674e-03 1.16593270e-02 3.38935964e-02 -9.54489515e-04
    2.27628881e-03 -4.48296629e-02 -4.13096063e-02 -4.90000397e-02
    7.46019577e-05 -4.35851689e-04 4.87431040e-04 -1.97491845e-05
    3.18301754e-05 -3.52403818e-04 4.54695970e-02 1.36675462e-02
    -4.89999726e-02 -1.35377480e-03 6.78546540e-03 5.16188983e-03
    7.12900702e-03 8.05412885e-03 9.37005226e-03 -3.37774977e-02
    8.52915570e-02 -4.90001068e-02 7.61070549e-02 -2.39998405e-03
    3.14009166e-03 4.42436617e-03 4.65773884e-03 -1.64370926e-03
    -2.53680535e-03 -9.70862061e-03 -2.24065572e-01 5.54795261e-05
    2.65567331e-04 1.63551187e-03 2.08541215e-03 5.25318768e-41 0.
    4.27261740e-03 -3.46085913e-02 -4.90000397e-02 0. 4.98045178e-04
    5.09965408e-04 -1.91389304e-02 1.91389304e-02 -1.78802966e-05
    -7.34005217e-03 -7.10028484e-02 -4.90000509e-02 4.77950880e-03
    4.77950880e-03 -1.43050522e-01 1.43050522e-01 0. 0. 2.35095955e-02
    4.88647074e-03 -4.90000211e-02 3.36089954e-02 -7.70631656e-02
    7.76562542e-02 -1.69638637e-02 1.72413234e-02 -9.32686846e-04
    -3.29839066e-02 -9.86952484e-02 -4.90000471e-02 -1.64942991e-03
    2.12058192e-03 -8.41439934e-04 4.21513338e-03 3.78190802e-04
    1.06398494e-03 1.38469394e-02 -3.42359617e-02 -4.90000248e-02
    2.10870095e-02 -1.10729989e-02 1.17587941e-02 3.65779764e-04
    4.62975632e-03 -2.17925245e-03 5.74644748e-03 -4.01309356e-02
    -4.90000211e-02 -1.85538065e-02 7.59046003e-02 1.60609156e-01
    3.52626324e-01 3.55244696e-01 3.56942177e-01 -2.30714101e-02
    -1.04037397e-01 -4.90000620e-02 6.80853873e-02 -2.09870674e-02
    2.41058003e-02 4.31437138e-03 5.03149768e-03 -5.30803856e-03
    -9.20906477e-03 -3.98694128e-02 -4.90000285e-02 -2.23407652e-02
    3.29645909e-02 -6.02566032e-03 9.78674181e-03 -1.64500729e-04
    1.78849287e-02 -6.18786830e-03 -3.84549722e-02 -4.90000397e-02
    4.93071973e-02 7.46519268e-02 7.50982165e-02 -9.60729609e-04
    3.00819594e-02 3.00635062e-02 1.37880640e-02 -8.75830054e-02
    -4.90000360e-02 1.70906931e-01 3.36954743e-01 2.66957488e-02
    8.98572206e-02 -8.90811980e-02 8.90811980e-02 8.96225870e-03
    -3.51127237e-02 -4.90000434e-02 3.07117458e-02 -1.84870209e-03
    1.90845579e-02 -7.11600250e-03 2.01999918e-02 2.25262978e-04
    -3.64764445e-02 -8.19255412e-03 -2.27017492e-01 -1.22764567e-03
    2.82909349e-03 -8.31610931e-04 3.42728500e-03 -1.32793968e-03
    3.69522930e-03 -7.47402618e-03 -6.64594024e-02 -4.90000322e-02
    5.86380390e-03 -1.14410541e-04 2.89919646e-03 6.64261878e-02
    7.75604993e-02 -4.05123038e-03 -2.80419551e-03 -1.08613551e-01
    -4.90000695e-02 1.83898173e-02 2.07418706e-02 4.87342337e-03
    5.31471102e-03 1.28813891e-03 2.43490259e-03 -9.52679291e-03
    -7.95717165e-03 -2.27530181e-01 1.99228735e-03 5.32717624e-41 0.
    7.39885589e-43 0. -2.85215559e-03 3.43818590e-02 -6.45323321e-02
    -4.90000062e-02 -3.13191675e-03 4.67183767e-03 7.96024164e-04
    9.91083565e-04 -3.05123255e-02 1.29351035e-01 2.35481150e-02
    -2.63091102e-02 -4.90000099e-02 2.49131043e-02 2.42900103e-02
    2.57981867e-02 -8.47033411e-03 1.11990953e-02 6.22102879e-02
    -1.22682247e-02 -1.02327071e-01 -4.90000620e-02 9.33871511e-03
    9.33871511e-03 -4.49666707e-03 5.44978771e-03 -8.17918964e-03
    1.71205364e-02 3.22499759e-02 -7.00874031e-02 -4.90000136e-02
    5.64813754e-03 7.91289583e-02 9.71651226e-02 1.74796442e-03
    2.92991437e-02 -3.78566934e-03 -1.83260199e-02 -6.33243844e-02
    -4.90000285e-02 -6.20334893e-02 3.12615067e-01 -1.22137770e-01
    1.91093579e-01 -2.70661861e-02 1.72190264e-01 3.05587482e-02
    -5.99578843e-02 -4.90000211e-02 1.02861956e-01 1.56135157e-01
    2.38257900e-01 -8.76441821e-02 2.43140742e-01 1.36851355e-01
    4.79966179e-02 1.93362776e-02 -4.89999838e-02 -4.21395013e-03
    1.86265931e-02 9.42519214e-03 3.40742469e-02 1.23187993e-02
    3.70468609e-02 2.31270585e-03 1.21067017e-02 -4.90000844e-02
    2.94238161e-02 -1.13935275e-02 2.93631759e-02 -5.93186775e-03
    9.03240684e-03 -2.73273230e-01 -7.87581597e-03 -8.67390856e-02
    -4.90000322e-02 -1.21197529e-01 1.26857728e-01 3.30245607e-02
    2.08632827e-01 1.59575745e-01 2.65319735e-01 4.75916229e-02
    9.85354651e-03 -4.90000248e-02 2.09569454e-01 -5.36797866e-02
    1.61401808e-01 1.38766579e-02 1.62588451e-02 -2.24543316e-03
    -3.06301918e-02 -7.01803863e-02 -4.90000769e-02 -2.35678498e-02
    2.35678498e-02 -1.03486504e-03 1.16499234e-03 2.32354505e-04
    3.84413637e-04 -3.91684957e-02 -9.31554139e-02 -4.90000919e-02
    5.68615785e-03 -1.93801441e-03 6.25798479e-03 1.57427089e-03
    3.89285153e-03 -1.40814867e-03 6.84195058e-03 3.78402509e-02
    -4.90001030e-02 -2.32185441e-04 3.34152748e-04 6.91686198e-03
    6.91686198e-03 -6.50292123e-03 6.93418924e-03 -1.39234466e-02
    -6.98942691e-02 -4.90000471e-02 6.37442281e-04 6.03136083e-04
    8.33260186e-04 -5.09761157e-04 1.29609555e-03 -1.03064725e-04
    6.97475579e-03 -8.69316757e-02 -4.90000509e-02 7.39885589e-43 0.
    2.99886684e-03 3.80273769e-03 -6.94150920e-04 7.80878356e-04
    -4.01922464e-02 -5.34677096e-02 -4.90000285e-02 3.82171856e-04
    1.66376140e-02 2.19645221e-02 -4.39195719e-04 2.86311377e-03
    1.19788768e-02 -8.90457444e-03 -8.66969228e-02 -4.90000695e-02
    6.62946561e-03 7.84987025e-03 4.62884025e-04 5.16438577e-03
    2.76601990e-03 7.60588888e-03 -4.11930010e-02 7.20925182e-02
    -4.90000807e-02 9.63045692e-04 -3.41136893e-03 3.69222369e-03
    4.18825628e-04 5.85609814e-04 -2.90541747e-03 3.12597714e-02
    2.74440646e-02 -4.90000919e-02 -1.07921613e-02 1.35219209e-02
    1.34107051e-02 1.44419679e-02 1.37401730e-04 7.87111558e-03
    -2.84359939e-02 -4.68236730e-02 -4.90000583e-02 2.93432146e-01
    -1.43904567e-01 1.85908318e-01 -4.98475991e-02 8.29368532e-02
    -1.99797396e-02 2.76253112e-02 6.04705438e-02 -4.90000881e-02
    -3.11420988e-02 3.11420988e-02 -4.70099114e-02 8.08328167e-02
