<?xml version="1.0"?>
<opencv_storage>
<pose002 type_id="opencv-matrix">
  <rows>4</rows>
  <cols>4</cols>
  <dt>f</dt>
  <data>
    9.94346976e-01 -7.57728964e-02 7.43814409e-02 -2.51344256e-02
    9.42313522e-02 9.52591002e-01 -2.89293677e-01 1.28560001e-02
    -4.89344746e-02 2.94667333e-01 9.54346180e-01 4.18202192e-01 0. 0.
    0. 1.</data></pose002>
</opencv_storage>
