<?xml version="1.0"?>
<opencv_storage>
<pose001 type_id="opencv-matrix">
  <rows>4</rows>
  <cols>4</cols>
  <dt>f</dt>
  <data>
    9.92380142e-01 -6.65889978e-02 -1.03670508e-01 -2.48295069e-03
    3.92989740e-02 9.68499839e-01 -2.45893598e-01 1.07035763e-03
    1.16778679e-01 2.39945784e-01 9.63736892e-01 4.03834373e-01 0. 0. 0.
    1.</data></pose001>
</opencv_storage>
