<?xml version="1.0"?>
<opencv_storage>
<pose001 type_id="opencv-matrix">
  <rows>4</rows>
  <cols>4</cols>
  <dt>f</dt>
  <data>
    7.28075683e-01 -2.86823101e-02 -6.84896469e-01 -1.32189877e-03
    -6.20747432e-02 9.92260754e-01 -1.07542448e-01 5.25475666e-03
    6.82680428e-01 1.20813809e-01 7.20660448e-01 3.94314140e-01 0. 0. 0.
    1.</data></pose001>
</opencv_storage>
