<?xml version="1.0"?>
<opencv_storage>
<keypoint2d004 type_id="opencv-matrix">
  <rows>599</rows>
  <cols>1</cols>
  <dt>"2f"</dt>
  <data>
    4.31598358e+02 1.18174904e+02 4.31681488e+02 2.34609695e+02
    4.48378845e+02 1.60560577e+02 4.45610535e+02 2.94675201e+02
    4.48885406e+02 2.62651489e+02 4.19078583e+02 3.20741638e+02
    2.84480316e+02 8.34893341e+01 2.82300995e+02 8.23486557e+01
    4.48052277e+02 2.08643372e+02 2.87436066e+02 1.91623077e+02
    2.78418610e+02 1.85246582e+02 3.33659210e+02 1.28089706e+02
    3.90332977e+02 1.93583572e+02 3.04288269e+02 1.55151138e+02
    2.87524048e+02 4.27468987e+01 3.18407593e+02 7.95139923e+01
    3.28830475e+02 1.42577896e+02 4.43063934e+02 3.89503204e+02
    4.02774078e+02 2.06778564e+02 4.36867523e+02 3.41573395e+02
    4.50760712e+02 2.87141479e+02 4.34720947e+02 3.24174530e+02
    3.75708954e+02 2.03694931e+02 4.44799530e+02 3.33330261e+02
    3.35893280e+02 1.55611252e+02 3.93997742e+02 2.05248947e+02
    4.43993195e+02 2.76335266e+02 3.91087158e+02 2.03304398e+02
    3.06062317e+02 4.27969757e+02 3.84604736e+02 2.03713715e+02
    3.12391998e+02 1.32136185e+02 3.44673065e+02 1.34615387e+02
    4.36394165e+02 3.72515045e+02 4.31011475e+02 4.18785797e+02
    3.35545898e+02 1.47036484e+02 3.78505035e+02 1.92919250e+02
    3.11816956e+02 3.53394073e+02 2.92693420e+02 8.23845139e+01
    4.18401306e+02 6.03431091e+01 4.44790466e+02 4.75264320e+01
    4.01898438e+02 3.60402283e+02 3.56493958e+02 1.41719971e+02
    3.22028564e+02 1.19745590e+02 3.34939178e+02 1.01139542e+02
    3.36493805e+02 1.00872421e+02 3.76379822e+02 1.55743500e+02
    4.34268890e+02 3.74976898e+02 4.06353210e+02 2.89662140e+02
    4.07457672e+02 4.30497345e+02 3.57867035e+02 1.26824753e+02
    2.74004211e+02 5.53123207e+01 3.33179810e+02 1.55503998e+02
    3.01973145e+02 1.14102402e+02 2.78793579e+02 3.85221710e+02
    4.23423950e+02 4.02423309e+02 3.87990570e+02 4.30325165e+02
    3.21103729e+02 1.47711853e+02 4.26916290e+02 3.26912903e+02
    3.65822540e+02 1.25229149e+02 4.17655914e+02 2.93618011e+02
    4.08567230e+02 4.30698090e+02 4.36194214e+02 2.73900757e+02
    3.51055939e+02 7.17970963e+01 3.56065643e+02 1.13622459e+02
    3.57535034e+02 1.32897003e+02 3.72280090e+02 3.37998444e+02
    3.50531372e+02 2.43270615e+02 2.97832886e+02 7.28268433e+01
    4.48745300e+02 3.05218933e+02 4.46817810e+02 3.55341125e+02
    3.09676880e+02 7.45759735e+01 4.08317322e+02 2.78884552e+02
    2.87315460e+02 3.77296997e+02 4.40934814e+02 6.03301811e+01
    3.49219086e+02 1.09600105e+02 3.20959808e+02 4.28570862e+02
    3.55624756e+02 1.55533463e+02 3.90812592e+02 4.30511292e+02
    4.11319397e+02 1.80166031e+02 3.10753387e+02 7.63451385e+01
    3.80848663e+02 1.44685745e+02 3.67156311e+02 1.84965347e+02
    4.16667938e+02 3.98388702e+02 3.08992767e+02 1.15481750e+02
    3.88277039e+02 1.39774292e+02 3.75060547e+02 1.29250259e+02
    3.86711182e+02 3.00702148e+02 3.07821533e+02 1.30027145e+02
    3.87026215e+02 6.68857346e+01 3.29278442e+02 1.33384186e+02
    3.97866516e+02 1.56398529e+02 4.00099365e+02 3.35210541e+02
    3.47437469e+02 1.08386711e+02 4.44082153e+02 6.23119621e+01
    3.47747284e+02 1.25130074e+02 3.57560822e+02 1.87491486e+02
    3.25766479e+02 1.34203751e+02 3.58992279e+02 4.01462280e+02
    4.37708984e+02 5.90392914e+01 4.48483704e+02 1.76629578e+02
    3.40758484e+02 9.60601425e+01 3.47885529e+02 1.55937729e+02
    3.31629700e+02 1.09738411e+02 3.75849121e+02 1.30644394e+02
    3.67846313e+02 1.01193947e+02 4.34965027e+02 5.74898605e+01
    3.90931396e+02 3.06729584e+02 3.66181091e+02 3.98022583e+02
    3.67856201e+02 1.57917404e+02 4.11298431e+02 2.00585953e+02
    3.38193451e+02 3.96514832e+02 3.12676666e+02 3.96216125e+02
    3.02171906e+02 1.39945786e+02 4.34202606e+02 2.76265778e+02
    4.33359009e+02 1.98469452e+02 3.82162659e+02 2.17031372e+02
    4.50584259e+02 3.93247414e+01 3.41090851e+02 4.30881256e+02
    3.80660217e+02 1.22609215e+02 2.94030975e+02 1.64497452e+02
    3.81007538e+02 2.14172073e+02 2.81699921e+02 4.98514099e+01
    3.51646271e+02 3.97738129e+02 3.40326721e+02 1.48800034e+02
    3.20344147e+02 3.29892639e+02 4.03239563e+02 3.98438385e+02
    3.49861877e+02 9.83509521e+01 4.26833221e+02 2.85567841e+02
    3.72970062e+02 4.30183105e+02 3.89339478e+02 1.09216751e+02
    2.99158875e+02 3.95402374e+02 4.19423218e+02 1.74738815e+02
    3.80547058e+02 2.11887314e+02 4.52838959e+02 2.39376358e+02
    4.34446625e+02 2.97092560e+02 3.94382812e+02 1.46930969e+02
    3.36125214e+02 1.64299164e+02 4.52945099e+02 2.35715073e+02
    2.84793945e+02 2.73983093e+02 3.64237823e+02 7.68104782e+01
    3.33844116e+02 8.79295273e+01 3.31794312e+02 1.30244858e+02
    3.79703674e+02 3.98152588e+02 3.00639618e+02 1.35233459e+02
    3.61819550e+02 9.38079224e+01 300. 1.34140137e+02 4.23316895e+02
    1.72477829e+02 4.35250946e+02 3.06570068e+02 3.25702698e+02
    3.96410278e+02 3.93155334e+02 3.79139137e+01 3.24093353e+02
    1.00104233e+02 2.80144958e+02 2.94544525e+02 3.90788910e+02
    3.98283081e+02 3.07793365e+02 1.13546532e+02 4.07764191e+02
    3.00924408e+02 4.26297913e+02 1.67960205e+02 3.82903198e+02
    1.23898705e+02 3.49280945e+02 1.66573502e+02 3.51547485e+02
    1.22790794e+02 4.46440552e+02 3.73869659e+02 3.48039001e+02
    1.52478073e+02 2.97228149e+02 1.23166313e+02 3.00781281e+02
    1.47075989e+02 3.18013153e+02 8.81295700e+01 3.30790375e+02
    4.27963989e+02 3.13799408e+02 1.78850494e+02 2.80328369e+02
    3.32047363e+02 3.90510468e+02 2.12485825e+02 2.81334778e+02
    2.85915070e+02 3.88531860e+02 1.86148026e+02 4.14285065e+02
    3.28041107e+02 3.72661530e+02 1.09730415e+02 4.00418610e+02
    1.00648369e+02 3.72469452e+02 1.08399208e+02 3.39073792e+02
    1.42885742e+02 2.77131073e+02 2.19782639e+02 3.42071808e+02
    7.00315552e+01 3.27961182e+02 1.55498627e+02 3.23867920e+02
    1.12707474e+02 4.14695679e+02 3.30950928e+02 3.81086548e+02
    3.34145172e+02 2.96373047e+02 1.46121170e+02 3.35197906e+02
    4.47672195e+01 3.86318390e+02 2.20703171e+02 3.73694305e+02
    9.76272507e+01 3.29856415e+02 1.36338562e+02 3.44936218e+02
    7.99880447e+01 2.76810822e+02 2.70483826e+02 4.22407379e+02
    2.07878159e+02 3.99343506e+02 4.60994492e+01 3.68985657e+02
    2.05857315e+02 4.30545349e+02 2.77432983e+02 3.80570282e+02
    1.14159622e+02 4.48857239e+02 2.33496918e+02 3.74178741e+02
    2.88813782e+02 3.81159393e+02 3.26757385e+02 3.82134460e+02
    1.01292694e+02 3.76964264e+02 3.10424561e+02 4.21978546e+02
    3.36003784e+02 3.69526672e+02 1.38120422e+02 3.78862213e+02
    1.01286133e+02 4.45587097e+02 3.43844238e+02 2.77849487e+02
    3.70100708e+02 2.83351807e+02 3.37435272e+02 3.28204620e+02
    6.96372986e+01 3.74229431e+02 2.94813599e+02 3.55416046e+02
    1.01165390e+02 3.60496521e+02 1.15084229e+02 3.37851624e+02
    5.62493553e+01 4.22759613e+02 2.10341248e+02 3.35995361e+02
    3.29175690e+02 4.15440094e+02 3.33672974e+02 3.07295593e+02
    1.78129547e+02 4.03350494e+02 1.35369858e+02 3.86828247e+02
    1.01485374e+02 3.66694458e+02 3.05243439e+02 3.96075500e+02
    1.80929108e+02 2.99316010e+02 1.66940170e+02 4.01449738e+02
    4.55095596e+01 3.66326721e+02 8.84569778e+01 3.68764679e+02
    1.92186249e+02 4.29758698e+02 1.75446625e+02 3.52225311e+02
    4.29898621e+02 3.85805573e+02 3.25113373e+02 3.45739105e+02
    3.38829926e+02 4.31424133e+02 3.99172729e+02 3.41440918e+02
    8.00819397e+01 3.95972839e+02 3.01309784e+02 3.37620209e+02
    3.29215729e+02 2.76607269e+02 2.04666321e+02 3.72050323e+02
    1.16183296e+02 2.80155792e+02 9.17240448e+01 4.42689880e+02
    3.61881805e+02 4.34447693e+02 4.02667755e+02 2.86695190e+02
    3.94017120e+02 3.20941925e+02 1.22276466e+02 2.83488373e+02
    3.95788269e+02 3.92391937e+02 5.58741302e+01 3.98202698e+02
    1.79019363e+02 4.19341827e+02 2.83150513e+02 2.82725098e+02
    4.37125153e+02 4.06055756e+02 1.39691223e+02 3.90592377e+02
    1.02042503e+02 4.18733307e+02 3.02907898e+02 4.44828918e+02
