<?xml version="1.0"?>
<opencv_storage>
<keypoint2d002 type_id="opencv-matrix">
  <rows>800</rows>
  <cols>1</cols>
  <dt>"2f"</dt>
  <data>
    4.20728607e+02 1.09344940e+02 2.47392746e+02 1.55409134e+02
    3.71900055e+02 7.72901917e+01 2.55309799e+02 1.97975021e+02
    3.92439667e+02 7.18210449e+01 2.35910721e+02 1.81403549e+02
    2.37101593e+02 1.81596939e+02 3.75750275e+02 7.61081848e+01
    3.04093536e+02 1.93297897e+02 3.08790710e+02 1.90626678e+02
    3.52493652e+02 1.83237930e+02 3.29606354e+02 3.18674652e+02
    3.50585968e+02 2.79045319e+02 3.14204498e+02 2.04987961e+02
    2.60582123e+02 3.40211792e+02 2.64027924e+02 1.55637589e+02
    3.03913208e+02 1.98796921e+02 3.04985168e+02 2.02556824e+02
    3.85900482e+02 1.09209145e+02 2.85177795e+02 1.82829636e+02
    3.48001251e+02 3.74145203e+02 3.54783844e+02 1.89519958e+02
    2.79804352e+02 1.34871841e+02 2.66594757e+02 1.06429062e+02
    3.75098206e+02 1.23079765e+02 2.93192841e+02 2.01263565e+02
    4.31887268e+02 1.99868881e+02 3.00593964e+02 1.04250839e+02
    3.86439728e+02 1.39130798e+02 3.09755554e+02 1.56022247e+02
    3.87313019e+02 1.54303940e+02 4.39131317e+02 2.04347488e+02
    3.70673981e+02 9.78283386e+01 3.43703278e+02 3.26367432e+02
    2.65527527e+02 1.48189896e+02 3.41484924e+02 1.89114105e+02
    2.60291870e+02 1.55810638e+02 4.41415222e+02 2.07707504e+02
    4.20489288e+02 1.80940704e+02 2.70987213e+02 1.36106033e+02
    2.84668243e+02 1.05499786e+02 2.55272629e+02 1.76463181e+02
    2.38577850e+02 3.56032196e+02 2.50845886e+02 1.35641708e+02
    3.48885101e+02 1.96421783e+02 3.38437622e+02 3.16716766e+02
    2.70261078e+02 1.06158356e+02 2.56001251e+02 1.48794449e+02
    2.50036438e+02 8.49483490e+01 3.84255920e+02 1.39279785e+02
    3.42273682e+02 4.20479187e+02 3.97666321e+02 1.39817276e+02
    2.98609650e+02 2.10860504e+02 4.27306549e+02 2.45701523e+02
    3.04326416e+02 2.94887238e+02 3.24261597e+02 4.26026001e+02
    3.19225159e+02 2.90636169e+02 2.97999969e+02 2.08913757e+02
    3.19906738e+02 2.75290802e+02 2.73706238e+02 1.13033318e+02
    3.36023468e+02 3.26613007e+02 3.35918762e+02 4.01383209e+02
    2.80728668e+02 1.05720940e+02 2.94064392e+02 3.27977875e+02
    3.48407715e+02 4.05278198e+02 4.19122040e+02 2.65905243e+02
    3.27012543e+02 2.89338074e+02 2.56630066e+02 1.23991547e+02
    3.48074554e+02 3.22768890e+02 2.93671295e+02 1.55740631e+02
    2.73266602e+02 1.26583939e+02 3.00942383e+02 2.14482346e+02
    3.20093567e+02 1.99871536e+02 4.27999207e+02 2.65594971e+02
    3.63342804e+02 8.50052185e+01 4.39876801e+02 2.18059097e+02
    2.36876419e+02 2.76587646e+02 4.15637024e+02 3.52326691e+02
    2.96319550e+02 1.45760757e+02 2.60855560e+02 1.36306259e+02
    2.42024765e+02 2.61435730e+02 2.91266083e+02 1.31077667e+02
    2.35289642e+02 2.50392548e+02 4.21433167e+02 2.14058472e+02
    2.36287582e+02 1.92687729e+02 2.78932953e+02 1.17319878e+02
    3.74566925e+02 1.53544327e+02 2.86978485e+02 1.57383987e+02
    4.34502625e+02 3.60212280e+02 3.66485046e+02 2.50681213e+02
    2.94897797e+02 2.81218872e+02 3.34617920e+02 2.36529236e+02
    3.80541901e+02 1.39178146e+02 2.71523956e+02 2.34331726e+02
    4.19225647e+02 2.66027191e+02 3.25214691e+02 2.25765091e+02
    2.47788483e+02 1.19903969e+02 2.53436081e+02 3.97226685e+02
    3.09235992e+02 4.20351959e+02 4.13594116e+02 2.46524292e+02
    3.30883545e+02 3.96205139e+02 3.12919189e+02 2.88935303e+02
    4.41866364e+02 1.97539536e+02 2.81576385e+02 1.18723801e+02
    2.95531464e+02 1.15965248e+02 2.75853882e+02 3.24334503e+02
    4.13014893e+02 2.67576019e+02 4.14968323e+02 3.13562256e+02
    2.36338943e+02 2.06227142e+02 3.25814636e+02 3.25695404e+02
    3.41996368e+02 2.74322723e+02 3.60397827e+02 4.41956116e+02
    2.38911514e+02 2.77358185e+02 2.85266052e+02 1.25267845e+02
    3.78441010e+02 1.39258347e+02 3.19998810e+02 2.19172882e+02
    2.37004211e+02 2.74173431e+02 3.97992767e+02 1.53901672e+02
    3.15204285e+02 1.29646790e+02 4.09173767e+02 3.24759003e+02
    3.06134918e+02 1.48568848e+02 3.20304657e+02 3.92791046e+02
    3.31030792e+02 1.71034286e+02 3.43776306e+02 4.37597107e+02
    3.26187500e+02 3.28113220e+02 3.00707794e+02 3.25655548e+02
    3.56344574e+02 2.97014343e+02 4.19806213e+02 2.24554413e+02
    2.94072693e+02 2.15236450e+02 3.14262329e+02 1.38416428e+02
    3.31036407e+02 1.62001465e+02 2.39035919e+02 3.36705475e+02
    3.19367584e+02 1.78966003e+02 3.99901184e+02 1.53638565e+02
    2.97311218e+02 6.15866852e+01 2.40421646e+02 3.19520538e+02
    3.13261139e+02 1.34826401e+02 4.38583862e+02 3.10107697e+02
    3.43156464e+02 4.82812958e+01 4.31222198e+02 1.59830246e+02
    4.43226440e+02 2.79470703e+02 3.32062286e+02 3.29889954e+02
    4.35434937e+02 3.22108704e+02 2.54239517e+02 1.83955276e+02
    2.38431549e+02 3.15694336e+02 2.37441620e+02 3.34934753e+02
    2.92355347e+02 3.83648010e+02 2.89737274e+02 1.11345528e+02
    4.38641693e+02 1.58425034e+02 4.37091492e+02 2.97949097e+02
    2.74181976e+02 1.08782166e+02 2.99952942e+02 3.19945068e+02
    2.97348724e+02 1.24654205e+02 2.68982941e+02 3.14545410e+02
    2.88186615e+02 1.90318466e+02 2.38260391e+02 2.96445129e+02
    3.19607239e+02 1.80640182e+02 4.17968842e+02 2.25107544e+02
    3.57937103e+02 9.18516312e+01 3.54036530e+02 3.26032166e+02
    4.12289581e+02 3.05437805e+02 4.36395691e+02 2.62014282e+02
    4.13432831e+02 3.66475159e+02 2.31121811e+02 2.55638382e+02
    4.31005615e+02 2.13058456e+02 2.40763214e+02 3.02685059e+02
    2.94177460e+02 2.83645660e+02 2.47833908e+02 2.84139679e+02
    2.65170380e+02 1.64310638e+02 2.62043701e+02 1.13346901e+02
    2.77521942e+02 1.64149963e+02 4.05136780e+02 3.44060516e+02
    2.47867371e+02 2.47382339e+02 2.72061157e+02 2.56253479e+02
    2.91726532e+02 9.94041901e+01 3.38960205e+02 2.76497101e+02
    2.68519348e+02 2.56238525e+02 2.38924637e+02 3.24175323e+02
    2.94705994e+02 2.86865875e+02 3.66139130e+02 1.86567566e+02
    4.18861145e+02 3.55527557e+02 2.76945465e+02 1.67174179e+02
    3.40802582e+02 4.18180428e+01 4.37670502e+02 2.34638382e+02
    2.73111511e+02 1.05503708e+02 4.35895050e+02 2.51872833e+02
    2.66528748e+02 1.85883896e+02 3.02239441e+02 1.84504501e+02
    2.78433350e+02 2.43199417e+02 3.20954956e+02 1.48811081e+02
    2.62035675e+02 1.73841263e+02 4.32784210e+02 2.49617325e+02
    2.63271667e+02 1.64333252e+02 2.81246704e+02 6.91713409e+01
    2.55043930e+02 2.36741989e+02 2.97094330e+02 3.00943481e+02
    2.82475433e+02 3.80660675e+02 3.81970398e+02 1.32390976e+02
    2.57964020e+02 1.28887390e+02 3.25180206e+02 2.99797821e+02
    2.42884048e+02 3.17085114e+02 4.02819061e+02 3.16405548e+02
    3.27739044e+02 3.01887543e+02 3.10448364e+02 3.90108826e+02
    4.35453491e+02 3.16161591e+02 4.36818390e+02 1.80939514e+02
    4.31182983e+02 1.93754242e+02 4.34111786e+02 1.71966766e+02
    4.42381958e+02 3.42595245e+02 4.19182556e+02 3.45817535e+02
    2.78529449e+02 1.67424850e+02 4.45951172e+02 3.43827606e+02
    3.08049438e+02 2.18675232e+02 3.57641998e+02 3.93418304e+02
    2.62876038e+02 4.01411987e+02 4.40062866e+02 3.40683685e+02
    3.14761932e+02 1.15255608e+02 2.48453354e+02 3.02076019e+02
    3.87492218e+02 6.46432343e+01 4.04787598e+02 3.34744904e+02
    4.10250275e+02 3.37495026e+02 3.57543091e+02 9.03311615e+01
    2.46659180e+02 2.73500793e+02 3.71675262e+02 5.82001343e+01
    3.31566711e+02 3.34697327e+02 2.66438934e+02 1.74975418e+02
    4.16195496e+02 3.59788239e+02 4.43658569e+02 3.82877472e+02
    4.30769012e+02 1.76703857e+02 4.29486237e+02 3.86238922e+02
    3.43046234e+02 2.97012421e+02 2.83525269e+02 2.02649597e+02
    3.60115448e+02 2.97228058e+02 2.73428345e+02 3.77015533e+02
    3.21366913e+02 3.72027863e+02 2.67073608e+02 2.24854462e+02
    3.10552673e+02 1.78736191e+02 2.66960815e+02 2.86348175e+02
    3.15764618e+02 3.02067017e+02 3.10812714e+02 2.87825317e+02
    3.68793060e+02 3.48654694e+02 3.71483429e+02 3.90720612e+02
    3.49410736e+02 4.45247742e+02 2.44106766e+02 9.30346222e+01
