<?xml version="1.0"?>
<opencv_storage>
<keypoint2d001 type_id="opencv-matrix">
  <rows>674</rows>
  <cols>1</cols>
  <dt>"2f"</dt>
  <data>
    4.06374359e+02 1.23380562e+02 2.59548431e+02 1.18896904e+02
    4.07605865e+02 2.18234177e+02 4.16605225e+02 2.75543213e+02
    3.35481842e+02 1.55788879e+02 4.14526886e+02 1.60140762e+02
    4.19834412e+02 1.65700943e+02 2.32865402e+02 1.03916412e+02
    4.16353699e+02 3.02744049e+02 3.94151367e+02 1.87226242e+02
    4.21472351e+02 1.91217728e+02 2.16399490e+02 1.52431412e+02
    3.74068726e+02 1.82718369e+02 3.23888062e+02 1.66227264e+02
    4.11756500e+02 3.09175140e+02 3.89575073e+02 1.99117935e+02
    2.91781006e+02 1.07218826e+02 2.97823364e+02 7.68182907e+01
    3.55577179e+02 1.56110794e+02 3.02773956e+02 7.86703339e+01
    3.98657715e+02 2.63368652e+02 4.17926453e+02 2.65696960e+02
    3.04568726e+02 7.97400208e+01 3.20663269e+02 8.30732117e+01
    4.07903076e+02 3.13433136e+02 3.57890381e+02 1.04850426e+02
    2.26458160e+02 3.65381836e+02 2.82299835e+02 7.30493011e+01
    3.92953735e+02 3.33087280e+02 2.17422775e+02 1.66048218e+02
    2.16017120e+02 1.15283173e+02 3.96631958e+02 1.57246384e+02
    4.11372284e+02 3.52956177e+02 2.77330750e+02 2.45741013e+02
    2.16656113e+02 1.28527481e+02 2.15429871e+02 1.42269089e+02
    3.41064362e+02 1.34554260e+02 3.57593018e+02 1.48669525e+02
    2.17981140e+02 1.99799805e+02 2.18158096e+02 1.98311172e+02
    2.18698090e+02 2.00367874e+02 3.52377594e+02 1.56110397e+02
    3.19288330e+02 9.09162140e+01 4.10310455e+02 2.58201904e+02
    3.13172455e+02 3.98495514e+02 4.06511383e+02 2.95116516e+02
    3.60904175e+02 1.89622757e+02 2.44241074e+02 1.33730972e+02
    3.10167969e+02 8.62173462e+01 2.17350693e+02 2.02650635e+02
    2.26066147e+02 1.61796463e+02 3.63097687e+02 1.36260101e+02
    2.36564346e+02 3.34204285e+02 3.40512848e+02 1.29904373e+02
    3.88552917e+02 1.08277649e+02 3.14429840e+02 4.00955872e+02
    3.71928284e+02 1.06586273e+02 3.98184570e+02 2.70277222e+02
    4.18302795e+02 2.22852402e+02 2.18173477e+02 2.19925385e+02
    3.28482819e+02 8.46750259e+01 3.41253662e+02 1.38144211e+02
    4.06257263e+02 3.52790619e+02 3.43857361e+02 1.78732132e+02
    3.48396606e+02 1.21904541e+02 3.18534851e+02 4.30191895e+02
    2.97375519e+02 3.77703888e+02 3.46847198e+02 1.48438950e+02
    4.08199982e+02 1.91197205e+02 2.37084900e+02 2.69605469e+02
    4.10653717e+02 1.92563080e+02 3.65719055e+02 1.27572472e+02
    3.17806183e+02 7.76231537e+01 4.18671722e+02 3.38761810e+02
    3.10808105e+02 4.42232635e+02 4.07048859e+02 2.01276047e+02
    3.96349213e+02 2.72425598e+02 3.38890625e+02 2.94324707e+02
    3.75429443e+02 1.06889999e+02 3.51232361e+02 1.36296478e+02
    3.86313751e+02 2.09655487e+02 2.29526398e+02 1.08424637e+02
    2.17367249e+02 3.31112762e+02 2.60289795e+02 3.45626282e+02
    2.23202652e+02 3.38028870e+02 3.66086884e+02 1.12795944e+02
    2.71927216e+02 3.70541077e+02 2.30601166e+02 1.72442703e+02
    4.06252106e+02 2.58638855e+02 2.21371658e+02 3.84731628e+02
    3.34113403e+02 1.42198502e+02 4.08316406e+02 3.79562042e+02
    2.69268616e+02 2.42195511e+02 2.58713043e+02 3.37318695e+02
    4.10091858e+02 3.44382233e+02 3.87317230e+02 2.84646851e+02
    3.04887115e+02 3.75670410e+02 3.00218597e+02 4.37835510e+02
    2.39860123e+02 1.79987228e+02 3.55205170e+02 7.71520386e+01
    2.57428009e+02 3.07049042e+02 4.03613159e+02 3.08231476e+02
    3.93645142e+02 1.08749939e+02 3.55421844e+02 2.59880676e+02
    2.70521606e+02 2.41594009e+02 3.94862671e+02 2.73155853e+02
    3.97698364e+02 2.77947937e+02 3.66567902e+02 2.44917465e+02
    3.82363251e+02 2.13944168e+02 2.21844131e+02 2.05606659e+02
    2.27094696e+02 2.40872025e+02 3.25908417e+02 3.53574066e+02
    3.80587799e+02 2.95381897e+02 3.53711304e+02 7.51170578e+01
    4.00410370e+02 1.34893982e+02 3.70757507e+02 1.47870499e+02
    3.35026306e+02 7.74622650e+01 3.83350922e+02 3.10476807e+02
    4.04142914e+02 1.50874481e+02 3.96451447e+02 3.95034546e+02
    3.33500732e+02 2.58090698e+02 4.24709595e+02 3.37578583e+02
    3.31760620e+02 4.23389984e+02 3.92095978e+02 1.40413101e+02
    3.28131683e+02 7.40476913e+01 3.88492310e+02 2.12575958e+02
    3.29178711e+02 2.88196411e+02 2.64098938e+02 3.55151550e+02
    2.98881622e+02 3.10517670e+02 2.17690918e+02 2.47664459e+02
    4.01865967e+02 2.83588104e+02 3.62864807e+02 3.80951630e+02
    2.75306488e+02 3.15823334e+02 2.78648834e+02 3.50945129e+02
    3.33828003e+02 1.90267548e+02 3.36024261e+02 3.90479858e+02
    3.57630798e+02 1.87545700e+02 3.60165131e+02 2.36564438e+02
    2.61372009e+02 3.60975464e+02 3.56679749e+02 2.27764679e+02
    3.04369171e+02 3.68062592e+02 3.38949310e+02 1.16718666e+02
    3.05005157e+02 3.66202637e+02 3.33333649e+02 1.15464027e+02
    3.93577515e+02 1.50592896e+02 3.49199768e+02 2.93698120e+02
    2.18133560e+02 3.78005035e+02 3.34422150e+02 1.78997894e+02
    2.43050293e+02 1.20079727e+02 4.04929749e+02 2.83267883e+02
    2.77733032e+02 2.54514435e+02 3.39040344e+02 1.88585800e+02
    2.81047211e+02 3.77825623e+02 3.41076782e+02 3.17550537e+02
    3.55830872e+02 3.24922546e+02 2.17917099e+02 3.53053925e+02
    3.77494507e+02 1.59719818e+02 2.91113678e+02 3.98578644e+02
    3.85126373e+02 1.47474167e+02 3.67335144e+02 1.63879578e+02
    3.25858093e+02 3.93558685e+02 3.23397614e+02 1.46350342e+02
    2.62888916e+02 2.39623901e+02 3.65844086e+02 1.09308380e+02
    2.61077087e+02 2.33475586e+02 3.31562500e+02 1.47525436e+02
    3.51144684e+02 7.83231201e+01 2.25334534e+02 1.42896210e+02
    3.55036530e+02 1.65146484e+02 2.26864822e+02 2.10055435e+02
    2.55718658e+02 2.36517914e+02 3.56768921e+02 1.65214401e+02
    2.63134705e+02 3.55472961e+02 3.45505249e+02 3.87270569e+02
    3.43581848e+02 1.86838577e+02 3.70875092e+02 1.18326942e+02
    3.96163422e+02 2.55144440e+02 3.80445221e+02 1.12956245e+02
    3.71965973e+02 3.77506714e+02 3.50552979e+02 1.28238525e+02
    3.26788635e+02 1.46049866e+02 2.79081757e+02 3.05972229e+02
    2.27431610e+02 1.20772812e+02 4.10054779e+02 3.24175140e+02
    3.18338959e+02 1.88886047e+02 3.29179047e+02 2.75772980e+02
    3.30307495e+02 2.13522552e+02 3.54392883e+02 1.12344246e+02
    2.96231781e+02 7.42840271e+01 3.43529388e+02 8.41830063e+01
    3.53017914e+02 1.75485092e+02 2.91418488e+02 3.30685394e+02
    2.45633865e+02 3.88177490e+02 2.80814087e+02 3.42970642e+02
    3.43926910e+02 3.08760132e+02 3.72839935e+02 1.19780922e+02
    3.55766388e+02 3.21037140e+02 2.38078659e+02 3.87769073e+02
    3.85403320e+02 4.00571228e+02 3.65975677e+02 1.05031532e+02
    2.63933502e+02 3.29034180e+02 3.85356750e+02 3.99576355e+02
    3.30139282e+02 1.23840775e+02 3.95793060e+02 2.44258316e+02
    3.26301483e+02 1.24359184e+02 3.77052826e+02 1.57123230e+02
    4.02409302e+02 2.81311005e+02 3.03022614e+02 4.20141937e+02
    2.40898804e+02 1.04301842e+02 2.56483948e+02 2.86507935e+02
    2.21272949e+02 8.91354752e+01 3.44381165e+02 1.75378128e+02
    2.59039001e+02 3.67640228e+02 3.53541687e+02 1.84651474e+02
    3.57073334e+02 2.18874374e+02 4.24270111e+02 2.74109741e+02
    3.46198792e+02 1.03961174e+02 3.54060333e+02 3.84294647e+02
    3.68036102e+02 2.19370499e+02 3.69077423e+02 2.11413727e+02
    2.64518982e+02 3.18123169e+02 3.35786194e+02 3.09765259e+02
    3.88192810e+02 3.08284241e+02 3.95806091e+02 2.89138733e+02
    3.52219452e+02 1.96556519e+02 3.40998474e+02 2.42345413e+02
    3.72508087e+02 2.35457626e+02 3.64156311e+02 1.96244049e+02
    3.77276642e+02 1.54338181e+02 3.74191895e+02 2.81439087e+02
    3.30909943e+02 1.98383026e+02 3.62960022e+02 1.75802597e+02
    2.67178284e+02 2.73854492e+02 3.26134644e+02 1.87878326e+02
    3.06829254e+02 3.90928253e+02 3.46200745e+02 3.31014862e+02
    3.83032562e+02 1.01355377e+02 3.44317383e+02 2.25293869e+02
    2.87910797e+02 3.42014069e+02 2.27049744e+02 1.29334534e+02
    2.59936768e+02 3.25583374e+02 3.94775970e+02 2.49762527e+02
    3.29225037e+02 3.20604584e+02 4.08034576e+02 1.72519928e+02
