<?xml version="1.0"?>
<opencv_storage>
<keypoint3d005 type_id="opencv-matrix">
  <rows>470</rows>
  <cols>3</cols>
  <dt>"3f"</dt>
  <data>
    -4.90000136e-02 -8.94577727e-02 3.81675959e-02 5.31322099e-02
    -2.05332395e-02 2.33723726e-02 -2.54120911e-03 1.37901427e-02
    1.35477970e-03 -4.90000099e-02 -8.54140669e-02 2.95152869e-02
    3.57846776e-03 3.64291458e-03 6.18337188e-04 6.83791819e-04
    5.10521057e-41 0. -7.71206468e-02 -1.06134623e-01 -4.90000173e-02
    1.83729676e-03 4.28046769e-04 1.13242946e-03 -1.33681664e-04
    7.08572217e-04 6.09497831e-04 -2.52200514e-02 -6.11882657e-02
    -4.90000173e-02 -3.42326332e-03 1.35359270e-02 -1.65019580e-03
    4.96711070e-03 3.57556273e-03 4.66978876e-03 -4.04062830e-02
    -5.56463897e-02 -4.90000099e-02 2.35601142e-02 4.47953440e-04
    3.30442260e-03 0. 0. 0. -4.19291109e-03 -4.72707041e-02
    -4.89999950e-02 0. 0. 0. 0. 2.28092470e-03 1.10547198e-02
    -4.90000136e-02 -1.09515361e-01 -1.51339527e-02 3.99548979e-03
    -1.52668171e-03 9.18356888e-03 -6.50096536e-02 7.05056414e-02
    -2.63897795e-02 -4.90000024e-02 7.92951882e-02 3.17820050e-02
    -1.16347093e-02 3.95638421e-02 5.26145279e-01 5.26145279e-01
    5.72271049e-02 5.72271049e-02 -4.90000248e-02 -7.57025331e-02
    4.52244245e-02 0. 0. 0. 0. 0. 0. -4.89999950e-02 -8.34739432e-02
    4.54381518e-02 -4.61947406e-03 6.09284546e-03 -1.99873626e-04
    2.85204081e-03 -3.16843647e-03 4.22093645e-03 -4.89999913e-02
    7.89052546e-02 3.56428176e-02 5.61277866e-02 -1.85147095e-02
    6.31024241e-02 -2.89766188e-03 4.73970883e-02 -7.38211395e-03
    -4.96762618e-02 -9.65433344e-02 -4.90000173e-02 3.77284527e-01
    3.77284527e-01 2.97549646e-03 2.11848971e-02 0. 0. -4.89999764e-02
    5.91792166e-02 -5.27673401e-04 0. 0. 0. 0. 0. -1.20666286e-03
    2.65753213e-02 -2.75018867e-02 -4.89999875e-02 -2.03797827e-03
    2.03797827e-03 2.17654579e-03 3.08514619e-03 -5.86824166e-03
    7.11636851e-03 -4.89999801e-02 -9.66869760e-03 -2.14416273e-02
    5.64494496e-03 1.37108692e-03 3.44837597e-03 8.43097568e-02
    8.43097568e-02 4.04867111e-03 -4.90000322e-02 -6.75879568e-02
    4.51407656e-02 0. 0. 0. 0. 0. 0. -4.90000360e-02 -6.62924945e-02
    4.56135124e-02 0. 5.17919912e-41 0. 7.39885589e-43 0. 2.96466140e-04
    -4.90000248e-02 -5.98177575e-02 4.51403372e-02 1.27856084e-03
    1.27856084e-03 8.99360089e-07 8.99360089e-07 7.66153336e-02
    7.77104869e-02 -4.89999726e-02 6.19317219e-02 -4.63408306e-02
    6.56713592e-03 2.25341716e-03 2.25341716e-03 2.03126972e-03
    2.09040521e-03 1.76425651e-03 -4.89999503e-02 -2.97197811e-02
    -4.40064892e-02 1.40203601e-05 4.51151391e-05 -2.20195134e-03
    2.28659832e-03 -1.15333183e-03 1.21338863e-03 -4.90000248e-02
    -1.14972457e-01 -2.69936565e-02 7.09750631e-04 3.04243737e-03
    3.07434029e-03 6.16006961e-04 6.16006961e-04 3.46231833e-03
    -1.11534238e-01 6.67357072e-02 -5.90148643e-02 2.25489318e-01
    2.28313088e-01 3.91751409e-01 3.92338753e-01 3.76652577e-03
    2.95956321e-02 -4.89999764e-02 5.24037853e-02 -3.27405334e-03
    1.33220637e-02 1.16906641e-03 1.80652719e-02 -5.52583579e-03
    2.71563958e-02 9.93219018e-03 -2.27681890e-01 -7.83566758e-03
    -8.95768255e-02 -7.03662634e-03 8.06609541e-03 -2.85116228e-04
    2.59810081e-03 -1.61935983e-03 4.51525440e-03 -5.18724583e-02
    -4.94757891e-02 -4.90000062e-02 3.04152817e-03 1.05307400e-02
    1.94111019e-02 -1.00905215e-02 1.00905215e-02 1.67465866e-01
    -5.01067489e-02 -5.04562929e-02 -4.90000099e-02 7.08105490e-02
    1.82272375e-01 -2.94850003e-02 2.94850003e-02 -1.04454178e-02
    1.95045937e-02 -4.90000024e-02 -5.49643897e-02 4.05923277e-02
    1.93754714e-02 -6.05250010e-03 1.30774230e-02 -4.85846587e-03
    6.39118580e-03 -1.12922722e-02 -4.90000322e-02 -5.20105697e-02
    4.27160487e-02 -6.83410885e-03 1.16504040e-02 2.22604140e-03
    2.22604140e-03 0. 0. -4.90000285e-02 5.94330058e-02 3.67364623e-02
    0. 2.19534170e-02 2.19534170e-02 2.03978382e-02 2.03978382e-02
    3.97575786e-04 9.16215852e-02 1.68374121e-01 2.42143869e-07
    8.29640252e-04 7.74771394e-03 2.16409424e-03 1.17242411e-02
    -7.36263348e-03 1.31346229e-02 -4.90000062e-02 -2.85042841e-02
    4.37851064e-02 9.14909353e-04 -1.15259679e-03 1.28224271e-03
    6.23803004e-04 7.53448752e-04 -4.74283559e-04 -4.89999540e-02
    5.70065677e-02 -4.57823090e-02 7.39885589e-43 0. -4.49827394e-06
    1.65199235e-04 0. 0. -3.69315892e-02 -6.72216862e-02 -4.90000024e-02
    2.53370410e-04 7.38907903e-02 7.39459321e-02 6.40580663e-03
    6.40580663e-03 4.75571956e-03 -4.89999428e-02 7.01262876e-02
    -4.71804887e-02 1.51101151e-03 1.51972042e-03 2.89834081e-03
    2.89834081e-03 -1.29194977e-03 5.59613714e-03 -4.89999577e-02
    4.76660132e-02 -4.03417349e-02 1.25315019e-05 -5.49167225e-06
    5.49167225e-06 1.09833445e-06 1.09833445e-06 5.94149606e-06
    -3.53988726e-03 1.17512062e-01 -4.15274538e-02 -2.55635910e-04
    2.55635910e-04 1.22554437e-03 1.22554437e-03 5.10775542e-04
    1.02204736e-03 -3.27259302e-04 -3.51940170e-02 -4.89999875e-02
    2.25421190e-01 5.14089689e-03 3.92634124e-02 1.06914644e-03
    1.78399170e-03 -9.35582037e-04 -4.90000024e-02 -6.33759201e-02
    4.25091311e-02 -4.28755162e-03 6.69174269e-02 2.51937490e-02
    3.30223665e-02 1.72177120e-03 1.80067332e-03 -2.30331346e-01
    -6.48390502e-03 -8.54432136e-02 7.66447512e-03 -3.33618652e-03
    3.41508887e-03 -6.15105382e-05 5.88457217e-04 -1.14847580e-03
    -4.90000397e-02 -1.72066670e-02 4.52403501e-02 -5.83121378e-04
    1.23308913e-03 9.50890419e-04 1.44598901e-03 5.70803821e-01
    5.71930707e-01 -4.90000099e-02 -1.20169193e-01 -3.41647044e-02
    1.52583350e-03 -5.47059099e-05 5.97420789e-04 -6.57346827e-05
    7.17861403e-04 -5.47059099e-05 -5.07629365e-02 -5.22333421e-02
    -4.90000024e-02 -4.52925824e-03 6.49501756e-03 -9.22831678e-05
    1.48576126e-03 8.83557077e-04 1.35570357e-03 7.38520175e-02
    1.55981600e-01 2.23517418e-07 5.29711906e-05 -2.52764818e-04
    2.93692166e-04 -2.01618132e-05 5.03081363e-04 -1.30036776e-03
    -4.90000136e-02 -1.54873487e-02 4.44614254e-02 7.72351325e-02
    7.91872665e-02 -1.34861178e-03 9.60534997e-03 -5.09049837e-03
    5.09049837e-03 -4.89999764e-02 4.25192714e-02 -2.59814747e-02
    8.41574278e-04 -1.35544071e-03 1.72819477e-03 3.10749718e-04
    3.10749718e-04 -6.56068005e-05 -6.80573434e-02 8.70020092e-02
    -5.03711477e-02 -2.53892969e-04 2.54447048e-04 -2.38742505e-04
    2.65669747e-04 5.32717624e-41 0. -4.90000471e-02 2.70093177e-02
    4.27122265e-02 1.03654042e-02 -6.11572104e-05 1.49235406e-04
    4.92631784e-03 4.93890047e-03 9.76049050e-04 -4.89999838e-02
    7.51281157e-02 -2.41391994e-02 -4.51815799e-02 6.42203838e-02
    3.24622844e-03 9.09420010e-03 -2.85697393e-02 4.27923277e-02
    -6.01002648e-02 -4.56579849e-02 -4.90000024e-02 1.80720184e-02
    3.24828289e-02 3.62991393e-02 -8.37092940e-03 1.24372812e-02
    5.97204256e-04 -6.65130652e-03 -3.47100869e-02 -4.89999913e-02
    7.67619465e-04 2.25318084e-03 -6.40979456e-03 9.18048248e-03
    3.77263576e-02 4.38732579e-02 -4.89999577e-02 -1.07309967e-01
    -3.65648977e-02 2.45797765e-02 -5.46307652e-04 7.25993002e-03
    4.56065908e-02 3.40802759e-01 -5.49881868e-02 -4.89999652e-02
    6.70129880e-02 -2.03899276e-02 6.45274520e-02 1.52010351e-01
    2.52834827e-01 4.14051920e-01 -1.00423694e-01 2.44985804e-01
    -2.66915690e-02 -4.26946469e-02 -4.90000173e-02 2.22610667e-01
    -2.28808704e-03 1.29957963e-02 -4.79499251e-03 1.22817103e-02
    3.34131881e-03 -2.29630932e-01 -6.84126094e-03 -8.83068591e-02
    1.71238035e-02 2.57019699e-02 -1.10482424e-02 3.17910053e-02
    1.54884148e-03 6.05677441e-03 -4.89999317e-02 4.40781116e-02
    -4.87512089e-02 1.45675912e-01 2.84999013e-01 3.80679458e-01
    -1.03635550e-01 1.62066504e-01 -2.59532612e-02 -4.69848812e-02
    -5.31133786e-02 -4.90000099e-02 -1.87270343e-02 1.49053141e-01
    -1.15892841e-02 1.34787992e-01 1.77194383e-02 1.17121838e-01
    -6.97876886e-02 -9.60066319e-02 -4.90000062e-02 1.59998890e-02
