<?xml version="1.0"?>
<opencv_storage>
<keypoint2d005 type_id="opencv-matrix">
  <rows>470</rows>
  <cols>1</cols>
  <dt>"2f"</dt>
  <data>
    2.59841827e+02 9.94348679e+01 2.73622711e+02 1.06971428e+02
    4.01612793e+02 5.94381523e+01 4.19183624e+02 1.55931976e+02
    4.12612122e+02 1.66766022e+02 4.25196167e+02 1.79232681e+02
    3.51442017e+02 6.10778122e+01 2.64710266e+02 3.85445557e+02
    2.48342743e+02 1.24063797e+02 2.48190399e+02 1.10132011e+02
    2.58997803e+02 3.83724213e+02 4.13311737e+02 8.63201218e+01
    3.15425232e+02 3.62386017e+02 4.32838501e+02 2.07699524e+02
    3.54798798e+02 2.49110535e+02 2.48283691e+02 1.38499252e+02
    2.47519104e+02 1.40766815e+02 2.48104111e+02 1.52214325e+02
    3.92103088e+02 3.80467163e+02 3.96925537e+02 2.15975159e+02
    3.73683807e+02 4.98072395e+01 3.84197449e+02 4.44815002e+02
    3.20223236e+02 3.51965454e+02 3.96501190e+02 4.02540436e+02
    4.07064789e+02 1.79403015e+02 4.07944489e+02 1.77348206e+02
    2.55054596e+02 1.61073288e+02 2.51675278e+02 1.66088043e+02
    2.57895630e+02 3.52794250e+02 3.73313873e+02 4.32044769e+02
    2.49461761e+02 2.06633362e+02 3.91588745e+02 3.71856049e+02
    4.15293304e+02 1.44839645e+02 3.92797546e+02 3.94695221e+02
    3.82906128e+02 3.54191956e+02 3.97975098e+02 4.35900787e+02
    4.25239105e+02 1.99078873e+02 2.52281342e+02 1.46105988e+02
    3.76163483e+02 4.09144806e+02 2.46987137e+02 2.25641357e+02
    3.87679321e+02 3.89537697e+01 4.07853790e+02 1.73967957e+02
    3.67815613e+02 4.27258850e+02 2.48130890e+02 2.28653366e+02
    3.58554047e+02 3.41416656e+02 3.88004059e+02 4.39518768e+02
    2.49793594e+02 2.99337402e+02 3.52985596e+02 3.95682037e+02
    4.02936188e+02 1.87755447e+02 4.23052856e+02 2.00737244e+02
    3.90931305e+02 6.48944092e+01 3.47333099e+02 3.81079376e+02
    4.16640228e+02 1.89396271e+02 3.88913544e+02 4.08818329e+02
    3.98108063e+02 3.50344055e+02 4.09581055e+02 1.71992813e+02
    4.04063202e+02 8.34936676e+01 2.47110184e+02 3.13176422e+02
    2.49671783e+02 2.31820343e+02 2.47396637e+02 2.13333618e+02
    3.46579346e+02 3.49302917e+02 3.64396149e+02 3.64174072e+02
    4.13849304e+02 2.86992401e+02 4.08188416e+02 2.87214478e+02
    4.18818970e+02 3.49907623e+02 4.20153625e+02 1.65090164e+02
    2.51911362e+02 2.37815094e+02 3.26896423e+02 3.57227844e+02
    4.24918884e+02 3.40321899e+02 2.51807495e+02 2.92225464e+02
    3.46052155e+02 3.70173920e+02 4.27832489e+02 3.41047211e+02
    4.05667511e+02 3.97854980e+02 4.12448792e+02 1.23243820e+02
    2.62924683e+02 2.62856750e+02 2.55234787e+02 2.43325668e+02
    3.94293671e+02 3.51320587e+02 4.34455627e+02 2.97336761e+02
    4.09492645e+02 1.92836746e+02 4.21865082e+02 1.49091248e+02
    3.74812286e+02 3.36794373e+02 3.49863953e+02 3.42381531e+02
    2.55049118e+02 2.81053192e+02 4.14717957e+02 3.24487579e+02
    3.78512146e+02 5.67242851e+01 4.32130432e+02 3.17066132e+02
    3.55497467e+02 3.59697327e+02 4.09674957e+02 1.16130013e+02
    4.06994476e+02 2.23086075e+02 3.27948395e+02 3.34718719e+02
    4.14702423e+02 2.41394272e+02 3.35126190e+02 3.65048676e+02
    3.95609344e+02 2.64197601e+02 2.55923950e+02 1.12072166e+02
    4.18747131e+02 1.15614914e+02 2.40567642e+02 1.11840134e+02
    2.54493347e+02 2.17581177e+02 3.93466705e+02 2.68486176e+02
    3.21039795e+02 4.05403992e+02 3.48061310e+02 4.28020508e+02
    4.29472321e+02 1.63785522e+02 3.64894897e+02 3.37647949e+02
    3.93488586e+02 4.33806824e+02 2.47489700e+02 1.79550751e+02
    4.16655273e+02 2.43088333e+02 3.36599823e+02 3.65459930e+02
    3.17064697e+02 3.15082489e+02 3.26210938e+02 3.79314545e+02
    2.46696884e+02 2.15674896e+02 3.85764069e+02 3.14244507e+02
    2.92396545e+02 2.75994202e+02 4.30382935e+02 3.17810760e+02
    3.38812317e+02 3.36935638e+02 2.45155945e+02 2.94479614e+02
    3.19199707e+02 3.16658081e+02 4.02214691e+02 2.17238647e+02
    2.53348465e+02 3.20297333e+02 2.40170746e+02 1.23751419e+02
    3.63035767e+02 4.38949341e+02 3.56916656e+02 3.86635803e+02
    3.69986664e+02 2.80516083e+02 4.15600861e+02 1.04170578e+02
    4.20137146e+02 2.55998260e+02 3.40381104e+02 3.88896027e+02
    4.12341187e+02 3.04853302e+02 2.46945496e+02 1.70483917e+02
    3.87076813e+02 3.22553833e+02 4.28863312e+02 2.57090942e+02
    3.82222137e+02 7.42514038e+01 2.48297653e+02 3.38385864e+02
    3.83956329e+02 7.57007751e+01 3.28371490e+02 3.74449738e+02
    4.15538422e+02 2.23074509e+02 3.21875854e+02 8.17400208e+01
    4.03249268e+02 3.33207703e+02 3.37414581e+02 3.46781891e+02
    2.39906342e+02 1.08846664e+02 3.74086060e+02 3.27082458e+02
    3.70340302e+02 3.51790039e+02 4.04546997e+02 3.33384033e+02
    4.25736603e+02 3.54632843e+02 3.53101868e+02 3.68043396e+02
    3.94823914e+02 4.24237518e+02 3.36277863e+02 3.32499359e+02
    2.66064850e+02 1.41515045e+02 3.57617432e+02 3.85062469e+02
    3.76304962e+02 3.90641144e+02 3.74134155e+02 4.42375244e+02
    4.14447235e+02 2.63675201e+02 4.31754120e+02 2.66924103e+02
    3.17573578e+02 3.71282532e+02 4.16764771e+02 3.03366425e+02
    3.70185120e+02 3.48091614e+02 3.69051636e+02 7.52709198e+01
    4.37782623e+02 3.36336914e+02 3.83649841e+02 7.43948288e+01
    3.46462555e+02 4.20780548e+02 3.56598175e+02 3.75988495e+02
    2.47559372e+02 3.21228668e+02 4.27043121e+02 3.33955811e+02
    3.69214691e+02 3.49700317e+02 4.01018585e+02 3.31205627e+02
    4.09521027e+02 2.58788422e+02 2.73082855e+02 1.34167542e+02
    4.21234772e+02 3.61321564e+02 4.29597076e+02 3.21077423e+02
    3.82912231e+02 3.42136414e+02 3.11754700e+02 3.53679993e+02
    4.16769623e+02 2.13912888e+02 4.01736145e+02 3.79101685e+02
    3.97138824e+02 2.94324738e+02 3.88958069e+02 3.67659882e+02
    3.94476166e+02 3.22135132e+02 3.88385559e+02 7.78989487e+01
    2.77152374e+02 1.33998230e+02 2.55504700e+02 1.27165169e+02
    4.07235168e+02 3.04943542e+02 4.23260712e+02 2.11439194e+02
    2.47079346e+02 1.91809845e+02 3.47251953e+02 3.23084747e+02
    4.12264465e+02 3.12053406e+02 3.97138702e+02 2.98033051e+02
    3.32603607e+02 2.29149261e+02 3.67316650e+02 3.70895111e+02
    4.11574829e+02 2.65054779e+02 3.72103241e+02 4.21934570e+02
    4.31293304e+02 2.53631012e+02 3.42649323e+02 3.50605896e+02
    3.78785248e+02 4.26146973e+02 3.97034760e+02 2.22206894e+02
    2.66578857e+02 1.24265663e+02 4.40318054e+02 3.34063202e+02
    2.61902924e+02 1.22694633e+02 3.56425323e+02 3.50188721e+02
    4.29710541e+02 2.76586731e+02 3.55515533e+02 3.50518158e+02
    4.03133850e+02 1.24001297e+02 3.36857971e+02 3.45560669e+02
    3.56699402e+02 3.12557770e+02 3.98966248e+02 2.36189056e+02
    2.72756409e+02 6.53887405e+01 3.77947968e+02 3.64635864e+02
    3.81941925e+02 6.88276672e+01 4.03841858e+02 1.22355614e+02
    4.28074554e+02 3.30868103e+02 3.55368835e+02 5.11266022e+01
    4.17600952e+02 1.40744919e+02 4.10373688e+02 2.09871429e+02
    3.45600067e+02 3.36823242e+02 2.84096069e+02 1.11566536e+02
    3.96204895e+02 2.36205658e+02 4.37013641e+02 3.23131592e+02
    2.84104553e+02 1.21864037e+02 2.69754669e+02 1.41753036e+02
    2.70252838e+02 1.02920715e+02 3.42846497e+02 2.47952316e+02
    3.30847778e+02 4.23781158e+02 2.60077484e+02 1.37673050e+02
    3.59602264e+02 3.71883392e+02 3.98051025e+02 3.69363342e+02
    3.37723236e+02 4.25832245e+02 3.74311646e+02 3.64580353e+02
    3.46089966e+02 4.35677399e+02 4.00956726e+02 2.67240173e+02
    3.27036438e+02 3.40069550e+02 3.66991882e+02 5.70315628e+01
    3.53769196e+02 5.02969170e+01 4.21216827e+02 2.25893036e+02
    3.62700714e+02 2.20605728e+02 3.03690887e+02 1.22078064e+02
    3.57014587e+02 4.31027191e+02 4.04627136e+02 2.45511108e+02
    3.89247284e+02 3.29988831e+02 2.66181610e+02 9.66060410e+01
    2.72128235e+02 1.25364952e+02 2.87517059e+02 1.23230942e+02
    3.81480896e+02 8.44380188e+01 4.32577026e+02 2.40239761e+02
    2.89114685e+02 9.59299240e+01 3.28439362e+02 6.61426773e+01
    4.01877655e+02 2.57279114e+02 3.55310944e+02 2.58978363e+02
    4.13816254e+02 3.71410889e+02 3.30666321e+02 6.71076126e+01
