<?xml version="1.0"?>
<opencv_storage>
<keypoint3d003 type_id="opencv-matrix">
  <rows>328</rows>
  <cols>3</cols>
  <dt>"3f"</dt>
  <data>
    4.90000136e-02 5.95808700e-02 4.71391752e-02 9.82730067e-04
    2.14628479e-03 2.92111677e-03 7.02623336e-04 1.07857678e-03
    3.56917605e-02 4.89999801e-02 -1.07324898e-01 -5.56839723e-03
    1.63952482e-03 7.63016334e-03 -1.14379422e-04 7.64604425e-04
    -7.35524285e-04 7.35524285e-04 4.90000062e-02 -2.52352729e-02
    4.75280508e-02 4.04669845e-05 -3.59385245e-04 6.54953881e-04
    -9.05838446e-04 2.18620384e-03 1.30129652e-03 4.90000024e-02
    -1.15527406e-01 -2.70828363e-02 7.17184274e-04 7.38880539e-04
    7.88445584e-03 1.59372613e-02 9.16408189e-03 1.08397799e-02
    4.89999838e-02 -2.85906494e-02 4.53914106e-02 5.18922321e-03
    2.48934433e-01 2.56874681e-01 4.30278182e-01 4.31403369e-01
    1.06577005e-03 4.90000099e-02 -1.92767475e-02 4.74994816e-02
    -6.16624672e-03 6.36456627e-03 -3.31987105e-02 3.32927369e-02
    -7.47310478e-05 1.18123491e-04 4.89999838e-02 -1.05598290e-02
    2.50752643e-02 3.15623172e-03 -5.40807087e-04 8.87866016e-04
    2.68135947e-04 1.68418360e-03 -3.63482133e-04 4.90000062e-02
    4.42217924e-02 4.68445458e-02 1.12031009e-02 1.53862098e-02
    -7.22917845e-04 1.02000115e-02 1.97579036e-03 7.21217599e-03
    4.90000136e-02 5.73519878e-02 3.21270432e-03 3.00013840e-01
    3.01687338e-04 5.41798733e-02 9.07627575e-04 9.34753194e-03
    -2.23512035e-02 4.90000024e-02 -3.32933813e-02 4.17664833e-02
    -3.60523904e-04 3.60523904e-04 6.77684089e-04 6.10965490e-03
    2.67465166e-05 8.93829128e-05 4.90000248e-02 2.37602387e-02
    4.39931490e-02 3.78491124e-04 1.79529670e-05 3.53664909e-05
    1.02444529e-03 1.95571408e-03 2.44535622e-04 4.89999913e-02
    -1.14899732e-01 -2.78189778e-02 2.75236467e-04 5.67261013e-04
    2.05068067e-02 2.20623352e-02 7.24306852e-02 7.28544146e-02
    4.89999987e-02 2.84637567e-02 4.40103188e-02 6.56825374e-04
    -4.77547757e-03 4.77547757e-03 -7.95362575e-04 8.13427439e-04
    -3.17521830e-04 4.90000136e-02 6.64374009e-02 4.70009856e-02
    7.39885589e-43 0. 7.39885589e-43 0. 3.32341384e-04 3.47561145e-04
    4.90000248e-02 4.57181819e-02 4.20263074e-02 7.23006087e-04
    -1.77781058e-05 4.07911102e-05 1.96518865e-03 2.83808075e-03
    5.90938085e-04 4.90000136e-02 6.22119270e-02 4.26650755e-02
    1.37473486e-04 1.43226620e-03 6.46986961e-02 6.66270629e-02
    2.51585469e-02 2.51585469e-02 4.90000099e-02 2.59100255e-02
    4.36052978e-02 5.63790265e-04 -1.15913426e-04 1.21651181e-04 0. 0.
    1.09043860e-04 4.90000024e-02 -1.10347666e-01 -3.93926278e-02
    1.71708374e-03 2.28709984e-03 1.23144162e-03 1.28780620e-03
    7.70753133e-04 4.74427408e-03 4.90000211e-02 2.39287037e-04
    4.70094383e-02 1.17270369e-02 7.08899635e-04 1.23749189e-02
    -7.35661993e-03 1.10540707e-02 -4.77707572e-03 4.90000024e-02
    2.00573821e-03 4.28679772e-02 3.06658775e-01 3.12421024e-01
    2.46544671e-03 2.45709252e-02 -2.65822164e-03 3.10406135e-03
    4.89999913e-02 -7.76795205e-03 4.69474643e-02 2.65442970e-04
    -2.69895711e-04 2.69895711e-04 -4.32726869e-04 4.32726869e-04
    -2.81524553e-04 4.89999875e-02 -1.10648215e-01 -4.17406745e-02
    -1.54391557e-04 1.33045006e-03 -8.47857969e-04 1.67323498e-03
    6.39052317e-03 1.15327220e-02 2.34406874e-01 -4.40466404e-03
    -2.47946866e-02 2.13739239e-02 2.05807248e-03 3.56599712e-03
    1.48949370e-01 1.48949370e-01 5.01760304e-01 4.90000099e-02
    4.59505394e-02 2.22953707e-02 0. 0. -3.63345782e-04 4.41231241e-04
    -1.03298389e-05 1.03298389e-05 4.90000062e-02 -1.27762090e-04
    3.69824991e-02 5.84133668e-04 2.85689430e-06 3.23204062e-04
    -1.55692847e-04 2.99662381e-04 1.73354478e-04 4.90000062e-02
    6.62957830e-03 2.66878400e-02 4.53390321e-03 4.65807738e-03
    8.82297463e-05 2.35860498e-04 5.85076585e-03 6.04521995e-03
    4.90000173e-02 7.71611705e-02 4.14820053e-02 4.44271639e-02
    4.42312323e-02 4.43935990e-02 9.63008846e-04 2.87443819e-03
    -1.15485971e-04 4.89999987e-02 4.10941988e-02 4.54406776e-02
    -5.83464771e-06 1.17887030e-05 -1.41163923e-06 4.54241535e-06
    -4.53471966e-06 1.30886310e-05 4.89999987e-02 6.01165444e-02
    3.23214419e-02 0. 3.19521714e-05 2.70132121e-04 2.18925124e-04
    2.18925124e-04 -9.72317648e-05 4.90000099e-02 -1.13874093e-01
    -3.58556695e-02 2.18004556e-04 8.40457855e-04 2.75331363e-03
    2.75331363e-03 -5.12335822e-03 6.39373111e-03 2.37030596e-01
    -3.06602940e-03 -1.91060025e-02 5.13253175e-03 1.25014940e-02
    1.46402847e-02 -2.64512636e-02 2.76885703e-02 -1.60409289e-03
    4.90000360e-02 7.51312301e-02 4.64124680e-02 1.75303576e-04
    5.10004524e-04 -1.43481477e-03 2.07644468e-03 -3.99024953e-04
    5.39218367e-04 4.90000248e-02 5.15417531e-02 2.75325291e-02
    3.08377482e-03 1.11346354e-03 1.11346354e-03 -4.81413631e-03
    7.94288237e-03 -1.65933720e-03 4.89999987e-02 2.94838119e-02
    4.55324240e-02 3.66447988e-04 1.04212272e-03 -1.49990872e-01
    1.50478661e-01 4.85817403e-01 4.85817403e-01 4.90000024e-02
    5.84024377e-02 2.21772660e-02 1.35184586e-01 -1.16217121e-01
    1.16217121e-01 8.83968081e-04 1.64778065e-03 -1.45450942e-02
    4.89999875e-02 -4.52341065e-02 4.63790298e-02 -3.60406525e-02
    3.84865142e-02 -3.40176775e-05 3.40176775e-05 -1.99401584e-02
    1.99401584e-02 4.89999838e-02 -6.32590801e-02 4.36710455e-02
    1.45527693e-02 -6.10941136e-03 6.10941136e-03 -1.67206198e-01
    1.67206198e-01 0. 4.90000173e-02 6.48715794e-02 2.28761211e-02
    2.55297393e-01 3.23533535e-01 1.08103596e-01 1.54261321e-01
    2.28362363e-02 8.95245299e-02 4.90000173e-02 5.07974960e-02
    6.70853071e-03 4.80549559e-02 2.68652593e-03 7.23856688e-03
    1.85079575e-02 3.11997682e-02 7.33325351e-03 4.90000099e-02
    5.25049902e-02 3.23291384e-02 -2.48558028e-03 2.48558028e-03 0. 0.
    -1.75444491e-03 1.75939046e-03 4.89999950e-02 -5.75128570e-02
    4.64081652e-02 1.35975908e-02 0. 0. -6.50367420e-03 7.56247900e-03
    7.93818235e-02 4.90000099e-02 3.67153361e-02 3.76136228e-02
    1.44294761e-02 1.45109566e-02 2.61095515e-03 3.28830443e-03
    2.42315745e-03 3.15716863e-03 4.89999913e-02 -1.16677489e-02
    1.99105404e-02 7.03816954e-03 4.33770067e-04 1.13710796e-03
    2.21965677e-42 0. 7.39885589e-43 4.90000136e-02 5.70423342e-02
    1.62618905e-02 3.83296330e-03 4.86883568e-03 -8.20313767e-03
    9.48118418e-03 2.03913637e-03 9.29024443e-03 3.62477839e-01
    -6.74519464e-02 -4.89999875e-02 2.67816223e-02 -6.62644044e-04
    1.27474749e-02 -1.67933106e-02 2.22659558e-02 3.07603572e-02
    4.90000099e-02 -4.53239530e-02 4.59935889e-02 6.82470016e-03
    2.74630152e-02 -1.35697227e-03 1.81027176e-03 9.90565517e-04
    1.69812504e-03 4.90000099e-02 4.48271371e-02 3.58332843e-02
    2.03967723e-03 1.32614421e-03 1.41390145e-03 4.47659455e-02
    4.72636223e-02 7.05881417e-03 4.90000173e-02 5.41037135e-02
    8.86055920e-03 1.96339320e-02 2.03289445e-02 -1.41756788e-01
    2.53711373e-01 1.00066021e-01 1.35695830e-01 4.90000024e-02
    7.90251605e-03 -4.71652411e-02 2.90051490e-01 2.58977205e-01
    2.58977205e-01 2.30083838e-01 2.30083838e-01 -1.64150819e-02
    5.86999297e-01 -1.75420374e-01 -1.00783505e-01 1.50634525e-02
    1.91076882e-02 2.17837607e-03 2.17837607e-03 7.74492696e-03
    2.07336824e-02 4.90000062e-02 4.42227945e-02 3.47081088e-02
    4.17061383e-03 5.92419840e-02 5.92419840e-02 -6.35055229e-02
    6.54853433e-02 0. 4.89999987e-02 -5.44293299e-02 4.63614389e-02
    -6.20502383e-02 1.18361615e-01 1.26270771e-01 2.78502762e-01
    -4.28865477e-02 1.40107542e-01 5.81431270e-01 -1.73032165e-01
    -9.61026400e-02 1.25700146e-01 1.08467318e-01 2.03184947e-01
    -4.02029464e-03 1.40110133e-02 1.10896118e-02 4.90000322e-02
    6.36748001e-02 2.21056640e-02 -1.85768995e-02 3.14380266e-02 0. 0.
    8.54191952e-04 1.37391407e-03 4.90000173e-02 6.71920180e-02
    2.95165814e-02 2.46915710e-03 -1.55950105e-03 2.69023282e-03
    5.59634203e-03 1.58158261e-02 6.26332685e-03 4.89999987e-02
