<?xml version="1.0"?>
<opencv_storage>
<pose005 type_id="opencv-matrix">
  <rows>4</rows>
  <cols>4</cols>
  <dt>f</dt>
  <data>
    3.61261636e-01 -3.29647250e-02 -9.31881607e-01 1.65069904e-02
    -1.41556844e-01 9.85853136e-01 -8.97511393e-02 5.67301735e-03
    9.21657026e-01 1.64337859e-01 3.51484537e-01 3.83693784e-01 0. 0. 0.
    1.</data></pose005>
</opencv_storage>
