<?xml version="1.0"?>
<opencv_storage>
<pose003 type_id="opencv-matrix">
  <rows>4</rows>
  <cols>4</cols>
  <dt>f</dt>
  <data>
    8.43415856e-02 1.22857196e-02 9.96361136e-01 1.84118673e-02
    1.58939600e-01 9.86955762e-01 -2.56239194e-02 7.04437494e-03
    -9.83679175e-01 1.60522401e-01 8.12887251e-02 3.79830271e-01 0. 0.
    0. 1.</data></pose003>
</opencv_storage>
