<?xml version="1.0"?>
<opencv_storage>
<pose002 type_id="opencv-matrix">
  <rows>4</rows>
  <cols>4</cols>
  <dt>f</dt>
  <data>
    7.84002125e-01 2.38034129e-03 6.20753586e-01 1.27653405e-02
    7.27619529e-02 9.92746890e-01 -9.57040042e-02 6.25344459e-03
    -6.16478980e-01 1.20199382e-01 7.78142512e-01 3.86798590e-01 0. 0.
    0. 1.</data></pose002>
</opencv_storage>
