<?xml version="1.0"?>
<opencv_storage>
<pose004 type_id="opencv-matrix">
  <rows>4</rows>
  <cols>4</cols>
  <dt>f</dt>
  <data>
    9.98259544e-01 2.47057003e-04 5.89728244e-02 2.61186883e-02
    6.51049707e-03 9.93417144e-01 -1.14367872e-01 8.57515074e-03
    -5.86128682e-02 1.14552766e-01 9.91686523e-01 3.70478690e-01 0. 0.
    0. 1.</data></pose004>
</opencv_storage>
