<?xml version="1.0"?>
<opencv_storage>
<keypoint2d007 type_id="opencv-matrix">
  <rows>423</rows>
  <cols>1</cols>
  <dt>"2f"</dt>
  <data>
    2.21325424e+02 1.98083466e+02 2.85732941e+02 3.24016785e+02
    2.90570679e+02 2.00929504e+02 2.48738861e+02 2.18182129e+02
    2.59079041e+02 2.25818100e+02 3.18069336e+02 2.62417969e+02
    2.59199860e+02 2.69364471e+02 2.30747787e+02 2.05927185e+02
    3.34234985e+02 2.02183716e+02 3.43545227e+02 2.03900818e+02
    2.85750488e+02 2.40021683e+02 3.16308594e+02 2.63219635e+02
    3.10888245e+02 2.24041412e+02 2.85844025e+02 1.89113419e+02
    2.62554260e+02 2.01219223e+02 2.84840332e+02 3.58255035e+02
    3.33681030e+02 2.48623871e+02 2.52461655e+02 1.61155716e+02
    3.08057373e+02 1.86205048e+02 3.04810303e+02 2.18544174e+02
    3.26534821e+02 2.37291153e+02 3.43748779e+02 1.94480118e+02
    2.41956207e+02 1.93241348e+02 2.95474060e+02 2.60200165e+02
    2.56766052e+02 2.91934845e+02 2.93355774e+02 2.12885284e+02
    3.55738037e+02 2.34865509e+02 2.09674332e+02 2.25776794e+02
    3.14122528e+02 2.04270538e+02 3.13070282e+02 2.64360474e+02
    2.56927826e+02 2.90394806e+02 3.26154510e+02 2.37718643e+02
    3.16142548e+02 1.88837662e+02 2.59141571e+02 1.79115997e+02
    3.24050598e+02 2.08203659e+02 3.14023071e+02 2.33007034e+02
    2.50795319e+02 2.78243408e+02 3.16903717e+02 1.89251617e+02
    3.21771759e+02 2.55517197e+02 2.23539612e+02 2.04281464e+02
    2.66339142e+02 1.77944870e+02 2.55362350e+02 1.57224045e+02
    2.31281647e+02 1.90943130e+02 3.43951691e+02 2.38853073e+02
    3.06335114e+02 2.64652740e+02 2.88454987e+02 1.65209305e+02
    2.46138046e+02 2.57733063e+02 2.71501282e+02 2.03987442e+02
    3.08611084e+02 2.05386993e+02 3.05685394e+02 2.46797012e+02
    3.45024170e+02 2.12401901e+02 2.51364395e+02 2.24909180e+02
    3.26210114e+02 1.94713043e+02 3.06252106e+02 2.64278137e+02
    3.00754791e+02 2.00557144e+02 3.39606995e+02 2.27254410e+02
    3.24889099e+02 1.93722656e+02 3.71984772e+02 2.17784012e+02
    3.03675842e+02 2.48024689e+02 2.07929688e+02 2.57210938e+02
    3.02341736e+02 1.96574142e+02 3.77863464e+02 2.18842010e+02
    3.24747650e+02 1.88401871e+02 2.61441681e+02 1.61116440e+02
    2.07668961e+02 2.47539749e+02 3.47905701e+02 1.93231934e+02
    3.29156433e+02 2.54367325e+02 3.70103851e+02 2.35126236e+02
    2.62110596e+02 1.84276901e+02 2.41213791e+02 2.03022491e+02
    3.03953094e+02 2.59222443e+02 3.52569855e+02 2.12813828e+02
    3.11726013e+02 2.46144989e+02 3.25638367e+02 2.84324188e+02
    2.38830109e+02 2.01095032e+02 2.42230713e+02 2.88048553e+02
    3.71992462e+02 2.11397034e+02 3.35160767e+02 1.93500626e+02
    2.19982559e+02 1.88665039e+02 3.35106049e+02 2.92962341e+02
    2.67335205e+02 1.93453964e+02 2.84083405e+02 2.16220612e+02
    3.28089508e+02 2.63468018e+02 2.25135147e+02 2.70954010e+02
    3.83641235e+02 2.25662338e+02 3.45533966e+02 1.85369400e+02
    3.50340668e+02 2.47516342e+02 3.49549622e+02 3.05575531e+02
    3.09553467e+02 3.36780151e+02 3.00121063e+02 2.32414612e+02
    2.20935715e+02 1.94163727e+02 2.40008438e+02 1.74864014e+02
    2.78911560e+02 2.41739380e+02 3.19377899e+02 3.26087494e+02
    3.44769318e+02 2.71378754e+02 3.27393463e+02 2.63201965e+02
    2.55293121e+02 1.54888367e+02 2.61197540e+02 2.32208557e+02
    2.99552734e+02 2.27992035e+02 3.50669586e+02 2.47077576e+02
    2.28686111e+02 2.41897186e+02 2.70029144e+02 2.25633057e+02
    2.60970459e+02 2.99724152e+02 3.14601562e+02 2.53883118e+02
    2.94668152e+02 2.43008881e+02 2.14113388e+02 1.96835800e+02
    2.35879181e+02 1.80135864e+02 2.70095337e+02 2.37201614e+02
    3.41055267e+02 2.20477325e+02 3.47959808e+02 1.82478745e+02
    3.09118134e+02 2.42617279e+02 2.77790314e+02 2.28583145e+02
    3.40082031e+02 3.11885254e+02 2.44294495e+02 2.05403503e+02
    2.82571503e+02 2.33787827e+02 2.42246643e+02 1.84405807e+02
    2.17996964e+02 2.64226379e+02 1.95861679e+02 2.09215408e+02
    3.64588593e+02 2.93783569e+02 3.03670166e+02 1.41714844e+02
    2.84959351e+02 3.71920654e+02 2.50378342e+02 1.83221741e+02
    2.34200348e+02 1.90330627e+02 3.20848236e+02 2.20545334e+02
    2.84301178e+02 1.37045227e+02 2.35518707e+02 1.72784073e+02
    2.93664795e+02 2.18684982e+02 2.83953857e+02 2.32597794e+02
    2.70763306e+02 2.20105545e+02 2.75017548e+02 2.22000702e+02
    3.41729065e+02 2.24918564e+02 3.88332428e+02 2.20673157e+02
    2.92637878e+02 2.38089493e+02 3.67187469e+02 2.57199341e+02
    2.76535309e+02 1.92471802e+02 1.86265823e+02 2.36427948e+02
    3.64109619e+02 2.93645172e+02 3.48171143e+02 2.27271210e+02
    2.68838989e+02 1.47132751e+02 3.53316833e+02 1.79858765e+02
    2.18725601e+02 2.58805542e+02 3.01834198e+02 2.52831482e+02
    2.80996399e+02 2.00447128e+02 2.85031982e+02 3.74382965e+02
    3.68750183e+02 2.55939438e+02 3.25098694e+02 2.23964432e+02
    2.90557861e+02 1.82031433e+02 3.01092163e+02 2.39296600e+02
    2.12803131e+02 2.09571976e+02 3.32624023e+02 2.49839935e+02
    2.71384949e+02 2.43224121e+02 2.18501053e+02 2.57456146e+02
    2.67588226e+02 1.66580994e+02 3.02482117e+02 1.79306366e+02
    4.12246246e+02 2.57955170e+02 3.04644867e+02 2.32122284e+02
    2.92886261e+02 2.87954742e+02 2.56919495e+02 2.16052872e+02
    3.66477570e+02 2.94818939e+02 3.30551361e+02 2.22606934e+02
    2.54044098e+02 1.94715179e+02 2.55092026e+02 1.96631683e+02
    2.63103943e+02 1.47138351e+02 3.52107544e+02 2.95206055e+02
    3.07126099e+02 2.54779739e+02 3.82102051e+02 2.04192566e+02
    1.89101532e+02 2.49794220e+02 3.60820770e+02 2.95399353e+02
    2.31718658e+02 2.25031906e+02 3.24034119e+02 3.27062714e+02
    3.01034943e+02 1.51748657e+02 2.30724747e+02 2.40184814e+02
    2.94910217e+02 1.90945129e+02 2.56505035e+02 2.58880402e+02
    2.72662415e+02 2.43915298e+02 3.00174500e+02 1.46636490e+02
    3.81457703e+02 2.42593292e+02 3.76420074e+02 2.85897461e+02
    2.83533722e+02 2.20935577e+02 2.88270172e+02 2.45874527e+02
    2.80446075e+02 2.14756119e+02 3.44292938e+02 3.02160858e+02
    2.65276398e+02 1.66331970e+02 2.49612915e+02 2.89645264e+02
    1.96223083e+02 2.43966278e+02 2.87014130e+02 3.79437622e+02
    3.43430878e+02 2.87690704e+02 2.91636566e+02 2.80037720e+02
    3.13249054e+02 2.56078552e+02 2.80986206e+02 1.62093109e+02
    3.08215302e+02 1.42631332e+02 2.34824478e+02 2.01271210e+02
    2.64776123e+02 2.77272095e+02 3.10969452e+02 2.75913757e+02
    2.86287628e+02 1.49750305e+02 3.20891907e+02 2.23537201e+02
    3.80089417e+02 2.04701172e+02 2.91157227e+02 1.28326218e+02
    2.20251617e+02 2.16221359e+02 2.88546448e+02 2.97369843e+02
    2.80160553e+02 2.53139053e+02 2.89253754e+02 2.25156021e+02
    2.93013824e+02 2.73848083e+02 2.23714890e+02 2.18930939e+02
    3.66177216e+02 2.10837219e+02 3.08921783e+02 2.76775482e+02
    2.75002808e+02 2.00331894e+02 2.00410172e+02 2.39797836e+02
    2.90769104e+02 2.91211670e+02 2.14409882e+02 2.33818771e+02
    4.34042358e+02 2.41889465e+02 2.44938126e+02 2.34335907e+02
    2.74628082e+02 1.40672821e+02 2.00304398e+02 2.38436295e+02
    2.86511627e+02 1.45878174e+02 3.00138123e+02 2.79119598e+02
    4.92159515e+02 2.86142212e+02 2.36810501e+02 2.49344925e+02
    2.72497467e+02 2.86997009e+02 3.85183807e+02 2.17069107e+02
    3.81634644e+02 2.13037750e+02 4.02818085e+02 2.32838104e+02
    2.56198242e+02 1.75693405e+02 3.51634216e+02 1.97038528e+02
    2.88991333e+02 1.50888504e+02 2.86889618e+02 2.70269836e+02
    2.80111938e+02 1.40836334e+02 2.92224182e+02 2.30290924e+02
    2.98025116e+02 3.52020081e+02 2.82843628e+02 3.89848053e+02
    2.00617844e+02 2.41318649e+02 2.57617523e+02 2.42387695e+02
    2.90293732e+02 2.59263489e+02 2.43810654e+02 2.17036240e+02
    2.25602341e+02 2.30939728e+02 2.56352264e+02 2.79151306e+02
    2.88893005e+02 3.85555847e+02 1.98684387e+02 2.22276733e+02
    2.89236725e+02 2.60138672e+02 3.05959991e+02 1.77744827e+02
    3.85298218e+02 2.38203949e+02 3.06324371e+02 1.65774979e+02
    1.94264496e+02 2.18563065e+02 4.42373627e+02 2.42687561e+02
