<?xml version="1.0"?>
<opencv_storage>
<keypoint3d002 type_id="opencv-matrix">
  <rows>801</rows>
  <cols>3</cols>
  <dt>"3f"</dt>
  <data>
    6.40133694e-02 -9.69024226e-02 -3.00000254e-02 0. 9.98334352e-38 0.
    9.98391749e-38 0. 9.98391749e-38 -2.79222690e-02 -4.33521206e-03
    -2.99999751e-02 1.30343626e-37 0. 1.30343626e-37 0. 1.49819388e-37
    0. 9.48744919e-03 -5.81634603e-02 -3.00000310e-02 0. 1.01477865e-37
    0. 1.01483604e-37 0. 1.01483604e-37 4.66875359e-02 5.95005043e-02
    -2.99999919e-02 1.00403461e-37 0. 1.00403461e-37 0. 9.92947985e-38
    0. -6.70780018e-02 -1.44719565e-02 -2.99999863e-02 0. 1.00799502e-37
    0. 1.00805241e-37 0. 1.00805241e-37 -4.69970964e-02 -6.15658313e-02
    -2.99999788e-02 9.91633230e-38 0. 9.91633230e-38 0. 1.01115186e-37
    0. -2.59511881e-02 -6.27359981e-03 -2.99999770e-02 0. 1.49483076e-37
    0. 1.49488816e-37 0. 1.49488816e-37 2.06887163e-02 -7.18776658e-02
    -3.00000198e-02 9.91981201e-38 0. 9.91981201e-38 0. 1.00149658e-37
    0. 6.69279397e-02 6.30812943e-02 -2.99999639e-02 0. 1.00810981e-37
    0. 1.00816721e-37 0. 1.00816721e-37 3.88198625e-03 -5.45018688e-02
    -3.00000384e-02 1.01245944e-37 0. 1.01245944e-37 0. 9.99464359e-38
    0. 5.42610884e-02 5.14366738e-02 -2.99999826e-02 0. 1.50885900e-37
    0. 1.50891639e-37 0. 1.50891639e-37 -2.66612154e-02 -6.24224879e-02
    -3.00000347e-02 1.51121049e-37 0. 1.51121049e-37 0. 1.49648093e-37
    0. -2.67601125e-02 -6.11278415e-02 -3.00000198e-02 0. 9.99615026e-38
    0. 9.99672424e-38 0. 9.99672424e-38 -5.30587286e-02 -3.41978632e-02
    -2.99999733e-02 1.49217794e-37 0. 1.49217794e-37 0. 9.95871654e-38
    0. 6.11721091e-02 5.42572066e-02 -2.99999658e-02 0. 1.30626666e-37
    0. 1.30632406e-37 0. 1.30632406e-37 -5.36288358e-02 -6.25165552e-02
    -2.99999714e-02 1.30531064e-37 0. 1.30531064e-37 0. 1.49849342e-37
    0. 5.62442169e-02 5.93299195e-02 -2.99999937e-02 0. 1.50584385e-37
    0. 1.50590125e-37 0. 1.50590125e-37 -4.27688137e-02 -5.34554981e-02
    -2.99999900e-02 1.51106520e-37 0. 1.51106520e-37 0. 1.49619754e-37
    0. -4.60243709e-02 -4.91161831e-02 -2.99999714e-02 0. 1.00608835e-37
    0. 1.00614575e-37 0. 1.00614575e-37 3.06262765e-02 -1.68139730e-02
    -3.00000124e-02 1.49888085e-37 0. 1.49888085e-37 0. 1.50691108e-37
    0. -7.00000226e-02 -8.51371884e-02 -1.40852630e-02 0. 1.30482456e-37
    0. 1.30488196e-37 0. 1.30488196e-37 8.32283404e-03 -7.28684366e-02
    -3.00000273e-02 1.30373401e-37 0. 1.30373401e-37 0. 9.91025179e-38
    0. 1.85586885e-03 -6.88782036e-02 -3.00000180e-02 0. 1.49861180e-37
    0. 1.49866920e-37 0. 1.49866920e-37 -3.93156409e-02 -4.97785024e-02
    -2.99999714e-02 8.62258181e-38 0. 8.62258181e-38 0. 1.01170969e-37
    0. -1.62288211e-02 5.40560624e-03 -2.99999844e-02 0. 1.50395154e-37
    0. 1.50400893e-37 0. 1.50400893e-37 4.02352996e-02 6.27305061e-02
    -2.99999639e-02 1.49970056e-37 0. 1.49970056e-37 0. 1.50050412e-37
    0. 1.71397701e-02 3.17660309e-02 -2.99999677e-02 0. 1.49827998e-37
    0. 1.49833737e-37 0. 1.49833737e-37 2.13437974e-02 -5.97313158e-02
    -3.00000180e-02 1.49839656e-37 0. 1.49839656e-37 0. 1.30400665e-37
    0. -1.63685754e-02 -9.16127581e-03 -2.99999733e-02 0. 1.30406584e-37
    0. 1.30412324e-37 0. 1.30412324e-37 1.12296641e-03 -2.11047032e-03
    -2.99999714e-02 1.30746662e-37 0. 1.30746662e-37 0. 1.30746842e-37
    0. 6.05916902e-02 6.94638938e-02 -2.99999807e-02 0. 1.30549359e-37
    0. 1.30555099e-37 0. 1.30555099e-37 5.43372333e-02 -9.77626666e-02
    -3.00000198e-02 1.30561018e-37 0. 1.30561018e-37 0. 1.50617747e-37
    0. 1.64530799e-02 3.43954712e-02 -2.99999751e-02 0. 1.50623666e-37
    0. 1.50629406e-37 0. 1.50629406e-37 1.98453441e-02 2.42743157e-02
    -2.99999714e-02 9.95182887e-38 0. 9.95182887e-38 0. 9.95184681e-38
    0. -2.65200175e-02 -4.97124270e-02 -2.99999807e-02 0. 1.00979585e-37
    0. 1.00985325e-37 0. 1.00985325e-37 -2.64779776e-02 -4.82213274e-02
    -2.99999937e-02 1.00991244e-37 0. 1.00991244e-37 0. 1.49304607e-37
    0. 1.95593275e-02 -8.30296776e-04 -3.00000031e-02 0. 1.49310526e-37
    0. 1.49316266e-37 0. 1.49316266e-37 -3.30390781e-03 6.84573427e-02
    -2.99999937e-02 1.49443437e-37 0. 1.49443437e-37 0. 1.49443616e-37
    0. 4.16425578e-02 -4.22913432e-02 -2.99999993e-02 0. 1.01281997e-37
    0. 1.01287736e-37 0. 1.01287736e-37 3.92347686e-02 2.89635453e-02
    -2.99999770e-02 1.01293655e-37 0. 1.01293655e-37 0. 1.49699392e-37
    0. -2.30511315e-02 7.16998382e-03 -2.99999733e-02 0. 1.49705311e-37
    0. 1.49711051e-37 0. 1.49711051e-37 1.93291586e-02 7.92303775e-03
    -2.99999770e-02 1.51140420e-37 0. 1.51140420e-37 0. 1.51140600e-37
    0. 1.53182894e-02 -5.79673089e-02 -3.00000273e-02 0. 1.49416532e-37
    0. 1.49422271e-37 0. 1.49422271e-37 3.90029214e-02 2.63345260e-02
    -2.99999788e-02 1.49428190e-37 0. 1.49428190e-37 0. 1.50508334e-37
    0. -1.67695805e-02 -4.67835627e-02 -2.99999770e-02 0. 1.50514253e-37
    0. 1.50519992e-37 0. 1.50519992e-37 2.98944768e-03 5.63639449e-04
    -2.99999863e-02 1.49680917e-37 0. 1.49680917e-37 0. 1.49681097e-37
    0. 4.38855961e-02 -4.19685952e-02 -3.00000254e-02 0. 1.49988351e-37
    0. 1.49994091e-37 0. 1.49994091e-37 -1.22917695e-02 -6.33224696e-02
    -3.00000422e-02 1.50000010e-37 0. 1.50000010e-37 0. 1.49565406e-37
    0. -7.00000376e-02 -8.13971758e-02 6.67844526e-03 0. 1.49571325e-37
    0. 1.49577064e-37 0. 1.49577064e-37 3.10955215e-02 -6.98157027e-02
    -3.00000347e-02 9.93966785e-38 0. 9.93966785e-38 0. 9.93968578e-38
    0. -6.47528470e-02 -1.01337157e-01 -2.99999751e-02 0. 1.50740254e-37
    0. 1.50745994e-37 0. 1.50745994e-37 2.10292377e-02 -6.13573827e-02
    -3.00000347e-02 1.50751913e-37 0. 1.50751913e-37 0. 1.30596353e-37
    0. 4.21570018e-02 -6.36032075e-02 -3.00000086e-02 0. 1.30602272e-37
    0. 1.30608012e-37 0. 1.30608012e-37 6.52244221e-03 3.36111039e-02
    -2.99999900e-02 1.30613931e-37 0. 1.30613931e-37 0. 1.49499219e-37
    0. 4.54457402e-02 -6.18788451e-02 -3.00000291e-02 0. 1.49505139e-37
    0. 1.49510878e-37 0. 1.49510878e-37 -1.25201931e-02 -6.43217117e-02
    -3.00000273e-02 1.49516797e-37 0. 1.49516797e-37 0. 1.50015256e-37
    0. 2.58613378e-02 6.82458803e-02 -2.99999639e-02 0. 1.50021175e-37
    0. 1.50026915e-37 0. 1.50026915e-37 -4.51504514e-02 -3.61453220e-02
    -2.99999677e-02 1.50032834e-37 0. 1.50032834e-37 0. 1.49925752e-37
    0. 4.64870594e-02 -7.39392936e-02 -3.00000235e-02 0. 1.49931671e-37
    0. 1.49937411e-37 0. 1.49937411e-37 5.74411452e-02 6.58462569e-02
    -2.99999826e-02 1.49943330e-37 0. 1.49943330e-37 0. 1.30636890e-37
    0. 5.04479446e-02 -9.75673795e-02 -3.00000049e-02 0. 1.30642809e-37
    0. 1.30648549e-37 0. 1.30648549e-37 -2.67889183e-02 -5.81751913e-02
    -2.99999807e-02 1.30654468e-37 0. 1.30654468e-37 0. 1.49893108e-37
    0. -7.00000525e-02 3.09855081e-02 3.91867757e-03 0. 1.49899027e-37
    0. 1.49904766e-37 0. 1.49904766e-37 2.01307088e-02 -9.98202115e-02
    -3.00000403e-02 1.49910686e-37 0. 1.49910686e-37 0. 1.51281402e-37
    0. -6.34796247e-02 -9.88423973e-02 -2.99999639e-02 0. 1.51287321e-37
    0. 1.51293061e-37 0. 1.51293061e-37 1.21668493e-02 6.49305582e-02
    -2.99999826e-02 1.51298980e-37 0. 1.51298980e-37 0. 1.50779894e-37
    0. -6.63049221e-02 -1.03108294e-01 -2.99999733e-02 0. 1.50785813e-37
    0. 1.50791553e-37 0. 1.50791553e-37 6.12878427e-02 6.12401702e-02
    -2.99999882e-02 1.50797472e-37 0. 1.50797472e-37 0. 1.01455982e-37
    0. -2.95807328e-03 1.04250051e-02 -2.99999863e-02 0. 1.01461901e-37
    0. 1.01467641e-37 0. 1.01467641e-37 -2.10526176e-02 2.24683583e-02
    -2.99999733e-02 1.01473560e-37 0. 1.01473560e-37 0. 1.50665100e-37
    0. 2.93086860e-02 -5.53395934e-02 -3.00000180e-02 0. 1.50671019e-37
    0. 1.50676759e-37 0. 1.50676759e-37 -4.05533165e-02 -6.57116547e-02
    -2.99999900e-02 1.50682678e-37 0. 1.50682678e-37 0. 1.00021232e-37
    0. 4.02104817e-02 -9.62690264e-02 -3.00000273e-02 0. 1.00027151e-37
    0. 1.00032890e-37 0. 1.00032890e-37 3.88107821e-03 6.54410645e-02
