<?xml version="1.0"?>
<opencv_storage>
<keypoint2d003 type_id="opencv-matrix">
  <rows>904</rows>
  <cols>1</cols>
  <dt>"2f"</dt>
  <data>
    3.78772034e+02 1.11926514e+02 3.08670837e+02 1.48395615e+02
    3.09209229e+02 1.17104607e+02 2.97081055e+02 1.49560852e+02
    2.30615311e+02 1.64285660e+02 2.40384415e+02 1.55205872e+02
    2.96030090e+02 1.47471497e+02 2.39337250e+02 1.33113190e+02
    2.60432831e+02 1.30248413e+02 1.74808029e+02 1.80565109e+02
    1.88113846e+02 1.79809555e+02 3.17874603e+02 3.70436371e+02
    2.82008850e+02 1.27817276e+02 3.12093292e+02 3.62530029e+02
    1.91499054e+02 1.57647766e+02 2.80814911e+02 1.22767540e+02
    1.69141785e+02 1.61387894e+02 2.48604248e+02 1.55852753e+02
    1.74402130e+02 1.54760803e+02 1.82999680e+02 1.85725662e+02
    1.90969879e+02 1.59879593e+02 2.10918365e+02 3.83146332e+02
    2.56887115e+02 1.53864807e+02 3.01670685e+02 1.34524811e+02
    2.56528809e+02 1.51037552e+02 1.88595856e+02 1.76966797e+02
    2.08010452e+02 1.50854370e+02 3.03033203e+02 1.42051483e+02
    2.98105896e+02 3.76367004e+02 2.60080231e+02 1.35010086e+02
    2.29004135e+02 1.41295029e+02 2.94380737e+02 3.76061432e+02
    3.44741302e+02 4.02510284e+02 3.03206665e+02 1.54506454e+02
    2.83780853e+02 1.43843903e+02 3.93548950e+02 2.35019806e+02
    2.48892075e+02 1.63846817e+02 2.89958527e+02 1.33370224e+02
    2.75209747e+02 1.29762772e+02 3.93716431e+02 2.47433151e+02
    3.10709625e+02 3.77329437e+02 3.92630646e+02 2.50073608e+02
    1.77700241e+02 1.94306213e+02 2.13147888e+02 1.58392227e+02
    2.16394516e+02 3.76003082e+02 3.11629730e+02 3.89496429e+02
    2.25101242e+02 1.71193039e+02 3.92726166e+02 2.32024277e+02
    2.19819901e+02 3.76032135e+02 2.69187836e+02 1.24668999e+02
    2.85251556e+02 3.80334534e+02 2.19034546e+02 1.62565140e+02
    2.08766800e+02 1.51446030e+02 1.70518356e+02 2.02663849e+02
    2.44189102e+02 3.88944305e+02 2.01404572e+02 1.80855301e+02
    3.42698700e+02 4.00057587e+02 2.10035004e+02 1.66753708e+02
    3.90423187e+02 2.52971619e+02 2.94095032e+02 1.27839546e+02
    3.45406311e+02 4.02408936e+02 2.72763794e+02 1.55676498e+02
    3.46283020e+02 3.61073914e+02 2.44697021e+02 3.88261871e+02
    2.94115265e+02 3.96917511e+02 1.63965805e+02 1.83791092e+02
    3.90503082e+02 2.29000031e+02 2.88447205e+02 1.80346939e+02
    2.80412689e+02 1.51319931e+02 3.88809601e+02 2.41860855e+02
    1.97124146e+02 1.51673950e+02 3.41460327e+02 3.82680634e+02
    2.01277069e+02 1.71900574e+02 3.47769806e+02 4.12708252e+02
    2.83929993e+02 2.22300873e+02 2.35980530e+02 3.75150787e+02
    1.90275558e+02 1.65297485e+02 2.43862091e+02 1.35837357e+02
    3.39419434e+02 3.64108215e+02 3.88664185e+02 2.22975815e+02
    3.66093597e+02 3.81303833e+02 2.72982391e+02 1.19634224e+02
    3.88421753e+02 2.57903137e+02 2.22663879e+02 1.50057129e+02
    1.67052490e+02 1.70532791e+02 2.90752319e+02 1.80191467e+02
    3.32283173e+02 3.35929352e+02 3.28584167e+02 4.01779633e+02
    1.80329346e+02 1.53759567e+02 3.88913544e+02 2.40368973e+02
    2.24752762e+02 1.55356003e+02 1.66078583e+02 1.94743607e+02
    3.35409088e+02 3.58704620e+02 1.78604584e+02 1.59835968e+02
    2.81300018e+02 3.11403015e+02 2.81512299e+02 3.15789307e+02
    2.45896210e+02 3.74613342e+02 2.24318848e+02 1.57825882e+02
    3.04209015e+02 3.96650818e+02 2.57995422e+02 3.83958221e+02
    2.59750641e+02 3.81369690e+02 1.88778702e+02 1.70751434e+02
    2.85906738e+02 1.50912186e+02 3.83176178e+02 2.63389771e+02
    3.21052399e+02 3.77560486e+02 2.42962479e+02 1.48014206e+02
    3.83717682e+02 2.15553955e+02 2.01931473e+02 3.38934143e+02
    3.46993073e+02 3.71110901e+02 2.62749237e+02 3.96122559e+02
    1.82624954e+02 3.04682312e+02 3.27777679e+02 3.70817169e+02
    2.48629456e+02 3.24928833e+02 2.12317032e+02 1.74594803e+02
    3.10072754e+02 1.80197830e+02 2.73697510e+02 1.45345825e+02
    1.95054993e+02 3.17041260e+02 2.17016724e+02 1.46210281e+02
    2.85768616e+02 1.55055008e+02 1.88775253e+02 1.92209854e+02
    2.02126785e+02 3.38766235e+02 2.87017151e+02 1.43105499e+02
    3.66150665e+02 2.32931519e+02 2.21620132e+02 3.63840240e+02
    2.11599396e+02 1.63818283e+02 2.77369751e+02 2.26787079e+02
    2.25269608e+02 3.71453400e+02 2.12794540e+02 2.99766418e+02
    2.26510910e+02 3.74916534e+02 1.78432907e+02 1.66670959e+02
    3.05170654e+02 3.68542755e+02 2.36263885e+02 3.46709442e+02
    2.69940094e+02 2.22199921e+02 3.79384705e+02 2.95448914e+02
    1.77981476e+02 1.92313492e+02 2.16336609e+02 3.64964996e+02
    3.82614532e+02 2.76330780e+02 2.65594543e+02 3.14357422e+02
    3.33351715e+02 3.95831024e+02 2.36280655e+02 3.45362335e+02
    3.03896912e+02 3.87284210e+02 3.85910248e+02 2.41138611e+02
    3.66281006e+02 2.45601212e+02 1.94906433e+02 2.49955246e+02
    3.03429962e+02 1.12405724e+02 3.43402313e+02 3.49068176e+02
    3.91316101e+02 3.45744659e+02 2.90706451e+02 1.12330849e+02
    2.31778503e+02 3.89156647e+02 2.85660248e+02 1.40825714e+02
    3.31911743e+02 3.57013916e+02 3.92313263e+02 3.33415192e+02
    3.92225342e+02 3.43485962e+02 3.65460114e+02 3.39807953e+02
    2.69469055e+02 1.37754929e+02 3.67189362e+02 2.30171417e+02
    2.00668259e+02 1.46732544e+02 2.50697037e+02 2.27067291e+02
    1.85518387e+02 2.52718872e+02 2.92602844e+02 1.77198471e+02
    2.50918335e+02 3.48409393e+02 2.46506378e+02 3.66715149e+02
    3.67302734e+02 2.48597488e+02 3.02581543e+02 3.91125763e+02
    3.02206573e+02 1.39810516e+02 2.61241974e+02 3.71431824e+02
    3.43117035e+02 3.91769562e+02 3.53758698e+02 3.56131287e+02
    2.80725189e+02 1.57698837e+02 1.82056732e+02 2.74823273e+02
    3.59756470e+02 7.64132767e+01 2.56572235e+02 2.52428970e+02
    2.54318878e+02 1.41308029e+02 2.70914673e+02 3.78101227e+02
    3.78164062e+02 3.07186798e+02 3.13003479e+02 1.78494324e+02
    2.46739136e+02 1.25925514e+02 2.62072021e+02 2.46201355e+02
    2.37523148e+02 3.83065613e+02 3.65793457e+02 3.51509460e+02
    3.04714172e+02 3.47850159e+02 3.90223419e+02 3.28631409e+02
    3.69308563e+02 2.52316620e+02 3.16697632e+02 1.78491608e+02
    3.69277893e+02 2.26736435e+02 1.77352509e+02 2.03575653e+02
    3.04205170e+02 3.50876160e+02 2.50628189e+02 3.46122345e+02
    1.97862579e+02 1.64252960e+02 2.14932709e+02 2.56327545e+02
    3.89357422e+02 3.49205017e+02 3.01179871e+02 1.77892334e+02
    2.59916473e+02 3.71066559e+02 3.05002502e+02 3.44159760e+02
    1.94750885e+02 3.64737244e+02 2.33154099e+02 3.04662445e+02
    2.31036179e+02 2.60162811e+02 2.91971680e+02 1.30627594e+02
    3.03219086e+02 3.53786194e+02 2.00260574e+02 1.58564484e+02
    3.71352905e+02 2.57702332e+02 2.02816742e+02 3.64211670e+02
    2.81132111e+02 2.47682007e+02 2.65876160e+02 2.79181305e+02
    2.10994324e+02 2.70140686e+02 3.43428223e+02 3.78848206e+02
    2.21896301e+02 3.42509888e+02 2.68153320e+02 2.87480682e+02
    2.50881134e+02 1.26882942e+02 3.51640106e+02 3.43588135e+02
    2.91904968e+02 1.20662224e+02 1.83938522e+02 3.68254211e+02
    3.66538635e+02 3.54652618e+02 1.72526642e+02 1.77367920e+02
    2.46786942e+02 1.42739975e+02 2.91527740e+02 1.29722748e+02
    3.96370239e+02 1.36645462e+02 2.25986343e+02 1.58648376e+02
    3.42302856e+02 7.04403076e+01 2.69122589e+02 1.52557495e+02
    2.20215683e+02 3.51584564e+02 3.42261536e+02 3.76938293e+02
    2.69637177e+02 2.78524231e+02 3.21749176e+02 1.61509552e+02
    2.42540192e+02 3.14201508e+02 2.17528030e+02 1.43055252e+02
    3.71592224e+02 2.49223434e+02 3.31931213e+02 1.73536484e+02
    2.35155228e+02 1.71199707e+02 2.52138351e+02 1.25220604e+02
    2.95497192e+02 3.15560760e+02 2.23976135e+02 3.28302826e+02
    2.40710907e+02 1.65983337e+02 3.70729492e+02 2.46144730e+02
    2.37623779e+02 3.06266510e+02 3.39152496e+02 3.70063477e+02
    3.51751587e+02 6.39826927e+01 3.33597443e+02 3.78852783e+02
    3.16210419e+02 1.23968452e+02 2.78257294e+02 2.82595215e+02
    2.07439224e+02 3.41360962e+02 2.71759583e+02 2.35214218e+02
    2.55395844e+02 3.14573608e+02 3.14935638e+02 1.21698296e+02
