<?xml version="1.0"?>
<opencv_storage>
<keypoint2d006 type_id="opencv-matrix">
  <rows>1031</rows>
  <cols>1</cols>
  <dt>"2f"</dt>
  <data>
    2.29118546e+02 2.27480743e+02 4.22150299e+02 6.01497040e+01
    3.85414520e+02 9.77580872e+01 2.71019775e+02 3.78689728e+02
    1.98669846e+02 1.55367615e+02 2.23987869e+02 2.38556976e+02
    3.53661041e+02 1.04014229e+02 2.10224121e+02 1.30023148e+02
    3.42681091e+02 2.01222610e+02 3.88398224e+02 1.22639320e+02
    3.54796417e+02 1.04250343e+02 2.63007965e+02 4.06687195e+02
    2.10018677e+02 1.53713837e+02 1.85840607e+02 1.78778214e+02
    4.19215759e+02 3.29475616e+02 2.44699570e+02 2.29999283e+02
    3.02747833e+02 1.97267441e+02 3.03656036e+02 4.12361084e+02
    3.74635132e+02 1.19089935e+02 4.18596100e+02 3.46788452e+02
    3.24827362e+02 3.87662201e+02 2.03517059e+02 1.33728653e+02
    1.70570831e+02 7.74229279e+01 3.02202240e+02 1.08953079e+02
    3.94841919e+02 3.84805359e+02 1.92909943e+02 1.61979065e+02
    2.92536346e+02 1.35112671e+02 3.75857574e+02 1.23693817e+02
    3.26979889e+02 4.08708435e+02 4.18941101e+02 3.43491180e+02
    2.60942993e+02 1.23587502e+02 4.21814636e+02 3.60757233e+02
    4.02274445e+02 3.47063995e+02 2.74208252e+02 3.88124390e+02
    3.80745941e+02 4.07153687e+02 3.26323151e+02 3.78196259e+02
    2.11501648e+02 1.54456238e+02 3.76237640e+02 3.75250244e+02
    2.57358643e+02 3.92234528e+02 1.99568329e+02 1.39112732e+02
    3.54500427e+02 3.54343536e+02 3.22529388e+02 3.89567017e+02
    2.34935287e+02 1.34672775e+02 2.31002441e+02 1.50363068e+02
    2.35898804e+02 1.30966919e+02 2.31365814e+02 1.52172546e+02
    3.49662659e+02 1.90955063e+02 2.49437790e+02 4.09841187e+02
    1.59752777e+02 2.25787918e+02 3.97642273e+02 3.47360565e+02
    2.63360260e+02 1.35828873e+02 4.08063293e+02 3.36074188e+02
    3.29241028e+02 1.06183411e+02 1.99214783e+02 1.75790375e+02
    2.79159271e+02 3.25657349e+02 3.28163879e+02 1.09304008e+02
    3.85505096e+02 3.55909027e+02 3.88653015e+02 3.56024200e+02
    3.26057159e+02 3.57131226e+02 2.31666168e+02 1.45144882e+02
    1.98019775e+02 1.73269318e+02 3.28112122e+02 3.58659088e+02
    2.59538574e+02 4.04050018e+02 2.77004181e+02 3.69402161e+02
    3.99930542e+02 3.74025818e+02 3.91352783e+02 3.81153198e+02
    3.10265900e+02 1.91917877e+02 3.55487762e+02 3.82773071e+02
    4.10604187e+02 3.84470093e+02 1.94973755e+02 1.36892014e+02
    2.24482025e+02 1.57691879e+02 3.49047028e+02 3.63926697e+02
    2.80744629e+02 3.69125732e+02 2.00443054e+02 1.47985092e+02
    1.61389465e+02 2.25633270e+02 3.99891693e+02 3.96140381e+02
    3.80994537e+02 1.11549454e+02 3.31309296e+02 1.97160202e+02
    2.52383972e+02 3.32053589e+02 2.77191162e+02 1.35258514e+02
    2.66943054e+02 2.09281296e+02 2.45792145e+02 2.17467377e+02
    2.94319092e+02 1.13475395e+02 4.24783752e+02 3.36020721e+02
    3.59550903e+02 4.18071899e+02 2.54917267e+02 2.52394775e+02
    2.65014099e+02 2.55064774e+02 3.48125458e+02 2.09624527e+02
    4.10405792e+02 3.45808319e+02 3.35966248e+02 3.86593994e+02
    1.81361649e+02 2.34063507e+02 3.14442139e+02 1.25410072e+02
    2.88287476e+02 3.85852051e+02 2.75558685e+02 1.34297028e+02
    3.79732513e+02 4.16681030e+02 2.18462891e+02 1.27568657e+02
    3.56989929e+02 1.15686417e+02 3.19903625e+02 3.81657715e+02
    2.09774857e+02 1.47986526e+02 3.00291840e+02 3.01481079e+02
    2.82895386e+02 3.69480804e+02 3.47274872e+02 1.08940933e+02
    2.78236908e+02 1.39018921e+02 2.65011688e+02 3.21064911e+02
    2.68788940e+02 1.33278610e+02 4.09545288e+02 3.89004730e+02
    3.15077637e+02 3.61250519e+02 4.09958710e+02 3.37804260e+02
    3.01362183e+02 3.01022919e+02 3.39117950e+02 4.17274689e+02
    2.46286224e+02 1.27889832e+02 2.93236969e+02 1.97148499e+02
    1.93707504e+02 1.48477722e+02 3.42274231e+02 1.11592873e+02
    2.84352905e+02 1.32383514e+02 2.46430023e+02 1.29035202e+02
    3.23618988e+02 1.08921837e+02 3.05008606e+02 1.27026245e+02
    2.76551758e+02 1.34070999e+02 3.40812927e+02 1.03337158e+02
    3.05450104e+02 3.81364716e+02 3.01128357e+02 1.30444107e+02
    4.11580505e+02 3.59934601e+02 3.61993164e+02 1.95188675e+02
    1.73970001e+02 1.19640373e+02 1.61489990e+02 2.06863129e+02
    3.42036407e+02 1.07799416e+02 2.52167511e+02 1.51062515e+02
    2.84980530e+02 1.42472427e+02 3.13054382e+02 1.20750900e+02
    3.31270599e+02 2.99273712e+02 3.18315582e+02 4.10090149e+02
    3.48036285e+02 3.67597382e+02 2.29462952e+02 1.35709351e+02
    2.57472351e+02 1.28436554e+02 2.78037781e+02 2.05938293e+02
    2.82236694e+02 2.35035797e+02 2.14768051e+02 1.69010529e+02
    3.42872314e+02 1.13704430e+02 3.45975372e+02 3.49592285e+02
    1.63162781e+02 2.03839172e+02 3.39911591e+02 4.13745392e+02
    2.98929077e+02 3.24723785e+02 3.61379089e+02 3.59063721e+02
    2.86812042e+02 1.41716461e+02 2.63386292e+02 4.08235474e+02
    3.12816040e+02 3.88526794e+02 3.74284149e+02 4.01838165e+02
    2.28513077e+02 1.38816666e+02 4.09372253e+02 3.60722595e+02
    2.47760193e+02 1.31545212e+02 3.21782166e+02 1.13540390e+02
    2.19700150e+02 1.47021545e+02 2.19722305e+02 1.45434540e+02
    2.97456207e+02 3.63580475e+02 3.12487518e+02 3.62247986e+02
    2.44648880e+02 2.46002716e+02 1.72059189e+02 1.90240585e+02
    2.79370728e+02 4.12290405e+02 4.06206879e+02 3.22851898e+02
    3.16067719e+02 1.35309464e+02 2.57385406e+02 2.61598724e+02
    2.47209244e+02 1.29756912e+02 2.58522583e+02 2.74056335e+02
    3.69354095e+02 1.04157829e+02 3.46318451e+02 3.81362701e+02
    3.21877899e+02 2.67238220e+02 3.09412140e+02 2.21452759e+02
    2.15295837e+02 1.34262985e+02 2.20927155e+02 3.03642578e+02
    3.59758667e+02 1.14765167e+02 3.89228851e+02 4.03943146e+02
    1.59437134e+02 2.09566620e+02 3.09218109e+02 3.61576080e+02
    2.85528351e+02 1.15539154e+02 2.88814941e+02 1.16737595e+02
    2.92796967e+02 3.60596252e+02 3.13945892e+02 1.12414619e+02
    4.13361145e+02 3.70908234e+02 3.19918365e+02 3.58419800e+02
    3.62098114e+02 1.26932716e+02 2.76260590e+02 2.07600082e+02
    3.54298645e+02 2.56425751e+02 2.19709442e+02 8.42756729e+01
    2.68573486e+02 4.07423004e+02 2.69151550e+02 3.98961212e+02
    2.84798767e+02 3.65232513e+02 3.17955475e+02 3.70160278e+02
    2.20717972e+02 1.63127121e+02 3.20705627e+02 1.94909729e+02
    3.38251160e+02 2.74471497e+02 3.32606812e+02 2.04490082e+02
    3.64132904e+02 1.11109726e+02 3.01545349e+02 3.97703278e+02
    2.89954254e+02 2.91214386e+02 2.32861435e+02 1.63418259e+02
    1.68917313e+02 1.18005402e+02 4.18103363e+02 3.70744873e+02
    2.38136017e+02 3.05734344e+02 3.18437500e+02 1.95583084e+02
    3.74861633e+02 3.96787231e+02 3.20212219e+02 2.15504364e+02
    3.82137268e+02 1.27943657e+02 2.57562195e+02 3.25928772e+02
    2.45201279e+02 2.85277435e+02 3.42804260e+02 1.17537270e+02
    2.56694763e+02 2.77642853e+02 4.06537445e+02 3.11931549e+02
    3.13129517e+02 1.16570892e+02 2.76693604e+02 2.08812729e+02
    2.94715576e+02 3.75299652e+02 3.21198914e+02 8.67846680e+01
    3.14920746e+02 3.97786743e+02 2.10012863e+02 3.03395721e+02
    4.06983765e+02 3.16395752e+02 3.07236816e+02 2.83267853e+02
    2.79501923e+02 2.65589417e+02 2.35526932e+02 2.78212524e+02
    2.23479523e+02 2.54478287e+02 3.25163513e+02 2.97580627e+02
    4.37174316e+02 1.62444122e+02 3.51253693e+02 2.38225647e+02
    4.07303192e+02 4.13597900e+02 2.47657333e+02 2.28347244e+02
    3.42481262e+02 9.43994675e+01 4.12825012e+02 4.04989990e+02
    1.98828232e+02 1.46840622e+02 2.94489655e+02 3.49497894e+02
    3.49919739e+02 2.65982452e+02 3.69649994e+02 8.12824326e+01
    2.48908890e+02 2.31130341e+02 3.51594543e+02 4.17994568e+02
    3.27984985e+02 1.85858414e+02 3.78877411e+02 9.28397293e+01
    2.52452408e+02 2.43813644e+02 2.93852539e+02 2.89177826e+02
    2.97049713e+02 3.84927826e+02 4.28680115e+02 1.04290840e+02
    3.44226624e+02 4.09313293e+02 3.01125031e+02 2.89887054e+02
    2.30006744e+02 2.68463074e+02 3.09159729e+02 1.15687172e+02
    2.86702789e+02 3.88717987e+02 2.74403046e+02 2.78458344e+02
