<?xml version="1.0"?>
<opencv_storage>
<keypoint2d005 type_id="opencv-matrix">
  <rows>1067</rows>
  <cols>1</cols>
  <dt>"2f"</dt>
  <data>
    3.50653900e+02 2.40852509e+02 3.35756134e+02 1.68718872e+02
    3.57896332e+02 2.05430191e+02 3.50859589e+02 2.86543976e+02
    2.62768433e+02 1.93607620e+02 3.55675812e+02 2.47609360e+02
    3.60531921e+02 1.38914917e+02 3.58801910e+02 2.51508789e+02
    3.58977448e+02 2.30187515e+02 2.87016937e+02 1.73359253e+02
    2.63898163e+02 2.49730682e+02 2.82181000e+02 2.44846680e+02
    3.38692505e+02 2.81237549e+02 2.75421326e+02 2.49811142e+02
    2.74140198e+02 2.37425949e+02 3.62858429e+02 4.15810699e+02
    2.59561371e+02 2.44432678e+02 3.06482361e+02 2.08585846e+02
    3.72040802e+02 4.29766876e+02 3.04469086e+02 2.09556763e+02
    2.53808167e+02 2.75518707e+02 3.35778778e+02 2.80974365e+02
    2.55028595e+02 2.49636673e+02 3.05240143e+02 1.47773209e+02
    2.86182465e+02 2.49876602e+02 2.42189560e+02 2.78198547e+02
    2.53963928e+02 2.37648483e+02 3.63293274e+02 3.07217773e+02
    2.63229156e+02 2.37472946e+02 3.10645203e+02 2.40549698e+02
    3.73090637e+02 2.96144989e+02 3.69084503e+02 2.99717499e+02
    2.36019073e+02 2.86170441e+02 3.07152527e+02 2.05581787e+02
    4.18889282e+02 1.41160898e+01 3.03664612e+02 2.31478424e+02
    3.51883331e+02 1.50751358e+02 3.62814911e+02 2.69781555e+02
    2.85886719e+02 2.37112915e+02 2.37173721e+02 2.88171326e+02
    2.34916397e+02 2.84717957e+02 3.10681274e+02 2.02443436e+02
    2.41721695e+02 1.84299728e+02 4.62039612e+02 3.18095337e+02
    2.62246735e+02 1.70363419e+02 2.49273178e+02 1.79064072e+02
    2.76659332e+02 1.68422485e+02 2.39014755e+02 2.44720963e+02
    2.79705048e+02 1.81219742e+02 2.78670227e+02 2.03946899e+02
    2.54900970e+02 2.94799591e+02 2.34404526e+02 3.83992981e+02
    3.16331543e+02 2.38866760e+02 3.01081879e+02 1.41637634e+02
    2.40857849e+02 2.13345703e+02 4.44254791e+02 2.80379700e+02
    2.52089050e+02 7.99034424e+01 3.03841003e+02 2.49884293e+02
    2.37173950e+02 3.82175629e+02 2.74922943e+02 9.83010788e+01
    2.83537384e+02 2.05221863e+02 3.76978424e+02 2.65598206e+02
    2.38501236e+02 2.12089584e+02 3.06636749e+02 2.48788666e+02
    2.58117767e+02 9.07220306e+01 4.37108154e+02 3.71908783e+02
    2.78521332e+02 9.56108704e+01 3.17669891e+02 1.97627930e+02
    4.69869263e+02 2.79411987e+02 2.56038116e+02 9.38452606e+01
    2.50495102e+02 3.71982056e+02 4.37108215e+02 3.61115326e+02
    2.39392090e+02 2.39181656e+02 2.36475739e+02 2.49703552e+02
    2.62246979e+02 1.77229172e+02 2.69627930e+02 8.39788513e+01
    2.84923950e+02 2.09004791e+02 3.43689728e+02 2.15891907e+02
    2.83837311e+02 1.55283249e+02 2.94670380e+02 2.20447845e+02
    3.61750183e+02 2.17224731e+02 3.65695374e+02 1.23324661e+02
    4.38240662e+02 4.06022552e+02 2.66372894e+02 1.13851723e+02
    3.71282349e+02 2.17976807e+02 2.85113342e+02 2.00671631e+02
    3.62679626e+02 2.15340149e+02 4.62987885e+02 2.74986694e+02
    4.58406952e+02 2.96645355e+02 2.63387848e+02 2.12572311e+02
    2.58211578e+02 1.85161285e+02 3.53138245e+02 2.14789139e+02
    2.31270462e+02 2.63258881e+02 3.71875214e+02 1.16214005e+02
    2.99425201e+02 2.24990829e+02 2.32035141e+02 1.20062492e+02
    2.56254486e+02 9.86884460e+01 2.36098953e+02 2.38445251e+02
    2.85519745e+02 1.85142273e+02 2.75448029e+02 1.76032928e+02
    4.43449280e+02 3.33838043e+02 2.60174957e+02 1.41270294e+02
    4.45409149e+02 3.34555878e+02 2.88039093e+02 1.16560852e+02
    3.20086548e+02 2.60860443e+02 2.75411652e+02 2.10862183e+02
    2.94175262e+02 2.57119080e+02 2.45109070e+02 8.50002060e+01
    2.48768158e+02 1.88658417e+02 3.65146118e+02 1.31644714e+02
    4.69469910e+02 3.59741180e+02 3.00115662e+02 2.16987076e+02
    2.71067322e+02 2.43839996e+02 2.44168610e+02 1.52742706e+02
    4.70354340e+02 1.93703812e+02 2.32448471e+02 1.20357094e+02
    2.95435913e+02 2.43407135e+02 4.65857849e+02 1.89403091e+02
    2.95559052e+02 2.44755127e+02 2.80267151e+02 1.44705444e+02
    3.15316193e+02 2.64485748e+02 2.31125000e+02 1.09799637e+02
    2.48810532e+02 2.43533157e+02 2.59796631e+02 1.15047867e+02
    3.11725403e+02 2.16886475e+02 4.71629761e+02 2.03993988e+02
    2.88794952e+02 2.18080902e+02 2.69138000e+02 2.55528351e+02
    2.95776581e+02 2.41000870e+02 2.35637314e+02 1.43594223e+02
    4.72334503e+02 4.03862885e+02 2.34557602e+02 1.43824768e+02
    4.68211243e+02 3.97499939e+02 3.09903809e+02 2.16756546e+02
    4.35961487e+02 9.36659393e+01 2.82860657e+02 2.28868378e+02
    4.70819977e+02 1.13477432e+02 4.71485291e+02 2.20175171e+02
    2.50369324e+02 2.02018204e+02 3.75588257e+02 1.12715370e+02
    3.25328064e+02 2.16285980e+02 2.37329468e+02 1.68362411e+02
    2.67949188e+02 2.57550690e+02 3.02253387e+02 2.20423645e+02
    3.57831696e+02 1.90527573e+02 2.49625687e+02 1.47147018e+02
    4.40618134e+02 8.78808975e+01 3.13455383e+02 9.44065704e+01
    2.40543625e+02 1.59230927e+02 3.59868744e+02 1.92978836e+02
    4.32248230e+02 8.08900909e+01 2.83641754e+02 1.08326508e+02
    4.50272766e+02 3.21317993e+02 4.72851501e+02 3.90211121e+02
    2.65975098e+02 2.77923615e+02 3.33629700e+02 2.15840317e+02
    4.54789520e+02 1.11052002e+02 2.85523041e+02 2.75198120e+02
    4.40729370e+02 2.13467697e+02 3.16623322e+02 2.19637314e+02
    4.35683716e+02 4.01392059e+02 2.53400284e+02 1.07825249e+02
    3.18737701e+02 1.38174286e+02 3.54915771e+02 1.60069412e+02
    3.39093475e+02 1.34562943e+02 2.41378754e+02 2.21831940e+02
    3.07750702e+02 2.59056091e+02 4.70677948e+02 1.94911270e+02
    2.41421432e+02 1.68598633e+02 2.81519440e+02 2.24293976e+02
    2.70757812e+02 7.56575623e+01 2.92386322e+02 1.34233795e+02
    4.70213745e+02 3.53523804e+02 4.44746643e+02 7.77984772e+01
    3.33434326e+02 1.46373840e+02 2.38963699e+02 2.56720856e+02
    2.78051453e+02 1.22838539e+02 2.49129837e+02 1.01541084e+02
    2.61071930e+02 1.19360222e+02 3.80146454e+02 3.04309845e+02
    4.69296143e+02 2.15466385e+02 3.05738342e+02 1.68371796e+02
    4.57575745e+02 1.12088387e+02 2.64177124e+02 1.29283936e+02
    4.72641663e+02 1.84945923e+02 4.41633514e+02 3.65418793e+02
    3.82212311e+02 1.43559433e+02 3.31965515e+02 2.51225174e+02
    3.33935059e+02 2.49208038e+02 3.62964752e+02 2.23153259e+02
    3.19029022e+02 2.56730652e+02 3.59110504e+02 2.42195343e+02
    4.53860596e+02 1.07712433e+02 2.72945618e+02 1.08285896e+02
    2.32094177e+02 1.25704781e+02 2.41449661e+02 9.06348572e+01
    4.40288635e+02 7.22020493e+01 3.74718201e+02 1.65181473e+02
    2.69459717e+02 9.35249100e+01 4.44564453e+02 2.02443481e+02
    3.02712341e+02 2.65466675e+02 3.05235535e+02 5.62690430e+01
    2.55489975e+02 3.91802368e+02 2.63153931e+02 1.19524368e+02
    4.80270508e+02 1.46806168e+02 2.89719055e+02 2.57203766e+02
    4.52021637e+02 7.83190384e+01 3.06730164e+02 2.76522400e+02
    4.31040436e+02 4.19890594e+02 3.05330383e+02 2.75859619e+02
    3.22107391e+02 9.56806107e+01 2.60116730e+02 2.61269257e+02
    4.63202393e+02 7.17138062e+01 2.72367889e+02 3.97599548e+02
    4.76948029e+02 1.69633545e+02 3.81334229e+02 3.07844391e+02
    2.57011810e+02 2.56839355e+02 4.49981140e+02 7.35245056e+01
    2.83347687e+02 2.62159302e+02 3.77156586e+02 1.49990768e+02
    2.57226776e+02 2.20672577e+02 3.09778839e+02 2.80915649e+02
    3.68989319e+02 1.80168365e+02 2.27974213e+02 9.37268753e+01
    3.38326385e+02 2.49035416e+02 3.07442535e+02 1.81045013e+02
    4.46607269e+02 2.56640167e+02 4.41737335e+02 3.66447021e+02
    2.71162079e+02 1.12620171e+02 4.78817535e+02 8.63030548e+01
    3.39370636e+02 2.14668488e+02 2.42571823e+02 2.06518585e+02
    4.66200562e+02 1.00457199e+02 3.33643066e+02 1.16383293e+02
    3.05758209e+02 1.58844498e+02 4.34463867e+02 6.95650635e+01
    3.56817444e+02 1.76837433e+02 4.82641296e+02 1.00281364e+02
    2.28830154e+02 8.61183090e+01 3.06472351e+02 1.80441772e+02
    2.48499527e+02 2.54953003e+02 2.81622040e+02 1.60062927e+02
    2.69845825e+02 9.54027176e+01 2.82611053e+02 2.20330429e+02
