<?xml version="1.0"?>
<opencv_storage>
<keypoint2d002 type_id="opencv-matrix">
  <rows>801</rows>
  <cols>1</cols>
  <dt>"2f"</dt>
  <data>
    4.16403259e+02 1.18018044e+02 3.07497162e+02 2.54339844e+02
    3.56717316e+02 1.66895782e+02 3.94919983e+02 3.54620392e+02
    2.50231628e+02 2.34101334e+02 2.82676331e+02 1.49672714e+02
    3.10241791e+02 2.50983398e+02 3.70085480e+02 1.46869400e+02
    4.15425293e+02 3.57106323e+02 3.49915619e+02 1.71943893e+02
    4.02989563e+02 3.41154022e+02 3.11225006e+02 1.52664734e+02
    3.11046906e+02 1.54902771e+02 2.72665955e+02 1.98606903e+02
    4.09923187e+02 3.44582581e+02 2.72912750e+02 1.46383316e+02
    4.04817719e+02 3.52969421e+02 2.88492065e+02 1.65236710e+02
    2.83624359e+02 1.72458817e+02 3.79663300e+02 2.35772507e+02
    2.32229324e+02 1.04728447e+02 3.55776886e+02 1.42630798e+02
    3.47903748e+02 1.47796234e+02 2.93282898e+02 1.72494156e+02
    3.22769379e+02 2.71392670e+02 3.87973450e+02 3.60656525e+02
    3.63034698e+02 3.13966461e+02 3.70484039e+02 1.66430527e+02
    3.23071686e+02 2.46281265e+02 3.44955383e+02 2.58678070e+02
    4.08966187e+02 3.67740875e+02 4.06799652e+02 1.14371544e+02
    3.62159912e+02 3.18313019e+02 3.66375946e+02 3.01600464e+02
    3.10976410e+02 1.74881058e+02 3.10981628e+02 1.77493179e+02
    3.66769226e+02 2.60990723e+02 3.37257263e+02 3.77875122e+02
    3.92251221e+02 1.96816437e+02 3.87797791e+02 3.07790314e+02
    3.13683563e+02 2.74541901e+02 3.66253296e+02 2.75146942e+02
    3.63531433e+02 1.68228973e+02 3.87618530e+02 3.03684692e+02
    3.23798645e+02 1.81562210e+02 3.47151306e+02 2.63153717e+02
    3.94610138e+02 1.97574844e+02 3.30115753e+02 1.54143051e+02
    2.12552917e+02 1.17593300e+02 3.81627441e+02 1.52228973e+02
    2.57462067e+02 7.08841476e+01 3.70173462e+02 1.63772507e+02
    3.93352539e+02 1.63929733e+02 3.50420380e+02 3.17936279e+02
    3.96759979e+02 1.67138428e+02 3.29856232e+02 1.52398071e+02
    3.71977905e+02 3.71890137e+02 2.84407257e+02 1.96125366e+02
    3.98154633e+02 1.48829056e+02 4.05872345e+02 3.62742920e+02
    4.02839813e+02 1.13694229e+02 3.10905975e+02 1.60051041e+02
    2.10444855e+02 3.15107880e+02 3.70244812e+02 1.02072327e+02
    2.59340637e+02 7.60428162e+01 3.56224762e+02 3.68989471e+02
    2.55107712e+02 6.69433975e+01 4.09867584e+02 3.55151337e+02
    3.39525848e+02 2.79720886e+02 3.15831390e+02 3.01170776e+02
    3.79267792e+02 1.74725876e+02 2.92109070e+02 1.43706436e+02
    3.92148895e+02 1.13079803e+02 3.46241241e+02 3.71378265e+02
    2.10212616e+02 3.19263855e+02 3.39858215e+02 1.64956467e+02
    2.78620605e+02 1.80898575e+02 3.48201019e+02 3.82747314e+02
    3.25930481e+02 3.46989532e+02 3.00825195e+02 2.59129730e+02
    3.28269806e+02 1.46661179e+02 3.88953369e+02 1.55034409e+02
    3.84248901e+02 2.55366730e+02 3.04515289e+02 2.85134064e+02
    2.53880783e+02 6.21865273e+01 3.94070251e+02 1.57258850e+02
    3.90755432e+02 3.69736938e+02 2.98354431e+02 1.85469604e+02
    3.78841583e+02 3.10557098e+02 3.99090637e+02 3.69569305e+02
    2.20129791e+02 3.97378204e+02 3.68105652e+02 2.33175491e+02
    4.00073547e+02 3.08354401e+02 3.03848724e+02 3.17600769e+02
    3.02859680e+02 1.80222412e+02 3.70449585e+02 1.54381760e+02
    3.85154297e+02 1.54208420e+02 3.05045532e+02 1.83028580e+02
    3.85871002e+02 1.60281860e+02 2.90195312e+02 1.40711456e+02
    3.35107941e+02 2.88949463e+02 3.00514465e+02 1.91681381e+02
    3.83836273e+02 1.72099731e+02 2.94964081e+02 1.90259613e+02
    3.58630005e+02 2.49555618e+02 4.20793304e+02 3.34709412e+02
    2.76926666e+02 1.74006775e+02 2.79625397e+02 1.83226593e+02
    3.74739410e+02 2.35456909e+02 3.32214203e+02 1.70576874e+02
    3.70991516e+02 2.39790939e+02 3.44051666e+02 1.69617447e+02
    3.81946167e+02 2.56745972e+02 4.04218018e+02 1.60997040e+02
    3.13448273e+02 2.82099884e+02 3.27015533e+02 3.42969635e+02
    3.72581543e+02 3.58959137e+02 3.25144409e+02 1.54633957e+02
    3.42340210e+02 1.53582687e+02 2.97443329e+02 1.93022964e+02
    3.23473022e+02 1.72922424e+02 3.17254730e+02 8.55553207e+01
    4.21371735e+02 3.46051514e+02 3.05864716e+02 2.63254730e+02
    3.10264893e+02 1.68874054e+02 3.62669678e+02 3.25773834e+02
    3.88155396e+02 1.74040863e+02 3.50533447e+02 3.23609985e+02
    3.84700226e+02 1.21886856e+02 3.77436493e+02 2.28142776e+02
    3.46034271e+02 3.08785004e+02 2.93718231e+02 1.49012146e+02
    3.24978607e+02 9.54021683e+01 3.72965546e+02 3.71831543e+02
    3.33821899e+02 1.74057953e+02 3.41640106e+02 3.12205719e+02
    3.00122009e+02 1.44608063e+02 3.53986359e+02 2.74158508e+02
    3.11938599e+02 2.47017059e+02 3.13348541e+02 1.36517502e+02
    3.87940613e+02 3.72161255e+02 3.61710480e+02 1.62750519e+02
    3.99427887e+02 3.34334900e+02 2.18576477e+02 1.42021072e+02
    2.00922974e+02 1.31007095e+02 3.17226288e+02 1.46860931e+02
    3.12209198e+02 1.32594147e+02 3.67426025e+02 3.39174316e+02
    3.79382782e+02 1.40301559e+02 3.28918396e+02 3.03309509e+02
    1.99309341e+02 1.31695953e+02 3.70404083e+02 2.50289322e+02
    3.85008331e+02 1.16654137e+02 3.88274170e+02 3.37847351e+02
    2.95761475e+02 1.60196030e+02 3.37016968e+02 3.66094666e+02
    2.98701050e+02 2.64676270e+02 3.85110596e+02 1.31193451e+02
    3.12595764e+02 1.89189560e+02 3.46678528e+02 1.66683929e+02
    3.55607178e+02 2.73821106e+02 2.78998505e+02 2.03799942e+02
    3.84828644e+02 1.33469254e+02 3.29921204e+02 2.56860107e+02
    3.74191376e+02 2.66253174e+02 2.25460709e+02 3.93342102e+02
    3.88093933e+02 1.08721619e+02 3.32951538e+02 1.63698303e+02
    3.39905090e+02 3.35834686e+02 3.64803009e+02 2.44116745e+02
    2.97438599e+02 1.54246338e+02 3.32473145e+02 3.17875336e+02
    3.18900116e+02 1.48606262e+02 3.61103119e+02 2.91955994e+02
    2.37831497e+02 8.77663956e+01 3.81039551e+02 3.60952454e+02
    3.37136871e+02 1.46868576e+02 3.34162079e+02 1.78050690e+02
    3.32175659e+02 1.82737137e+02 3.53300568e+02 3.15616455e+02
    3.80983307e+02 1.00902199e+02 3.44815155e+02 3.82541992e+02
    3.48754547e+02 2.90546326e+02 3.32602020e+02 3.44315155e+02
    3.28077911e+02 3.53705566e+02 3.14923370e+02 2.61303192e+02
    3.42719391e+02 3.77430786e+02 4.04276093e+02 1.10835938e+02
    3.59639893e+02 3.37859711e+02 3.20244934e+02 1.59842926e+02
    2.49795929e+02 1.97400558e+02 3.07968445e+02 3.14632935e+02
    3.06019501e+02 2.64727814e+02 3.33099731e+02 1.61094208e+02
    3.28709198e+02 1.78407532e+02 3.70690521e+02 1.38523407e+02
    3.01969788e+02 3.10056335e+02 3.18432800e+02 3.73949493e+02
    3.02058228e+02 2.78898376e+02 2.73895050e+02 1.59824799e+02
    3.00476288e+02 8.06257019e+01 2.30683746e+02 3.76771179e+02
    3.04055023e+02 1.97269592e+02 2.49565521e+02 9.25166016e+01
    3.62241882e+02 1.38159943e+02 3.58023529e+02 2.59902618e+02
    3.76172699e+02 1.51561005e+02 2.91304199e+02 1.57784821e+02
    2.00781982e+02 1.27962318e+02 3.54336945e+02 2.99019745e+02
    3.79496399e+02 1.65595612e+02 4.12570526e+02 2.85374420e+02
    3.62779053e+02 3.39908142e+02 2.46240479e+02 7.48584976e+01
    3.89138977e+02 3.49320557e+02 2.79966614e+02 2.09974899e+02
    4.14394318e+02 2.87152191e+02 2.73110992e+02 1.62420090e+02
    2.45193863e+02 7.66049118e+01 3.81164398e+02 3.66182404e+02
    3.27819305e+02 1.68904770e+02 2.22231598e+02 3.62819641e+02
    3.73777710e+02 2.96166290e+02 3.62407684e+02 9.53627701e+01
    3.50384583e+02 1.91613449e+02 3.51645203e+02 2.55429855e+02
    3.85152771e+02 1.89670303e+02 2.90892700e+02 3.72015320e+02
    3.14198822e+02 8.02311172e+01 3.41965332e+02 2.70030609e+02
    4.09190979e+02 2.03862015e+02 3.89869141e+02 1.38566177e+02
    3.81496887e+02 3.02952637e+02 3.21878204e+02 1.44062317e+02
    2.34897812e+02 1.26890678e+02 3.30071136e+02 3.18484589e+02
    3.56401672e+02 3.42578003e+02 3.00848724e+02 1.65230637e+02
    3.90058441e+02 1.43604080e+02 3.08743530e+02 3.24996368e+02
    3.97881317e+02 1.24810951e+02 3.03576813e+02 2.64868683e+02
    3.75053436e+02 2.79257812e+02 3.93430969e+02 1.68114395e+02
