<?xml version="1.0"?>
<opencv_storage>
<keypoint3d003 type_id="opencv-matrix">
  <rows>904</rows>
  <cols>3</cols>
  <dt>"3f"</dt>
  <data>
    6.99999332e-02 -8.39513838e-02 5.80905750e-03 0. 1.22159326e-37 0.
    1.22165066e-37 0. 1.22165066e-37 4.81885299e-02 -6.03293739e-02
    -3.00000254e-02 9.49223885e-38 0. 9.49223885e-38 0. 1.22518058e-37
    0. 4.83529270e-02 -7.66501501e-02 -3.00000235e-02 0. 9.57063982e-38
    0. 9.57121379e-38 0. 9.57121379e-38 4.07678783e-02 -6.03967384e-02
    -3.00000310e-02 1.23063870e-37 0. 1.23063870e-37 0. 1.21806154e-37
    0. -5.80837857e-03 -5.62197641e-02 -3.00000422e-02 0. 1.23178664e-37
    0. 1.23184404e-37 0. 1.23184404e-37 1.44670997e-03 -6.07849620e-02
    -3.00000347e-02 1.23473721e-37 0. 1.23473721e-37 0. 1.23640711e-37
    0. 4.00717743e-02 -6.15654998e-02 -3.00000310e-02 0. 1.23520357e-37
    0. 1.23526096e-37 0. 1.23526096e-37 4.73428518e-04 -7.33767003e-02
    -3.00000347e-02 9.58574245e-38 0. 9.58574245e-38 0. 1.21759519e-37
    0. 1.57788061e-02 -7.33325481e-02 -3.00000235e-02 0. 1.22240220e-37
    0. 1.22245960e-37 0. 1.22245960e-37 -5.11538163e-02 -4.97469455e-02
    -3.00000068e-02 9.41529075e-38 0. 9.41529075e-38 0. 1.23250769e-37
    0. -3.97135615e-02 -4.94908690e-02 -3.00000105e-02 0. 1.22651327e-37
    0. 1.22657067e-37 0. 1.22657067e-37 5.51084056e-02 5.36098853e-02
    -2.99999919e-02 1.22890423e-37 0. 1.22890423e-37 0. 1.23795684e-37
    0. 3.06621045e-02 -7.30204731e-02 -3.00000273e-02 0. 1.23538831e-37
    0. 1.23544571e-37 0. 1.23544571e-37 5.15095927e-02 4.99918498e-02
    -3.00000049e-02 1.22763431e-37 0. 1.22763431e-37 0. 1.21729923e-37
    0. -3.71214226e-02 -6.26241192e-02 -3.00000086e-02 0. 9.58251386e-38
    0. 9.58308783e-38 0. 9.58308783e-38 2.98226494e-02 -7.58391321e-02
    -3.00000105e-02 1.23827970e-37 0. 1.23827970e-37 0. 9.59903349e-38
    0. -5.64058870e-02 -6.19203858e-02 -3.00000012e-02 0. 1.23042525e-37
    0. 1.23048265e-37 0. 1.23048265e-37 7.49292551e-03 -5.99050708e-02
    -3.00000273e-02 1.23110146e-37 0. 1.23110146e-37 0. 1.23844113e-37
    0. -5.18397503e-02 -6.56256303e-02 -3.00000161e-02 0. 1.24223293e-37
    0. 1.24229032e-37 0. 1.24229032e-37 -4.39949594e-02 -4.61769067e-02
    -3.00000124e-02 1.23425472e-37 0. 1.23425472e-37 0. 1.21990901e-37
    0. -3.75399590e-02 -6.13180362e-02 -3.00000235e-02 0. 1.23973615e-37
    0. 1.23979355e-37 0. 1.23979355e-37 -1.88998356e-02 6.92429170e-02
    -2.99999937e-02 1.24262036e-37 0. 1.24262036e-37 0. 1.23807701e-37
    0. 1.34435929e-02 -6.04991131e-02 -3.00000235e-02 0. 9.45322670e-38
    0. 9.45380067e-38 0. 9.45380067e-38 4.36435267e-02 -6.80447444e-02
    -2.99999993e-02 9.45439258e-38 0. 9.45439258e-38 0. 1.21830548e-37
    0. 1.31654795e-02 -6.20894805e-02 -3.00000273e-02 0. 1.21836467e-37
    0. 1.21842206e-37 0. 1.21842206e-37 -3.93398106e-02 -5.11773825e-02
    -3.00000012e-02 1.24287147e-37 0. 1.24287147e-37 0. 1.24287327e-37
    0. -2.36219577e-02 -6.54931068e-02 -3.00000422e-02 0. 1.22050630e-37
    0. 1.22056370e-37 0. 1.22056370e-37 4.45626825e-02 -6.39940947e-02
    -3.00000124e-02 1.22062289e-37 0. 1.22062289e-37 0. 1.23451121e-37
    0. 4.27907966e-02 5.80639951e-02 -2.99999956e-02 0. 1.23457040e-37
    0. 1.23462780e-37 0. 1.23462780e-37 1.55659840e-02 -7.07242042e-02
    -3.00000384e-02 1.23437310e-37 0. 1.23437310e-37 0. 1.23437489e-37
    0. -7.25072157e-03 -6.95037544e-02 -3.00000403e-02 0. 1.22172420e-37
    0. 1.22178159e-37 0. 1.22178159e-37 4.04000655e-02 5.81882522e-02
    -2.99999975e-02 1.22184078e-37 0. 1.22184078e-37 0. 1.22397524e-37
    0. 7.11909086e-02 6.75162226e-02 -2.99999863e-02 0. 1.22403443e-37
    0. 1.22409183e-37 0. 1.22409183e-37 4.47467342e-02 -5.74404858e-02
    -3.00000161e-02 1.23487353e-37 0. 1.23487353e-37 0. 1.23487533e-37
    0. 3.19598056e-02 -6.42663836e-02 -3.00000161e-02 0. 1.24236387e-37
    0. 1.24242126e-37 0. 1.24242126e-37 6.99999332e-02 -1.68452282e-02
    2.45608687e-02 1.24248045e-37 0. 1.24248045e-37 0. 9.96406165e-38 0.
    7.76871759e-03 -5.54158501e-02 -3.00000273e-02 0. 9.96465356e-38 0.
    9.96522753e-38 0. 9.96522753e-38 3.60011272e-02 -6.94630519e-02
    -3.00000235e-02 9.55401257e-38 0. 9.55401257e-38 0. 9.55403051e-38
    0. 2.60613989e-02 -7.24757686e-02 -3.00000180e-02 0. 1.24322841e-37
    0. 1.24328581e-37 0. 1.24328581e-37 6.99999332e-02 -9.73666180e-03
    2.48562694e-02 1.24334500e-37 0. 1.24334500e-37 0. 1.24838519e-37 0.
    5.07315472e-02 5.76149561e-02 -2.99999882e-02 0. 1.24844438e-37 0.
    1.24850178e-37 0. 1.24850178e-37 6.99999407e-02 -8.20757542e-03
    2.35019848e-02 1.23994063e-37 0. 1.23994063e-37 0. 1.23994242e-37 0.
    -4.84586172e-02 -4.12038453e-02 -2.99999993e-02 0. 1.22674645e-37 0.
    1.22680385e-37 0. 1.22680385e-37 -1.94352977e-02 -6.07136227e-02
    -3.00000459e-02 1.22686304e-37 0. 1.22686304e-37 0. 1.22310890e-37
    0. -1.46987177e-02 6.46562278e-02 -3.00000049e-02 0. 1.22316809e-37
    0. 1.22322549e-37 0. 1.22322549e-37 5.13676330e-02 6.37246966e-02
    -2.99999882e-02 1.22557698e-37 0. 1.22557698e-37 0. 1.22557878e-37
    0. -9.96098109e-03 -5.25705926e-02 -3.00000422e-02 0. 1.24529650e-37
    0. 1.24535390e-37 0. 1.24535390e-37 6.99999407e-02 -1.85238402e-02
    2.35012211e-02 1.24541309e-37 0. 1.24541309e-37 0. 1.24541488e-37 0.
    -1.20547442e-02 6.43608645e-02 -2.99999714e-02 0. 1.23231218e-37 0.
    1.23236958e-37 0. 1.23236958e-37 2.18755007e-02 -7.57201687e-02
    -3.00000347e-02 1.23242877e-37 0. 1.23242877e-37 0. 1.23243056e-37
    0. 3.44868489e-02 6.11251928e-02 -2.99999937e-02 0. 1.21933324e-37
    0. 1.21939064e-37 0. 1.21939064e-37 -1.47533510e-02 -5.79077639e-02
    -3.00000310e-02 1.21944983e-37 0. 1.21944983e-37 0. 1.21945163e-37
    0. -2.30073612e-02 -6.50902092e-02 -3.00000627e-02 0. 9.96167608e-38
    0. 9.96225005e-38 0. 9.96225005e-38 -5.46434931e-02 -3.63717452e-02
    -3.00000217e-02 9.96284196e-38 0. 9.96284196e-38 0. 9.96285990e-38
    0. 6.23220950e-03 6.93007857e-02 -2.99999714e-02 0. 1.24077109e-37
    0. 1.24082849e-37 0. 1.24082849e-37 -2.86554769e-02 -4.81775254e-02
    -3.00000049e-02 1.24088768e-37 0. 1.24088768e-37 0. 1.24088947e-37
    0. 7.00025484e-02 6.64817542e-02 -2.99999826e-02 0. 1.23905815e-37
    0. 1.23911554e-37 0. 1.23911554e-37 -2.18297541e-02 -5.60115762e-02
    -3.00000347e-02 1.23917473e-37 0. 1.23917473e-37 0. 1.23917653e-37
    0. 6.99999332e-02 -6.53143227e-03 2.07602140e-02 0. 1.24146883e-37
    0. 1.24152622e-37 0. 1.24152622e-37 3.86868194e-02 -7.21159801e-02
    -3.00000012e-02 1.24158542e-37 0. 1.24158542e-37 0. 1.24158721e-37
    0. 7.00000077e-02 6.81518838e-02 -2.73957755e-02 0. 1.22528462e-37
    0. 1.22534201e-37 0. 1.22534201e-37 2.45693326e-02 -5.85474558e-02
    -3.00000347e-02 1.22540120e-37 0. 1.22540120e-37 0. 1.22540300e-37
    0. 7.00000077e-02 4.77691628e-02 -2.68403143e-02 0. 1.24295936e-37
    0. 1.24301676e-37 0. 1.24301676e-37 6.59378711e-03 6.88791797e-02
    -2.99999788e-02 1.24307595e-37 0. 1.24307595e-37 0. 1.24307774e-37
    0. 4.03556973e-02 6.90033510e-02 -2.99999937e-02 0. 1.23556768e-37
    0. 1.23562508e-37 0. 1.23562508e-37 -6.07431270e-02 -4.83386777e-02
    -3.00000124e-02 1.23568427e-37 0. 1.23568427e-37 0. 1.23568606e-37
    0. 6.99999407e-02 -2.01389436e-02 2.06980072e-02 0. 1.22570433e-37
    0. 1.22576173e-37 0. 1.22576173e-37 3.53043638e-02 -4.44915816e-02
    -3.00000180e-02 1.22582092e-37 0. 1.22582092e-37 0. 1.22582271e-37
    0. 2.97458470e-02 -6.04519285e-02 -3.00000235e-02 0. 9.96592706e-38
    0. 9.96650103e-38 0. 9.96650103e-38 6.99999332e-02 -1.27883023e-02
    1.86901074e-02 9.96709294e-38 0. 9.96709294e-38 0. 9.96711088e-38 0.
    -3.25002968e-02 -6.58011436e-02 -3.00000049e-02 0. 9.96770278e-38 0.
    9.96827676e-38 0. 9.96827676e-38 6.92108423e-02 5.80471791e-02
    -2.99999956e-02 1.22612046e-37 0. 1.22612046e-37 0. 1.22612226e-37
    0. -2.88580470e-02 -5.34902625e-02 -3.00000068e-02 0. 1.22618145e-37
    0. 1.22623884e-37 0. 1.22623884e-37 7.00000077e-02 7.37396553e-02
