<?xml version="1.0"?>
<opencv_storage>
<pose008 type_id="opencv-matrix">
  <rows>4</rows>
  <cols>4</cols>
  <dt>f</dt>
  <data>
    9.80877280e-01 5.92055060e-02 -1.85403436e-01 -6.85369177e-03
    2.83425068e-03 9.48162079e-01 3.17774445e-01 -7.49575114e-03
    1.94606498e-01 -3.12223196e-01 9.29862857e-01 3.02065045e-01 0. 0.
    0. 1.</data></pose008>
</opencv_storage>
