<?xml version="1.0"?>
<opencv_storage>
<ronzoni1_obj type_id="opencv-matrix">
  <rows>49</rows>
  <cols>3</cols>
  <dt>f</dt>
  <data>
    12. 6. 6. 7.00000003e-02 -1.00000001e-01 -2.99999993e-02
    7.00000003e-02 -1.00000001e-01 -2.99999993e-02 7.00000003e-02
    -1.00000001e-01 -2.99999993e-02 7.00000003e-02 -1.00000001e-01
    2.99999993e-02 7.00000003e-02 -1.00000001e-01 2.99999993e-02
    -7.00000003e-02 -1.00000001e-01 2.99999993e-02 -7.00000003e-02
    -1.00000001e-01 2.99999993e-02 -7.00000003e-02 -1.00000001e-01
    -2.99999993e-02 7.00000003e-02 1.00000001e-01 -2.99999993e-02
    7.00000003e-02 1.00000001e-01 -2.99999993e-02 7.00000003e-02
    1.00000001e-01 2.99999993e-02 -7.00000003e-02 1.00000001e-01
    2.99999993e-02 7.00000003e-02 -1.00000001e-01 2.99999993e-02
    -7.00000003e-02 -1.00000001e-01 -2.99999993e-02 7.00000003e-02
    1.00000001e-01 -2.99999993e-02 -7.00000003e-02 -1.00000001e-01
    2.99999993e-02 7.00000003e-02 1.00000001e-01 2.99999993e-02
    -7.00000003e-02 -1.00000001e-01 -2.99999993e-02 -7.00000003e-02
    1.00000001e-01 2.99999993e-02 -7.00000003e-02 1.00000001e-01
    -2.99999993e-02 -7.00000003e-02 1.00000001e-01 -2.99999993e-02
    7.00000003e-02 1.00000001e-01 2.99999993e-02 -7.00000003e-02
    1.00000001e-01 2.99999993e-02 -7.00000003e-02 1.00000001e-01
    -2.99999993e-02 -7.00000003e-02 -1.00000001e-01 2.99999993e-02
    7.00000003e-02 1.00000001e-01 2.99999993e-02 -7.00000003e-02
    1.00000001e-01 2.99999993e-02 -7.00000003e-02 1.00000001e-01
    -2.99999993e-02 -7.00000003e-02 -1.00000001e-01 -2.99999993e-02
    -7.00000003e-02 1.00000001e-01 2.99999993e-02 7.00000003e-02
    -1.00000001e-01 -2.99999993e-02 7.00000003e-02 -1.00000001e-01
    -2.99999993e-02 7.00000003e-02 -1.00000001e-01 2.99999993e-02
    -7.00000003e-02 -1.00000001e-01 2.99999993e-02 7.00000003e-02
    1.00000001e-01 -2.99999993e-02 7.00000003e-02 1.00000001e-01
    -2.99999993e-02 7.00000003e-02 -1.00000001e-01 2.99999993e-02
    7.00000003e-02 1.00000001e-01 -2.99999993e-02 7.00000003e-02
    1.00000001e-01 2.99999993e-02 -7.00000003e-02 1.00000001e-01
    2.99999993e-02 7.00000003e-02 -1.00000001e-01 -2.99999993e-02
    -7.00000003e-02 1.00000001e-01 -2.99999993e-02 -7.00000003e-02
    -1.00000001e-01 -2.99999993e-02 7.00000003e-02 -1.00000001e-01
    2.99999993e-02 -7.00000003e-02 -1.00000001e-01 2.99999993e-02
    -7.00000003e-02 -1.00000001e-01 -2.99999993e-02 -7.00000003e-02
    1.00000001e-01 -2.99999993e-02 7.00000003e-02 1.00000001e-01
    2.99999993e-02</data></ronzoni1_obj>
</opencv_storage>
