<?xml version="1.0"?>
<opencv_storage>
<keypoint2d003 type_id="opencv-matrix">
  <rows>266</rows>
  <cols>1</cols>
  <dt>"2f"</dt>
  <data>
    3.09911499e+02 1.73150345e+02 3.05777679e+02 1.81000137e+02
    3.16847992e+02 1.76634460e+02 3.12230988e+02 1.74936417e+02
    3.15136688e+02 2.17980377e+02 3.19784210e+02 2.81798767e+02
    3.30553284e+02 2.96083191e+02 3.18919159e+02 2.61409698e+02
    3.19754059e+02 1.85074188e+02 3.31098450e+02 2.65108307e+02
    2.84210999e+02 2.48190338e+02 3.27618927e+02 2.66786774e+02
    3.28388428e+02 2.65011078e+02 3.10437683e+02 2.23389740e+02
    3.05274475e+02 2.31505753e+02 2.82048737e+02 2.61107727e+02
    3.35936615e+02 2.78871124e+02 2.95340149e+02 2.30783768e+02
    3.39470398e+02 2.94075317e+02 3.27658051e+02 2.53502304e+02
    3.55464661e+02 2.96017731e+02 2.80131653e+02 2.68621307e+02
    3.70334290e+02 2.70434662e+02 3.87725769e+02 2.69176971e+02
    3.00880066e+02 2.23358871e+02 3.27440491e+02 2.58454437e+02
    3.67631805e+02 2.71709686e+02 3.03070160e+02 2.17591141e+02
    3.32007996e+02 2.59541473e+02 3.23287537e+02 2.58598969e+02
    3.67887848e+02 3.04469299e+02 3.38002838e+02 2.72129242e+02
    3.02415497e+02 2.70094421e+02 3.70580994e+02 2.90534515e+02
    3.59528015e+02 3.06685242e+02 3.56305023e+02 2.91926331e+02
    2.91788849e+02 2.22693085e+02 3.08537872e+02 2.88871918e+02
    3.68619720e+02 2.88542297e+02 3.06949280e+02 2.91460449e+02
    3.73253937e+02 2.89616882e+02 3.09175385e+02 1.93320541e+02
    3.25164734e+02 2.50449661e+02 2.97563019e+02 2.12883713e+02
    2.94671417e+02 2.56790497e+02 3.78818787e+02 2.82192078e+02
    3.54603302e+02 3.04895172e+02 3.62170654e+02 2.92967865e+02
    3.18774658e+02 2.25818756e+02 3.51473541e+02 3.08541901e+02
    3.66092163e+02 3.01910858e+02 3.34980591e+02 2.52930588e+02
    3.07682953e+02 1.90865524e+02 3.00198914e+02 2.29806320e+02
    3.54848419e+02 2.75864380e+02 3.76924408e+02 2.69890350e+02
    2.98087463e+02 2.39317780e+02 3.19087036e+02 1.96818329e+02
    3.10116425e+02 2.12293228e+02 3.27181030e+02 2.43548859e+02
    2.97841583e+02 2.65190430e+02 3.23955719e+02 2.36003616e+02
    2.93104279e+02 2.24672562e+02 3.66606873e+02 3.76970093e+02
    3.75655121e+02 2.70806976e+02 3.27022003e+02 2.73876556e+02
    3.20202423e+02 2.23270126e+02 3.00754578e+02 2.40887604e+02
    3.61560028e+02 3.03218353e+02 3.03346680e+02 2.52624741e+02
    3.26421722e+02 1.74194153e+02 3.09924500e+02 1.78133270e+02
    3.75896729e+02 2.80491516e+02 2.95043884e+02 2.43710342e+02
    3.97860870e+02 1.86590302e+02 3.63328888e+02 2.90122375e+02
    3.13028809e+02 2.92815918e+02 3.11041321e+02 2.85963165e+02
    4.00957794e+02 2.00655563e+02 3.03686066e+02 2.64257568e+02
    3.04860321e+02 2.21763596e+02 3.48420319e+02 3.67250061e+02
    3.03997009e+02 2.60676788e+02 3.10601898e+02 2.74198425e+02
    3.61643036e+02 2.83241791e+02 3.07121063e+02 2.73342529e+02
    2.91289886e+02 2.33254227e+02 3.40631012e+02 2.82268097e+02
    2.94655273e+02 2.40752060e+02 3.46056580e+02 2.59107483e+02
    3.97013489e+02 1.84500381e+02 3.22712372e+02 3.04990387e+02
    3.09548218e+02 2.03800156e+02 3.58559662e+02 2.93978455e+02
    3.07314880e+02 2.63836456e+02 3.32412140e+02 2.87070435e+02
    3.66701813e+02 2.91639130e+02 3.06541046e+02 2.42619766e+02
    3.10867065e+02 2.41991714e+02 3.68966858e+02 3.07113953e+02
    3.11284576e+02 1.90722763e+02 3.52077637e+02 2.88696320e+02
    3.40680023e+02 2.86261261e+02 3.10782227e+02 2.30813858e+02
    3.62859406e+02 2.86608429e+02 3.39320496e+02 2.53766617e+02
    3.57314148e+02 3.55504059e+02 3.61328766e+02 3.09204895e+02
    3.73223572e+02 2.07376251e+02 3.73006287e+02 3.05612457e+02
    3.58719757e+02 2.91760406e+02 3.29380249e+02 1.83973846e+02
    3.66551514e+02 3.20974762e+02 4.07389893e+02 2.01863937e+02
    3.59579590e+02 3.09724365e+02 3.73281738e+02 2.80761536e+02
    3.75331726e+02 2.94114960e+02 3.04241730e+02 2.85209656e+02
    3.63716461e+02 2.22115417e+02 3.28751343e+02 2.83802399e+02
    3.08763916e+02 2.34238266e+02 3.48214142e+02 2.80160675e+02
    3.47937164e+02 2.68125458e+02 3.73157593e+02 2.95108765e+02
    3.10907013e+02 2.11784348e+02 3.87932098e+02 3.02847839e+02
    3.81830048e+02 2.11392654e+02 3.78608002e+02 2.65055603e+02
    3.50394836e+02 2.93775665e+02 3.77694519e+02 3.13354370e+02
    3.51811432e+02 2.95657501e+02 3.48297211e+02 2.93494934e+02
    3.73550415e+02 3.11073914e+02 3.26911224e+02 2.39108719e+02
    3.89291046e+02 2.92469147e+02 3.98206665e+02 2.01235077e+02
    3.69988068e+02 3.19912720e+02 3.33993896e+02 3.89826508e+02
    3.81012970e+02 2.91197876e+02 3.52588135e+02 3.64492249e+02
    3.40103210e+02 3.03117798e+02 3.58501282e+02 3.22850891e+02
    3.14774841e+02 2.83621429e+02 3.84574646e+02 1.82784378e+02
    3.50757233e+02 3.88357391e+02 3.53327179e+02 2.66935852e+02
    3.50747253e+02 3.99159637e+02 2.77343231e+02 3.40220398e+02
    3.69953674e+02 2.96205261e+02 3.63140961e+02 4.06114594e+02
    3.11949554e+02 2.45019058e+02 2.49526459e+02 3.68710236e+02
    3.72138428e+02 3.19190735e+02 3.88245636e+02 2.86665741e+02
    3.86495789e+02 3.03632141e+02 2.83850952e+02 3.61196198e+02
    3.83678162e+02 3.11028931e+02 3.42587280e+02 3.94787445e+02
    3.80819397e+02 1.84451096e+02 3.71855042e+02 3.75427826e+02
    2.52710876e+02 3.60127258e+02 3.68042938e+02 3.16429626e+02
    3.63367645e+02 2.64810333e+02 2.56142548e+02 3.29334045e+02
    3.87940216e+02 2.93538483e+02 3.05291779e+02 2.48675552e+02
    3.00020172e+02 3.52125397e+02 3.51039368e+02 2.68161316e+02
    2.87773254e+02 3.63561920e+02 3.40783417e+02 3.81669342e+02
    3.56247253e+02 2.80552856e+02 2.87059326e+02 3.45318573e+02
    2.72980591e+02 3.55215027e+02 3.84663452e+02 3.10403107e+02
    2.78398834e+02 3.47029419e+02 3.86029388e+02 1.79125961e+02
    3.26010651e+02 3.12932343e+02 2.53475693e+02 3.45394257e+02
    3.00994843e+02 3.70923920e+02 3.55244232e+02 3.89997711e+02
    2.77369843e+02 3.46479828e+02 3.88726807e+02 1.92284500e+02
    3.76249847e+02 2.74794861e+02 2.66368011e+02 3.40221466e+02
    3.38612549e+02 3.92632080e+02 3.28468719e+02 3.09088959e+02
    3.16148468e+02 3.79405518e+02 2.96768463e+02 3.68693207e+02
    3.39796143e+02 3.10953644e+02 2.77110291e+02 3.29805695e+02
    3.81441376e+02 2.97353790e+02 3.62967285e+02 3.24463776e+02
    2.98404510e+02 3.69529633e+02 3.66230011e+02 3.63498108e+02
    3.26552948e+02 3.73569977e+02 3.43832245e+02 3.75117737e+02
    3.67797272e+02 3.87670074e+02 3.68048431e+02 3.20238556e+02
    3.20576904e+02 2.12884430e+02 3.09286285e+02 3.75631836e+02
    2.57318481e+02 3.57892761e+02 3.05749115e+02 3.73603912e+02
    3.10100311e+02 3.64497772e+02 3.75982605e+02 3.17838531e+02
    3.62934540e+02 3.87486481e+02 3.52204498e+02 3.74222351e+02
    3.45734558e+02 2.84244476e+02 3.64607056e+02 3.95067230e+02
    3.24214966e+02 3.72272125e+02 3.36385864e+02 3.79003754e+02
    3.70790863e+02 3.22356262e+02 3.69789825e+02 3.57730591e+02
    3.55824127e+02 3.76445770e+02 3.09686615e+02 3.57421936e+02
    2.91585358e+02 2.75186127e+02 2.72989380e+02 3.36151184e+02
    2.69224335e+02 3.36196106e+02 3.81445709e+02 3.15837036e+02
    2.59959625e+02 3.31243683e+02 3.26566772e+02 2.80863281e+02
    3.02373779e+02 2.28700912e+02 3.83581909e+02 3.16284729e+02
    3.62341339e+02 3.19136200e+02 3.50397247e+02 3.80074036e+02
    3.61017456e+02 3.93177673e+02 3.69271820e+02 2.80264130e+02
    3.14309113e+02 1.94553055e+02 2.70096008e+02 3.34887085e+02
    3.52284088e+02 3.80119629e+02 3.25746094e+02 3.65936432e+02
    3.91820038e+02 2.72756287e+02 3.16830383e+02 3.03304108e+02
    3.87243866e+02 1.86619003e+02 3.30046936e+02 3.68205780e+02
    2.77232971e+02 3.57744507e+02 2.87683594e+02 3.51815399e+02
    3.88641907e+02 1.77171295e+02 2.65474640e+02 3.34443359e+02
    3.37978058e+02 2.43252197e+02 3.90940582e+02 2.01013306e+02
    3.17617157e+02 2.38439163e+02 3.79327698e+02 2.98427399e+02
    3.25826965e+02 2.31074936e+02 2.89668671e+02 2.68247589e+02
