<?xml version="1.0"?>
<opencv_storage>
<keypoint2d001 type_id="opencv-matrix">
  <rows>802</rows>
  <cols>1</cols>
  <dt>"2f"</dt>
  <data>
    3.88432068e+02 1.16245659e+02 3.28844147e+02 2.15182083e+02
    3.10997284e+02 1.43931183e+02 2.79005035e+02 2.14690582e+02
    3.65794739e+02 1.90015396e+02 3.51092529e+02 1.95835327e+02
    2.90826019e+02 2.24342438e+02 3.47943939e+02 1.81848938e+02
    3.45062958e+02 1.88310257e+02 2.95441589e+02 2.18783768e+02
    3.80495148e+02 1.68668701e+02 2.80725494e+02 2.14650879e+02
    3.31980072e+02 1.88201614e+02 3.59062195e+02 2.00315460e+02
    2.95565918e+02 2.80430878e+02 2.59246490e+02 1.16995949e+02
    3.27423737e+02 1.93177704e+02 3.92895020e+02 1.10265923e+02
    3.22246948e+02 3.20778809e+02 3.59017487e+02 2.08743225e+02
    2.99741425e+02 3.05176941e+02 3.67481812e+02 1.07081970e+02
    2.72671875e+02 1.11916389e+02 2.84499512e+02 2.78769165e+02
    2.68078125e+02 2.14293991e+02 3.56836975e+02 1.89087051e+02
    3.02135040e+02 2.22086090e+02 2.99907196e+02 1.44491959e+02
    3.42840149e+02 1.80047119e+02 3.55409546e+02 3.25408752e+02
    2.82644684e+02 1.98407349e+02 3.65263824e+02 3.22071777e+02
    3.41644653e+02 1.89642090e+02 3.08639801e+02 1.96992645e+02
    2.61969879e+02 1.43037491e+02 3.32836243e+02 1.42373978e+02
    3.42346344e+02 3.64293152e+02 2.87532379e+02 2.62381836e+02
    3.39814789e+02 3.20081207e+02 3.19782318e+02 2.05765533e+02
    3.19172546e+02 3.52362000e+02 3.52283264e+02 2.70956909e+02
    2.94105164e+02 2.31086121e+02 3.30380249e+02 3.74083008e+02
    3.45790802e+02 3.19046631e+02 2.82768738e+02 3.16102570e+02
    3.56690308e+02 1.40479828e+02 3.19428986e+02 2.41673630e+02
    3.32704437e+02 3.54167084e+02 2.91969543e+02 3.20292877e+02
    3.24862762e+02 3.55256653e+02 3.06067596e+02 2.20723587e+02
    3.32959808e+02 1.80845474e+02 3.17246185e+02 2.81955200e+02
    3.29007660e+02 1.96597214e+02 2.84384918e+02 2.05062668e+02
    3.70505798e+02 1.83210403e+02 3.05828949e+02 2.62243591e+02
    2.83979828e+02 3.20268372e+02 3.92109253e+02 1.47138397e+02
    3.17116882e+02 1.71643875e+02 3.38154358e+02 1.87783081e+02
    3.26566315e+02 2.05208557e+02 3.07842133e+02 3.18782013e+02
    3.59238373e+02 3.23947144e+02 2.95192261e+02 2.31492676e+02
    3.39402771e+02 2.75852234e+02 2.63369537e+02 1.97685684e+02
    3.24967102e+02 3.79291931e+02 3.17037323e+02 1.36142319e+02
    3.38106934e+02 1.46780807e+02 3.14458740e+02 2.01807602e+02
    2.43546280e+02 3.25946136e+02 3.14591034e+02 2.10730530e+02
    3.03243988e+02 2.32086487e+02 3.34459198e+02 2.73620697e+02
    3.16893982e+02 2.84285583e+02 3.58122314e+02 2.53188065e+02
    3.36299805e+02 3.20227905e+02 3.01913513e+02 2.84174957e+02
    2.90467468e+02 1.91937363e+02 3.51745209e+02 3.72135742e+02
    3.30106018e+02 1.42975174e+02 2.72130920e+02 1.44600983e+02
    3.07834961e+02 3.20622375e+02 3.26762970e+02 3.61007202e+02
    2.76504547e+02 1.36336914e+02 3.72575714e+02 2.07028214e+02
    3.36210205e+02 1.83561752e+02 2.97724640e+02 2.64027344e+02
    3.54286804e+02 2.75739014e+02 2.79169952e+02 2.05697327e+02
    3.14930084e+02 3.79727692e+02 3.34678314e+02 1.34694031e+02
    2.97758026e+02 3.10031403e+02 3.20601227e+02 2.04346680e+02
    3.22885803e+02 2.56911682e+02 3.46737793e+02 3.67677673e+02
    2.61860535e+02 1.62707077e+02 2.89784119e+02 1.36135925e+02
    2.84196716e+02 3.08542999e+02 3.04755493e+02 1.48922989e+02
    3.35210907e+02 2.78068634e+02 3.23190826e+02 2.02129547e+02
    2.97204651e+02 1.43589050e+02 3.64101929e+02 3.62921844e+02
    3.14710083e+02 3.25724152e+02 2.77464386e+02 1.49526611e+02
    2.94101868e+02 1.49511673e+02 3.32644806e+02 1.34102234e+02
    2.44525467e+02 2.93875702e+02 3.18046021e+02 2.33247192e+02
    3.79051544e+02 1.33140060e+02 3.35968353e+02 1.35773270e+02
    3.23299927e+02 1.94016998e+02 2.78059631e+02 3.65984619e+02
    3.81787872e+02 1.30309692e+02 3.41765930e+02 2.09425262e+02
    2.42398605e+02 3.27794342e+02 3.09892975e+02 3.78653290e+02
    3.62938660e+02 3.05039917e+02 2.44229752e+02 2.95497559e+02
    2.88411102e+02 2.75998108e+02 3.12985596e+02 2.80351349e+02
    3.04871918e+02 3.24932709e+02 3.32773865e+02 2.07421753e+02
    3.24436279e+02 1.47721436e+02 3.28127899e+02 3.54980957e+02
    3.23439819e+02 2.10228104e+02 3.45903168e+02 3.14446259e+02
    2.72826080e+02 2.25608032e+02 3.44989502e+02 2.48996536e+02
    3.37982880e+02 3.59277130e+02 3.06012390e+02 2.06054245e+02
    2.71062561e+02 2.09940201e+02 2.93971771e+02 1.95514542e+02
    3.67416260e+02 1.31131897e+02 2.62635315e+02 1.72058472e+02
    2.89360657e+02 2.14509155e+02 3.51011780e+02 2.01582031e+02
    2.62299255e+02 9.47708893e+01 3.60729980e+02 3.02836456e+02
    3.06020081e+02 2.17246796e+02 3.26015533e+02 3.10047974e+02
    3.00286316e+02 3.25404022e+02 2.98543793e+02 1.36728806e+02
    3.31142181e+02 3.21684479e+02 3.59477875e+02 8.54331207e+01
    3.60992340e+02 2.81890533e+02 3.27780792e+02 2.47147552e+02
    3.10220825e+02 2.22533417e+02 2.82872528e+02 1.34179352e+02
    3.91323730e+02 3.56361847e+02 3.41420990e+02 2.54863678e+02
    3.32450989e+02 1.98776367e+02 3.50351532e+02 2.07381470e+02
    2.90370911e+02 3.73206757e+02 3.45257385e+02 3.77567047e+02
    3.55026611e+02 3.73964325e+02 3.11113342e+02 2.27832214e+02
    2.54922485e+02 1.48834991e+02 3.21071869e+02 3.06782715e+02
    2.63230591e+02 1.56766418e+02 3.61207458e+02 3.14104218e+02
    2.81774780e+02 1.34448257e+02 3.05915649e+02 1.36764099e+02
    3.91460022e+02 1.31116959e+02 3.34501007e+02 3.13131500e+02
    3.54779877e+02 1.45428696e+02 2.61951996e+02 2.32243591e+02
    3.58192596e+02 3.20016693e+02 3.32335175e+02 1.93261169e+02
    3.16587769e+02 1.48756332e+02 3.51908508e+02 2.58012695e+02
    3.59836731e+02 1.40270172e+02 3.69179901e+02 2.21956970e+02
    2.98306824e+02 3.78605347e+02 3.16625153e+02 2.48573380e+02
    3.92798370e+02 1.79124298e+02 2.79661530e+02 1.49786880e+02
    2.59969666e+02 1.08114784e+02 3.87019257e+02 1.41848373e+02
    3.53337799e+02 1.41758469e+02 3.52890320e+02 1.33078812e+02
    3.11368011e+02 3.74928680e+02 3.64083862e+02 3.02329041e+02
    3.52719330e+02 3.16426849e+02 3.64715546e+02 3.42757446e+02
    3.79604675e+02 1.38061676e+02 2.83877136e+02 3.72738647e+02
    3.59604187e+02 3.33016754e+02 3.47074646e+02 1.96282654e+02
    3.25534454e+02 1.32964249e+02 3.17361420e+02 3.10251801e+02
    3.04306519e+02 2.56339447e+02 3.60868774e+02 3.47211212e+02
    3.49745941e+02 1.33928696e+02 3.63140411e+02 2.91617401e+02
    3.52319855e+02 3.20215149e+02 3.62426422e+02 1.33232635e+02
    2.68198517e+02 2.31484070e+02 2.82419220e+02 2.34884628e+02
    2.97670990e+02 3.17868256e+02 2.60326569e+02 2.19489624e+02
    3.09683228e+02 2.65208557e+02 3.91485046e+02 3.58091248e+02
    2.78717438e+02 1.08289162e+02 3.29983521e+02 2.89082123e+02
    3.59571014e+02 3.72661011e+02 3.22000214e+02 2.40815765e+02
    3.01982300e+02 1.37178986e+02 3.39882996e+02 3.56913361e+02
    3.73001251e+02 1.18401108e+02 3.82089935e+02 3.57971130e+02
    3.15652405e+02 2.67415283e+02 3.32337372e+02 2.45096680e+02
    2.69424133e+02 1.43699341e+02 2.94691162e+02 1.98506409e+02
    3.18567291e+02 2.56908569e+02 3.76950439e+02 2.14277603e+02
    3.11191895e+02 3.08192322e+02 3.28727448e+02 3.24528259e+02
    2.92671844e+02 3.75675049e+02 2.47824402e+02 2.56297455e+02
    3.37573914e+02 2.24521805e+02 3.39302338e+02 2.62076904e+02
    3.68863586e+02 3.04553375e+02 3.30361877e+02 2.76138702e+02
    3.28952240e+02 3.54855591e+02 3.73644348e+02 3.28202606e+02
    3.64079041e+02 3.70954254e+02 3.70560730e+02 3.29140778e+02
    3.59373108e+02 1.19374893e+02 2.92801697e+02 1.43407700e+02
    3.15487366e+02 1.63661713e+02 3.06941711e+02 1.88834457e+02
    2.64781311e+02 1.86810272e+02 3.11061401e+02 2.61421204e+02
    3.51044403e+02 3.36345673e+02 3.32857880e+02 2.09277939e+02
    3.21349274e+02 2.77357056e+02 3.24640900e+02 1.85851166e+02
    3.02872070e+02 2.50160858e+02 3.60750458e+02 1.77887619e+02
