<?xml version="1.0"?>
<opencv_storage>
<keypoint3d002 type_id="opencv-matrix">
  <rows>366</rows>
  <cols>3</cols>
  <dt>"3f"</dt>
  <data>
    -3.84325795e-02 -4.66344878e-02 4.32308577e-02 2.45532593e+02
    4.86091309e+02 1.38357468e+02 1.39246857e+02 2.42102478e+02
    1.93012878e+02 -3.26385722e-02 -3.98437232e-02 4.29668352e-02
    5.92199478e+01 2.43867966e+02 1.39234314e+02 2.39116638e+02
    7.42794189e+01 1.37367752e+02 -4.01270539e-02 -4.39682975e-02
    3.91399823e-02 2.56357910e+02 2.94717529e+02 2.27537216e+02
    2.62741486e+02 2.44419495e+02 1.90695206e+02 -3.57621461e-02
    -4.87806350e-02 4.96778823e-02 2.67239929e+02 2.56348572e+02
    1.05644348e+02 2.61620117e+02 1.27282234e+02 2.92470428e+02
    4.77819256e-02 -1.53937656e-02 3.65474373e-02 2.49740387e+02
    2.02483032e+02 2.64251678e+02 4.34070374e+02 1.87677338e+02
    2.63569031e+02 -2.46012360e-02 -4.92420495e-02 5.34411855e-02
    3.49514587e+02 2.50167297e+02 6.28969421e+01 1.27018188e+02
    1.99524765e+02 2.64685638e+02 -2.53281724e-02 -4.83466089e-02
    5.24938181e-02 2.69203125e+02 3.26133698e+02 2.41672195e+02
    3.82601929e+02 1.24332382e+02 3.24805725e+02 -1.37607381e-03
    -4.31519113e-02 5.57696112e-02 3.77912354e+02 1.22982018e+02
    1.58446625e+02 2.37999466e+02 2.06136658e+02 2.64691498e+02
    7.05544055e-02 4.35515493e-03 1.14704985e-02 2.71683228e+02
    5.96967850e+01 1.19508568e+02 1.58447128e+02 2.60151825e+02
    1.70637527e+02 5.87567128e-03 -2.39578914e-02 5.32736629e-02
    2.69011719e+02 2.66198853e+02 1.56341599e+02 3.06925720e+02
    3.89041138e+01 1.99535797e+02 -2.20723525e-02 -3.37854028e-02
    4.86718901e-02 2.56046326e+02 4.37831848e+02 1.90924927e+02
    1.69157227e+02 2.49866165e+02 1.57390472e+02 -2.43714973e-02
    7.36287534e-02 4.92914878e-02 1.02312683e+02 2.86325867e+02
    3.29936920e+02 2.20507874e+02 1.01524673e+02 2.88004791e+02
    -2.96599418e-02 -6.28816523e-03 4.28496785e-02 2.32175430e+02
    2.79344482e+02 2.48912613e+02 1.42925018e+02 3.09694336e+02
    4.28701782e+01 -2.77905110e-02 8.84524453e-03 4.42840233e-02
    3.22751434e+02 2.41152481e+02 1.22362267e+02 3.04580963e+02
    1.52579224e+02 2.37741653e+02 -9.20968875e-03 5.90739921e-02
    5.37125915e-02 1.84889297e+02 3.00294312e+02 2.15031982e+02
    2.82013855e+02 2.51614944e+02 1.58935074e+02 1.64556745e-02
    -3.91068198e-02 5.46663478e-02 7.63530655e+01 2.47574188e+02
    1.85839340e+02 2.52156586e+02 3.56737640e+02 1.96717026e+02
    4.57460806e-03 -4.60251719e-02 5.82344942e-02 1.81397034e+02
    1.48452209e+02 5.57673683e+01 2.56139832e+02 2.68198669e+02
    4.15408203e+02 -2.18002088e-02 -3.61870192e-02 4.88806739e-02
    4.61001373e+02 1.80335312e+02 2.82573151e+02 2.64240845e+02
    3.89710358e+02 1.81963837e+02 -2.53591109e-02 7.14580193e-02
    4.91614640e-02 3.08411987e+02 4.02835632e+02 9.35502853e+01
    3.53013000e+02 2.07867966e+02 2.51754837e+02 -3.40063795e-02
    4.01168130e-02 4.22534049e-02 3.36708527e+02 2.41982803e+02
    3.91904053e+02 1.36737473e+02 4.92580597e+02 1.14931213e+02
    -1.72495656e-02 3.54772583e-02 5.02291285e-02 1.31958374e+02
    4.90071594e+02 1.16445061e+02 4.11824097e+02 1.97932724e+02
    3.99173431e+02 -1.88684873e-02 -2.97616161e-02 5.11301458e-02
    3.50388855e+02 2.39815292e+02 3.92178833e+02 3.12938812e+02
    2.23666840e+02 2.59471588e+02 -5.49641885e-02 5.18751778e-02
    -1.87172331e-02 2.30197113e+02 4.11258301e+02 2.46140121e+02
    1.04873604e+02 2.78854767e+02 2.66447968e+02 1.15252696e-02
    -2.90567130e-02 5.40173091e-02 2.03489075e+02 3.26667328e+02
    3.78874481e+02 2.93144745e+02 1.10538109e+02 2.35871048e+02
    -2.33133808e-02 3.65534611e-02 4.66827527e-02 1.81496048e+02
    1.69982910e+02 2.52551529e+02 1.55816696e+02 3.25082970e+01
    3.83168945e+02 -1.80276968e-02 6.74674474e-03 4.88721505e-02
    3.93530853e+02 3.11144592e+02 2.56632538e+02 2.38321594e+02
    7.29846268e+01 2.20759109e+02 9.02171060e-03 -6.37022778e-02
    6.00766987e-02 2.30302826e+02 3.53619568e+02 2.16140167e+02
    1.86491547e+02 2.89417389e+02 2.44221390e+02 -5.59037998e-02
    7.39431530e-02 -2.58547012e-02 2.18389694e+02 2.65949280e+02
    1.69562988e+02 2.42255020e+02 1.51457748e+02 2.46743256e+02
    -4.01329957e-02 -3.81108001e-02 3.91255692e-02 1.40519821e+02
    4.11911102e+02 2.81120026e+02 1.68257095e+02 2.26263351e+02
    2.87218819e+01 -1.31588727e-02 -4.30081487e-02 5.55112623e-02
    4.06307831e+02 2.01712723e+02 1.50656433e+02 2.45119446e+02
    1.09262520e+02 2.37730057e+02 -5.46973869e-02 5.35974167e-02
    -1.66910570e-02 2.88976624e+02 9.92284775e+01 2.24841736e+02
    3.76863678e+02 1.93797638e+02 4.00078674e+02 -5.36667965e-02
    -8.82596150e-02 1.01125687e-01 3.99717377e+02 2.41176178e+02
    4.54607544e+01 1.84143295e+02 3.81240295e+02 1.56131348e+02
    -5.74494675e-02 8.99644792e-02 -3.75933871e-02 2.72788788e+02
    4.65158936e+02 3.09039062e+02 1.90143784e+02 2.83025604e+02
    3.50382568e+02 -5.88882901e-02 5.86045943e-02 -6.15386665e-03
    2.20148514e+02 2.58811890e+02 4.36513733e+02 1.97626785e+02
    2.18946762e+02 2.37031387e+02 -3.18945572e-02 2.93479636e-02
    4.11349572e-02 2.90953003e+02 4.18229462e+02 1.42866348e+02
    4.69358368e+02 3.21971161e+02 1.69336807e+02 -5.66289946e-02
    8.12847614e-02 -3.13628502e-02 2.13815094e+02 2.94000854e+02
    4.82769196e+02 1.63469055e+02 2.15990265e+02 2.56107727e+02
    -6.01704307e-02 -8.98012966e-02 1.34024456e-01 8.33334579e+01
    2.51553818e+02 2.54025131e+02 4.67188690e+02 3.15009949e+02
    2.21159744e+02 -5.91201521e-03 -4.22228277e-02 5.38907796e-02
    3.94966644e+02 1.84148163e+02 4.10431458e+02 2.80480164e+02
    1.44830261e+02 1.07208427e+02 -3.27109396e-02 3.98838520e-02
    4.27900106e-02 2.37880173e+02 3.69189972e+02 2.60399292e+02
    8.27914734e+01 2.23222885e+02 2.36107880e+02 -7.25205615e-03
    6.74131699e-03 5.15453443e-02 4.12093201e+02 2.67021118e+02
    3.53853363e+02 2.59419373e+02 4.64231781e+02 3.04939453e+02
    8.44862498e-03 3.34099531e-02 5.28398864e-02 2.14356476e+02
    4.18872711e+02 1.51089722e+02 1.06318283e+02 2.63974342e+01
    2.22238174e+02 1.41136460e-02 7.42436294e-03 5.06420583e-02
    3.13832520e+02 2.34805817e+02 5.99894409e+02 2.42634262e+02
    3.68032349e+02 3.04835907e+02 -3.10922358e-02 2.77799889e-02
    4.17505950e-02 2.50381287e+02 3.48674774e+02 1.71141953e+02
    9.09366608e+01 2.26723358e+02 3.94580231e+02 -5.55119887e-02
    6.91103637e-02 -2.28784792e-02 4.06387939e+02 1.94275116e+02
    4.88045593e+02 1.92744171e+02 4.22262939e+02 2.02382446e+02
    -2.40770578e-02 -7.49218166e-02 5.41260205e-02 2.33661087e+02
    3.94977539e+02 2.08332840e+02 3.56962738e+02 1.84373520e+02
    3.77302277e+02 -5.50261699e-03 -2.65431982e-02 5.40602989e-02
    2.21477966e+02 2.46822647e+02 3.57760376e+02 1.80274780e+02
    3.15313019e+02 2.11999863e+02 -8.59086588e-03 -2.40326077e-02
    5.27811386e-02 2.26131012e+02 1.79044983e+02 2.50295700e+02
    3.82957916e+02 1.72869843e+02 3.25333527e+02 1.97351165e-02
    3.17164995e-02 5.04653268e-02 3.92273621e+02 1.02850784e+02
    1.89579025e+02 2.14203949e+02 1.64095047e+02 2.09243713e+02
    -1.80140249e-02 -3.61951925e-02 5.17858043e-02 3.32282623e+02
    2.90950653e+02 2.16506683e+02 3.97464874e+02 1.90879593e+02
    4.39154144e+02 -3.09672747e-02 -3.19473110e-02 4.51448224e-02
    2.40523544e+02 2.09877136e+02 4.09725800e+02 2.96484894e+02
    7.37295303e+01 1.85626740e+02 -9.37449373e-03 -2.13050768e-02
    5.24565279e-02 1.55782074e+02 3.06415222e+02 2.09780457e+02
    4.07271393e+02 2.96702606e+02 2.48122620e+02 5.09106554e-02
    -2.66501624e-02 3.52514423e-02 4.34573853e+02 1.36729309e+02
    4.57050171e+02 3.45130524e+02 4.53941528e+02 1.47984467e+02
    1.46503542e-02 -4.78258170e-02 5.44287115e-02 2.00072281e+02
    2.79910400e+02 2.72327911e+02 4.84254608e+02 1.61288513e+02
    4.08672791e+02 4.11228761e-02 -3.37404869e-02 4.70862538e-02
    4.32172791e+02 1.76920288e+02 2.42026230e+02 2.60974915e+02
