<?xml version="1.0"?>
<opencv_storage>
<keypoint2d002 type_id="opencv-matrix">
  <rows>366</rows>
  <cols>1</cols>
  <dt>"2f"</dt>
  <data>
    4.34070374e+02 1.87677338e+02 4.27054626e+02 1.93734009e+02
    4.37831848e+02 1.90924927e+02 4.27598877e+02 1.84889297e+02
    3.56737640e+02 1.96717026e+02 4.14249084e+02 1.81397034e+02
    4.15408203e+02 1.82575668e+02 3.89710358e+02 1.81963837e+02
    3.53013000e+02 2.07867966e+02 3.81359589e+02 2.00918625e+02
    4.11824097e+02 1.97932724e+02 3.92178833e+02 3.12938812e+02
    4.17079132e+02 2.30197113e+02 4.11258301e+02 2.46140121e+02
    3.78874481e+02 2.93144745e+02 3.73973297e+02 1.81496048e+02
    3.83168945e+02 1.77255997e+02 4.11930054e+02 1.95160248e+02
    3.93530853e+02 3.11144592e+02 4.11911102e+02 2.81120026e+02
    3.92540039e+02 2.71416595e+02 4.06307831e+02 2.01712723e+02
    4.65194794e+02 2.88976624e+02 3.76863678e+02 1.93797638e+02
    4.00078674e+02 2.74162964e+02 3.99717377e+02 2.41176178e+02
    3.81240295e+02 1.56131348e+02 4.65158936e+02 3.09039062e+02
    4.36513733e+02 1.97626785e+02 4.00675079e+02 1.85429993e+02
    4.63457306e+02 2.90953003e+02 4.18229462e+02 1.42866348e+02
    4.69358368e+02 3.21971161e+02 4.60316162e+02 2.99635803e+02
    4.12909393e+02 2.68856232e+02 4.67188690e+02 3.15009949e+02
    3.98803162e+02 1.43077759e+02 3.94966644e+02 1.84148163e+02
    4.10431458e+02 2.80480164e+02 3.88307037e+02 2.37880173e+02
    3.69189972e+02 2.60399292e+02 3.70503937e+02 2.31451538e+02
    4.12093201e+02 2.67021118e+02 4.64231781e+02 3.04939453e+02
    4.18872711e+02 1.51089722e+02 3.91395416e+02 2.01534256e+02
    3.94580231e+02 2.05118301e+02 3.61870300e+02 2.54395676e+02
    4.06387939e+02 1.94275116e+02 4.22262939e+02 2.02382446e+02
    3.94977539e+02 2.08332840e+02 3.56962738e+02 1.84373520e+02
    3.77302277e+02 1.72348038e+02 3.57760376e+02 1.80274780e+02
    3.82957916e+02 1.72869843e+02 3.74612518e+02 1.49531570e+02
    4.72753845e+02 3.32282623e+02 3.97464874e+02 1.90879593e+02
    4.39154144e+02 2.97311615e+02 4.09725800e+02 2.96484894e+02
    3.82741974e+02 2.28566483e+02 4.07271393e+02 2.96702606e+02
    4.57050171e+02 3.45130524e+02 4.36953644e+02 2.00072281e+02
    4.08672791e+02 2.75187195e+02 4.32172791e+02 1.76920288e+02
    3.72649963e+02 2.32836090e+02 3.98330414e+02 1.66276031e+02
    3.71198669e+02 1.65265182e+02 3.69310974e+02 2.30464142e+02
    3.98245331e+02 1.68922256e+02 3.86697144e+02 2.27952957e+02
    4.06186432e+02 1.73895020e+02 4.26427368e+02 2.03098846e+02
    4.05247284e+02 1.47995941e+02 3.80336243e+02 1.47484024e+02
    4.39950104e+02 1.45456192e+02 4.35173248e+02 2.00754425e+02
    3.93789734e+02 2.67911682e+02 3.86559540e+02 3.11323730e+02
    3.97751953e+02 2.90643738e+02 3.71588745e+02 2.61289948e+02
    3.84190643e+02 3.05705475e+02 4.04009552e+02 3.11292969e+02
    3.70623291e+02 2.15426865e+02 3.88372833e+02 1.46397919e+02
    3.73449524e+02 2.29723877e+02 3.64718719e+02 2.29416870e+02
    3.98417236e+02 2.16952179e+02 4.22048737e+02 2.87476166e+02
    3.65853790e+02 2.02426453e+02 3.83784271e+02 2.37222260e+02
    4.17302734e+02 2.17122467e+02 4.33990967e+02 1.73040359e+02
    4.03240143e+02 1.64660263e+02 3.97735382e+02 3.15736603e+02
    4.13862091e+02 2.91153992e+02 3.72412201e+02 3.05178223e+02
    4.02543182e+02 2.45895355e+02 4.19242340e+02 2.70747894e+02
    4.52875793e+02 1.55705902e+02 3.81371643e+02 2.92207581e+02
    4.21461945e+02 1.92619080e+02 4.11207977e+02 2.07900238e+02
    3.82858154e+02 2.39964966e+02 4.29819824e+02 1.99289291e+02
    4.34853943e+02 1.74539505e+02 3.81232269e+02 2.95750641e+02
    3.95197754e+02 2.02165497e+02 4.29314819e+02 3.54278381e+02
    4.05051575e+02 3.25850983e+02 3.78852753e+02 3.14098846e+02
    4.36882202e+02 1.44824753e+02 3.72412018e+02 2.06262207e+02
    3.77855530e+02 2.51262817e+02 4.13423340e+02 3.14720856e+02
    4.16698334e+02 1.46032074e+02 4.03436615e+02 2.87812103e+02
    4.38739319e+02 3.13386078e+02 3.68748535e+02 2.69006836e+02
    3.76735077e+02 2.26824799e+02 4.47120392e+02 3.16382416e+02
    4.50178040e+02 3.08847504e+02 4.30931641e+02 1.93282852e+02
    3.79407074e+02 2.50772858e+02 4.09027985e+02 3.12943420e+02
    3.96420135e+02 1.75285706e+02 3.96401367e+02 3.24057343e+02
    4.09927307e+02 3.00069550e+02 4.27691742e+02 3.30873871e+02
    4.03045471e+02 2.31877991e+02 3.97601074e+02 2.31547913e+02
    4.03841980e+02 3.28803467e+02 4.09891602e+02 2.17966980e+02
    3.99941467e+02 2.30805191e+02 3.68573151e+02 1.97833572e+02
    4.17262115e+02 1.72280090e+02 4.13818695e+02 2.17699097e+02
    4.11392792e+02 3.14279175e+02 4.23071259e+02 2.57744995e+02
    4.08954315e+02 1.61949142e+02 4.39325439e+02 3.13986664e+02
    4.14715759e+02 1.64584274e+02 4.14203308e+02 2.24583496e+02
    3.83723572e+02 1.70130142e+02 3.68558624e+02 2.02355072e+02
    3.94552765e+02 2.40016998e+02 4.35253113e+02 1.48352249e+02
    3.74980377e+02 2.98787964e+02 3.82626099e+02 2.48773956e+02
    4.26032104e+02 2.97011597e+02 4.16619049e+02 2.91620331e+02
    3.80980133e+02 3.14566437e+02 3.73887177e+02 3.12151154e+02
    4.28079773e+02 3.34862061e+02 3.92885986e+02 1.85987366e+02
    4.69373627e+02 2.59297150e+02 4.46869019e+02 2.97766693e+02
    3.80170349e+02 1.84787521e+02 4.25759918e+02 2.16600159e+02
    4.37288269e+02 3.28842957e+02 3.74691559e+02 2.17628387e+02
    4.17403046e+02 2.06501938e+02 3.65108002e+02 1.97939697e+02
    4.16416199e+02 2.03938065e+02 3.77274170e+02 2.39325043e+02
    3.88741760e+02 1.68824341e+02 4.18848236e+02 2.36680786e+02
    4.47505951e+02 1.54517822e+02 4.23062805e+02 2.71963959e+02
    3.76286011e+02 3.04030975e+02 4.15111542e+02 2.97113495e+02
    3.73081024e+02 2.45343567e+02 3.74589447e+02 1.89675110e+02
    3.64920929e+02 1.62685654e+02 4.05230438e+02 3.32695496e+02
    4.13985901e+02 2.22817978e+02 4.09136047e+02 1.90280441e+02
    3.83628876e+02 2.62092590e+02 3.63958374e+02 1.58680161e+02
    4.16489807e+02 3.79695892e+02 4.24561218e+02 1.70447342e+02
    3.77974548e+02 2.86366180e+02 4.05683105e+02 2.54923279e+02
    3.99927795e+02 2.53943924e+02 4.26947906e+02 2.80379028e+02
    4.33835938e+02 1.54949921e+02 4.19416565e+02 3.31823151e+02
    3.96674835e+02 3.30956879e+02 4.00288879e+02 2.99456909e+02
    4.36110870e+02 3.31314423e+02 3.58966461e+02 2.31795334e+02
    4.01237854e+02 2.53477936e+02 4.64956543e+02 2.83216156e+02
    4.21487366e+02 2.62948730e+02 4.21374573e+02 1.50533966e+02
    3.95872955e+02 3.27033875e+02 3.97631805e+02 1.55902435e+02
    4.68637451e+02 2.68683899e+02 3.95688202e+02 3.32133728e+02
    4.12445770e+02 3.05022888e+02 4.34528107e+02 3.44946899e+02
    4.69582031e+02 2.37294510e+02 4.19701080e+02 3.71036194e+02
    4.47105804e+02 2.95057434e+02 3.80398407e+02 2.86748444e+02
    3.97998840e+02 3.43997375e+02 3.98781738e+02 2.60866364e+02
    4.05532257e+02 3.33909271e+02 4.05407288e+02 2.30810684e+02
    4.79389740e+02 2.96660126e+02 4.27834869e+02 3.15375336e+02
    3.84802460e+02 2.19523148e+02 3.71570587e+02 1.85573685e+02
    4.35974762e+02 1.52598755e+02 4.19715729e+02 2.22022827e+02
    4.10027466e+02 2.07910080e+02 4.00147522e+02 2.06962997e+02
    3.90597260e+02 1.57901367e+02 4.02821960e+02 2.66954071e+02
    3.93803802e+02 2.22054840e+02 4.11446381e+02 2.12356430e+02
    4.62619110e+02 3.62503662e+02 4.17939087e+02 2.54699432e+02
    3.74368958e+02 2.75253326e+02 3.82520935e+02 1.83925308e+02
    4.52358307e+02 1.93156128e+02 4.24339844e+02 2.31929642e+02
    3.91081299e+02 3.31057068e+02 4.53177917e+02 2.49535767e+02
    4.41508606e+02 1.51782700e+02 4.40197754e+02 1.74571274e+02
    4.41704315e+02 1.50483002e+02 4.47917877e+02 2.42393082e+02
    3.92528076e+02 3.23112457e+02 4.69388519e+02 2.92905762e+02
    4.13663788e+02 3.01910553e+02 3.97036469e+02 3.01318420e+02
    3.76936584e+02 2.77673950e+02 3.53179443e+02 2.03663086e+02
    4.33644409e+02 1.56335220e+02 3.67965149e+02 2.73854095e+02
    3.94755249e+02 2.24950073e+02 3.75217102e+02 2.76853485e+02
