<?xml version="1.0"?>
<opencv_storage>
<keypoint3d003 type_id="opencv-matrix">
  <rows>266</rows>
  <cols>3</cols>
  <dt>"3f"</dt>
  <data>
    -2.36479156e-02 -6.10826127e-02 -7.89235607e-02 9.28762485e-04
    -7.82348739e-04 2.31347675e-03 5.53404214e-04 6.72727474e-04
    8.52038935e-02 -3.45372185e-02 -7.98444003e-02 -1.36441439e-01
    1.25726545e-03 3.49000562e-03 -9.84268496e-04 2.47997255e-03
    -2.63025344e-04 8.62338289e-04 -1.73167326e-02 -5.01706488e-02
    -6.29356056e-02 2.87134520e-04 1.06763204e-04 3.44619679e-04
    -7.20192329e-05 1.14399393e-03 2.55422870e-04 -2.26611272e-02
    -6.01200871e-02 -8.13058093e-02 7.13851623e-05 1.60974893e-03
    5.24441525e-03 7.89494906e-03 8.57683644e-03 8.90448317e-03
    -2.58520488e-02 -9.02502239e-03 -4.57716361e-02 3.39088938e-03
    2.91656464e-01 4.07357901e-01 2.34901622e-01 3.39317203e-01
    9.35394596e-03 -3.74625996e-02 5.36425635e-02 -4.08219025e-02
    -3.50137125e-04 2.63627199e-03 2.92039185e-04 2.88488693e-03
    -7.00245437e-04 1.95057213e-03 -3.27352881e-02 6.66884482e-02
    -4.81904894e-02 6.31356612e-04 1.30461747e-04 6.18274731e-04
    -3.80056736e-04 3.16063873e-03 4.63692377e-05 -3.30926292e-02
    3.28543372e-02 -4.26318385e-02 1.21081974e-02 1.21081974e-02
    1.76845994e-02 3.45529988e-02 2.93664588e-03 2.93664588e-03
    -1.69986002e-02 -4.29279953e-02 -6.33509010e-02 1.81984887e-01
    1.93803217e-02 2.65699662e-02 1.29030216e-02 3.89464907e-02
    -1.93444372e-03 -2.46305559e-02 3.64966467e-02 -4.92572524e-02
    5.91322721e-04 1.49011775e-03 1.51395367e-03 3.49562964e-03
    1.44609206e-04 1.63131102e-04 -5.54903522e-02 4.38086241e-02
    2.27149855e-02 2.60877481e-04 2.49011409e-05 3.06645743e-05
    1.83323026e-03 1.85224647e-03 8.29437166e-04 -2.78623551e-02
    3.71549204e-02 -4.88317907e-02 9.50807771e-06 9.50807771e-06
    7.95942619e-02 8.82341191e-02 -3.22507811e-03 1.37344161e-02
    -2.68069040e-02 3.56710702e-02 -4.89707291e-02 4.24779765e-03
    -1.56713468e-05 1.49501779e-04 -7.76503293e-05 7.48752675e-04
    -1.55947389e-04 -3.05280555e-02 -3.99270467e-03 -4.21837159e-02
    7.39885589e-43 0. 7.39885589e-43 0. -3.31359007e-03 3.40367644e-03
    -3.63225862e-02 3.58441472e-03 -3.81662883e-02 1.78165559e-04
    1.21067022e-03 1.33289606e-03 3.90173122e-02 4.12653089e-02
    3.27084884e-02 -6.16712570e-02 5.09574972e-02 1.28720831e-02
    7.31526176e-04 7.31526176e-04 1.50445336e-02 1.68258287e-02
    9.46702808e-03 1.93260517e-02 -2.39989609e-02 5.11135571e-02
    -4.93406206e-02 8.91443982e-04 -1.97699782e-03 1.97699782e-03
    -1.01674499e-03 1.01674499e-03 0. -4.36417945e-02 3.59046180e-03
    -3.06546297e-02 -7.78106367e-03 8.63819011e-03 -6.47211797e-04
    1.52680166e-02 -2.91645899e-03 2.99388054e-03 -2.55237538e-02
    6.28118962e-02 -5.58603108e-02 4.31211829e-01 5.75691871e-02
    7.55963922e-02 3.03492006e-02 3.36658172e-02 3.81374569e-03
    -2.43067741e-02 2.63260640e-02 -4.62712571e-02 -9.30115134e-02
    2.75811166e-01 -1.64845958e-02 1.83385350e-02 -1.23021275e-01
    1.23021275e-01 -1.33858360e-02 6.63016587e-02 -6.18840903e-02
    1.28753353e-02 -2.68458994e-03 2.68458994e-03 -4.68252860e-02
    4.68252860e-02 3.16874706e-04 -6.55723661e-02 6.32786751e-02
    2.22902372e-02 -3.11158993e-03 3.67765874e-03 -8.11287144e-04
    8.11287144e-04 1.42765522e-01 1.69669941e-01 6.28408045e-03
    5.21423705e-02 -5.37365153e-02 2.03962438e-02 1.10196101e-03
    5.97748812e-03 -8.04027636e-03 5.30705340e-02 -2.76647210e-01
    2.02570520e-02 5.35256118e-02 -5.91037720e-02 -1.22202903e-01
    1.23939395e-01 8.14925821e-04 8.14925821e-04 -5.54965343e-03
    6.80846907e-03 -3.76786850e-02 -4.11798432e-03 -3.63992676e-02
    1.46090928e-02 9.79287652e-05 1.04181345e-04 1.63092022e-03
    1.63092022e-03 -4.69298742e-04 -2.56337170e-02 3.11489180e-02
    -4.57216352e-02 4.88939323e-02 5.39922006e-02 1.18393060e-02
    1.19136823e-02 3.06412531e-03 4.81280684e-03 3.50660947e-03
    5.16987368e-02 -5.48869818e-02 4.71198782e-02 -9.37321037e-03
    1.00746416e-02 1.30292785e-03 2.00435892e-03 6.20589033e-03
    -3.48049030e-02 -1.02944411e-02 -4.01445925e-02 6.16294255e-06
    6.16294255e-06 7.74291926e-04 8.22365691e-04 2.58513057e-04
    2.58513057e-04 -2.25642137e-02 3.14616151e-02 -4.95293476e-02 0.
    -3.02558416e-03 3.11611919e-03 -1.94500913e-04 2.21354698e-04
    1.36587059e-05 -2.89493427e-02 3.06983329e-02 -4.43482250e-02
    2.48901127e-03 3.94017994e-02 4.95900176e-02 5.50203435e-02
    -6.15853118e-03 9.26901866e-03 -6.23543561e-03 7.30386153e-02
    -7.03937560e-02 2.70384662e-02 -1.02680158e-02 1.35908183e-02
    1.19957316e-03 2.61715380e-03 3.58642638e-03 -2.06792317e-02
    4.51216362e-02 -4.97777015e-02 1.83179218e-04 8.05831421e-03
    -2.89852906e-04 3.44385917e-04 1.54361641e-03 1.80548464e-03
    -4.81409356e-02 4.36022244e-02 -2.86687501e-02 2.54226639e-03
    8.18972985e-05 6.72419614e-04 7.56607857e-04 1.65535475e-03
    7.99088106e-02 -7.65102450e-05 6.37455583e-02 -6.56677634e-02
    -2.10173558e-02 5.89949340e-02 7.25181634e-03 2.65710894e-02
    -1.00824229e-01 1.42562166e-01 -1.24281375e-02 7.85272494e-02
    -6.14873841e-02 1.65158082e-02 8.90002027e-03 1.88578777e-02
    -7.53581673e-02 1.03228495e-01 -6.06428795e-02 -1.16216205e-02
    6.31221458e-02 -6.11533299e-02 4.18281183e-03 1.35624968e-02
    -1.07158232e-03 1.76215102e-03 -1.15556980e-03 1.54063024e-03
    -4.57286760e-02 -1.46880392e-02 -5.14329113e-02 1.67271192e-03
    7.63948411e-02 2.87262857e-01 3.25718313e-01 4.73556757e-01
    -3.00035980e-02 -4.85266931e-02 5.94558865e-02 -3.62386927e-02
    -2.20240112e-02 5.21371849e-02 -3.77320461e-02 1.02122769e-01
    -1.03250646e-03 5.05976006e-03 3.36086727e-04 6.75239339e-02
    -5.62002622e-02 1.32387951e-01 -6.30186498e-02 7.50924721e-02
    5.11143182e-04 4.01314953e-03 5.77076199e-03 -5.05389199e-02
    6.19672760e-02 -3.54052037e-02 -1.07293497e-04 3.08366114e-04
    -1.04262253e-04 2.32997132e-04 7.08310617e-05 2.06551282e-04
    2.75452924e-03 6.52784407e-02 -6.34954348e-02 2.75067240e-02
    1.03846041e-03 5.46269258e-03 -9.86497500e-04 4.28054808e-03
    -4.18778975e-03 -2.54931357e-02 -3.44631188e-02 -5.22802584e-02
    -4.09392174e-04 9.22806154e-04 -3.46681831e-04 2.69447081e-03
    -1.39920386e-02 1.75723769e-02 -2.55518071e-02 2.29997337e-02
    -4.57555652e-02 8.85895512e-04 -8.09116813e-04 1.72579917e-03
    2.21965677e-42 0. 7.39885589e-43 -3.82817835e-02 -1.76056717e-02
    -4.35951427e-02 -2.24299426e-03 2.27097305e-03 7.22187178e-05
    9.22034887e-05 4.28554660e-04 1.02475169e-03 -5.05557656e-02
    3.32795307e-02 -1.96170881e-02 1.72362651e-03 -7.14193797e-04
    2.06920295e-03 1.86686026e-04 2.47570919e-04 1.63459070e-02
    1.01649724e-02 6.38526902e-02 -5.78087866e-02 -1.59817084e-03
    7.37554999e-03 -5.92173019e-04 2.02733441e-03 -4.91201587e-04
    1.67656713e-03 -1.63773205e-02 7.38225132e-02 -6.31232113e-02
    1.08425222e-04 -6.41617862e-06 2.24414063e-04 -1.00070305e-01
    1.01834692e-01 -1.49640329e-02 -6.62381807e-03 6.76124543e-02
    -5.90831339e-02 6.76368037e-03 7.71071296e-03 4.77763475e-04
    6.34622620e-03 3.81211750e-02 4.30623963e-02 -2.48887371e-02
    -1.46888569e-03 -4.65108268e-02 3.27247474e-03 2.93126374e-01
    4.31622297e-01 1.53918862e-01 3.92644197e-01 -9.63992998e-03
    -2.00675298e-02 7.52093196e-02 -6.46517724e-02 -3.89698986e-03
    9.43579711e-03 -2.81357835e-03 6.57548429e-03 -1.57042977e-03
    2.96917115e-03 -5.27790934e-03 7.82539770e-02 -5.85256591e-02
    1.27249315e-01 -1.62890775e-03 1.62890775e-03 3.12183838e-04
    3.12183838e-04 1.16228079e-02 -1.86116900e-02 2.60463245e-02
    -5.00497073e-02 1.58138610e-02 2.03576684e-02 3.72994575e-03
    1.88590810e-02 6.10877248e-03 1.06525784e-02 -2.78570428e-02
    -4.39551026e-02 -6.87626824e-02 3.89418721e-01 -4.04732041e-02
    5.11398837e-02 1.16625074e-02 2.76053343e-02 -4.93349135e-03
    -3.96619551e-02 2.66526360e-03 -3.38144898e-02 -3.22864321e-03
