<?xml version="1.0"?>
<opencv_storage>
<pose001 type_id="opencv-matrix">
  <rows>4</rows>
  <cols>4</cols>
  <dt>f</dt>
  <data>
    9.94101942e-01 3.90750244e-02 1.01165675e-01 6.51162525e-04
    -1.08714662e-02 9.64041114e-01 -2.65530616e-01 5.11444034e-03
    -1.07903488e-01 2.62864679e-01 9.58779931e-01 4.28650707e-01 0. 0.
    0. 1.</data></pose001>
</opencv_storage>
