<?xml version="1.0"?>
<opencv_storage>
<pose003 type_id="opencv-matrix">
  <rows>4</rows>
  <cols>4</cols>
  <dt>f</dt>
  <data>
    9.39065516e-01 2.53228337e-01 -2.32446536e-01 1.19176609e-02
    -3.31413865e-01 8.46448898e-01 -4.16760296e-01 -3.81379314e-02
    9.12185833e-02 4.68401194e-01 8.78794312e-01 5.40922105e-01 0. 0. 0.
    1.</data></pose003>
</opencv_storage>
