<?xml version="1.0"?>
<opencv_storage>
<pose002 type_id="opencv-matrix">
  <rows>4</rows>
  <cols>4</cols>
  <dt>f</dt>
  <data>
    -7.09411323e-01 -1.34141982e-01 -6.91911459e-01 9.21995193e-02
    -3.02193314e-01 9.44793344e-01 1.26667827e-01 -1.69758946e-02
    6.36721849e-01 2.98950613e-01 -7.10783899e-01 5.73080301e-01 0. 0.
    0. 1.</data></pose002>
</opencv_storage>
