<?xml version="1.0"?>
<opencv_storage>
<keypoint2d002 type_id="opencv-matrix">
  <rows>461</rows>
  <cols>1</cols>
  <dt>"2f"</dt>
  <data>
    3.77097321e+02 2.65759460e+02 3.82248383e+02 2.72373413e+02
    2.60497528e+02 3.15850647e+02 3.56216461e+02 3.04827209e+02
    2.67031219e+02 2.96196167e+02 3.97714264e+02 3.06602844e+02
    3.75277344e+02 3.08330109e+02 1.82838089e+02 3.37511200e+02
    3.51123718e+02 2.83671417e+02 2.80937836e+02 3.32261017e+02
    3.64059875e+02 2.77939331e+02 3.83206573e+02 3.07049133e+02
    1.76253525e+02 3.44771301e+02 3.07522888e+02 2.96310425e+02
    3.77436798e+02 2.88777130e+02 3.06863312e+02 3.18945068e+02
    3.80817841e+02 2.70371582e+02 2.73094360e+02 2.89576416e+02
    2.50790344e+02 3.16975372e+02 3.50116943e+02 3.37781189e+02
    3.08811768e+02 2.82868317e+02 1.75360565e+02 1.66530273e+02
    3.61262817e+02 2.97411285e+02 3.90711182e+02 3.11500000e+02
    2.71674835e+02 2.89947327e+02 3.67196014e+02 3.05151611e+02
    3.21520996e+02 3.40100281e+02 3.28331696e+02 1.71108978e+02
    2.56323456e+02 3.05046570e+02 3.27622498e+02 3.44210999e+02
    3.45756348e+02 2.97649017e+02 3.29431000e+02 3.26302673e+02
    3.28087494e+02 3.01705078e+02 3.04248840e+02 3.05923767e+02
    3.91278595e+02 2.71824677e+02 3.23651062e+02 2.90666779e+02
    3.67853851e+02 3.07570038e+02 3.25134460e+02 2.88378571e+02
    3.17222687e+02 1.79423981e+02 3.90963776e+02 2.97353851e+02
    2.69451294e+02 3.03916809e+02 2.84892303e+02 2.37830521e+02
    3.15109955e+02 1.80284210e+02 1.84076248e+02 1.36925522e+02
    3.87603180e+02 2.80266266e+02 2.98764343e+02 2.84687256e+02
    2.30110657e+02 2.09584702e+02 2.94964081e+02 1.67578461e+02
    3.45317627e+02 1.51209549e+02 2.97106567e+02 3.04798859e+02
    3.09446381e+02 2.75466034e+02 3.95187927e+02 2.97612885e+02
    3.26084869e+02 2.08899048e+02 3.98844208e+02 3.22422577e+02
    2.30904312e+02 1.98554855e+02 2.84731110e+02 2.34896133e+02
    1.74490692e+02 1.50039688e+02 2.60856537e+02 2.07602432e+02
    2.77122009e+02 2.33417953e+02 1.75724045e+02 1.48401764e+02
    3.10400940e+02 2.37497040e+02 3.46632446e+02 2.27781998e+02
    2.28618011e+02 1.75618988e+02 3.36382843e+02 2.83110229e+02
    2.57050812e+02 2.56478760e+02 2.80368805e+02 3.28868317e+02
    2.96871246e+02 1.89698471e+02 3.68350952e+02 2.88037384e+02
    3.08760559e+02 2.10219940e+02 2.60725800e+02 1.89682404e+02
    3.63211792e+02 2.37105881e+02 3.05108154e+02 2.20201431e+02
    1.77246674e+02 1.44805069e+02 3.57146820e+02 3.41287964e+02
    3.21423309e+02 3.31504089e+02 2.86516327e+02 2.86971741e+02
    3.34895447e+02 3.32421631e+02 2.91249023e+02 1.82231079e+02
    2.74368042e+02 3.48596741e+02 2.91738800e+02 3.29794128e+02
    3.71044281e+02 2.95633606e+02 2.18656631e+02 1.56705566e+02
    4.02579071e+02 3.33060303e+02 2.76488159e+02 1.77895126e+02
    3.07268433e+02 2.35933548e+02 3.98407715e+02 2.85166748e+02
    3.37172852e+02 3.41600220e+02 2.84762573e+02 2.33340515e+02
    3.25818085e+02 2.77069244e+02 2.90617065e+02 2.97989868e+02
    2.93914368e+02 3.27699738e+02 2.94854797e+02 2.58498077e+02
    1.72840302e+02 2.13670364e+02 3.62238403e+02 3.23481171e+02
    2.39760269e+02 3.41745300e+02 2.69351837e+02 3.46906738e+02
    3.04416779e+02 1.68065186e+02 2.84806335e+02 2.84072968e+02
    2.70178467e+02 1.87989853e+02 3.96452118e+02 2.60697357e+02
    2.80917480e+02 2.92700439e+02 3.46202759e+02 2.05978485e+02
    2.82010101e+02 3.42131531e+02 2.77242249e+02 1.94255737e+02
    3.30655121e+02 2.27829437e+02 1.75674500e+02 2.14070374e+02
    3.31779663e+02 2.04075363e+02 3.41548676e+02 3.12731262e+02
    2.84394348e+02 3.27191406e+02 3.30082825e+02 2.26218048e+02
    3.96286041e+02 3.25136780e+02 2.51013580e+02 2.36843231e+02
    3.58298553e+02 3.24444580e+02 2.55302353e+02 1.99174927e+02
    3.03508942e+02 2.82078644e+02 2.60463226e+02 3.17004852e+02
    3.74064728e+02 3.25540741e+02 3.90001160e+02 2.41889038e+02
    3.51188660e+02 3.17481384e+02 2.79917328e+02 3.50186737e+02
    2.36103821e+02 2.02901291e+02 3.68983612e+02 2.58431091e+02
    3.69762970e+02 2.51411880e+02 3.35438293e+02 2.80684967e+02
    2.97445526e+02 2.26139008e+02 2.61549316e+02 1.70225342e+02
    3.37818146e+02 3.32773499e+02 2.58462921e+02 2.79060547e+02
    2.89750885e+02 3.33303192e+02 2.55439606e+02 2.79983337e+02
    3.87331421e+02 3.18155701e+02 2.26049728e+02 2.38809937e+02
    3.93327087e+02 2.58699738e+02 4.03767700e+02 2.54742661e+02
    2.85438873e+02 3.39952148e+02 3.15451874e+02 3.44199890e+02
    3.33876617e+02 2.24655457e+02 3.36905609e+02 2.01031769e+02
    3.69908539e+02 2.55071747e+02 3.80637329e+02 3.21111511e+02
    3.93215088e+02 2.90664307e+02 2.69016815e+02 2.52989426e+02
    2.68464447e+02 3.33791992e+02 2.55299774e+02 2.38385406e+02
    2.36162872e+02 2.83929596e+02 2.99537933e+02 2.50083252e+02
    3.06996033e+02 2.55612488e+02 3.53817413e+02 1.39942673e+02
    4.03573700e+02 2.48690292e+02 2.99183929e+02 1.78615005e+02
    3.67039459e+02 3.48731750e+02 3.14804688e+02 2.58757294e+02
    2.81211853e+02 2.55965012e+02 2.81242615e+02 1.86584198e+02
    3.98513916e+02 3.38928192e+02 3.57993042e+02 2.93151001e+02
    2.51239746e+02 3.44351685e+02 4.02186768e+02 2.51883316e+02
    2.70912445e+02 1.65609543e+02 2.90610474e+02 1.94101059e+02
    3.21021423e+02 2.27996536e+02 3.32623535e+02 3.10946198e+02
    2.25764893e+02 1.87796219e+02 3.95445404e+02 3.22155701e+02
    2.78635803e+02 2.76470734e+02 2.46532272e+02 2.80565765e+02
    3.09298798e+02 2.60378998e+02 3.43746826e+02 3.32163910e+02
    2.81850708e+02 3.04247314e+02 3.77881256e+02 3.48635498e+02
    3.20479797e+02 2.36273087e+02 2.76280151e+02 2.77580353e+02
    3.41251068e+02 2.82637878e+02 2.57481934e+02 2.36870636e+02
    3.44792877e+02 1.85312988e+02 3.87173798e+02 3.46289185e+02
    3.52638275e+02 2.65323029e+02 4.01041656e+02 2.76772858e+02
    3.13479645e+02 3.42742279e+02 2.92814209e+02 2.34668488e+02
    3.00284668e+02 2.37920532e+02 3.02256897e+02 1.52394089e+02
    2.98705078e+02 2.59002563e+02 3.68468933e+02 3.50356415e+02
    2.89727936e+02 2.02411758e+02 3.14738464e+02 2.55279282e+02
    3.32237518e+02 1.89092392e+02 2.79895569e+02 2.50067368e+02
    2.87782349e+02 1.54887772e+02 2.78915771e+02 2.87182678e+02
    3.06682465e+02 2.64198730e+02 3.45750031e+02 3.45579834e+02
    3.13830414e+02 2.50123520e+02 2.55937668e+02 1.71374588e+02
    2.90901550e+02 3.49889923e+02 3.31664917e+02 1.90222000e+02
    3.02039948e+02 2.60842133e+02 3.94308228e+02 2.48046524e+02
    2.94066162e+02 2.11508194e+02 2.21827576e+02 2.29677902e+02
    3.40538910e+02 2.31298904e+02 2.99940369e+02 2.76998077e+02
    3.07979065e+02 3.27499451e+02 3.32261230e+02 1.92751266e+02
    2.85000122e+02 3.02283386e+02 3.67841248e+02 2.46912613e+02
    3.25965607e+02 1.51253296e+02 2.80550995e+02 3.17906677e+02
    3.54664093e+02 2.39737137e+02 2.06423553e+02 3.19782043e+02
    3.94249023e+02 2.52770477e+02 2.22198578e+02 1.87157700e+02
    3.86336945e+02 3.22156372e+02 2.67290924e+02 2.49765640e+02
    3.40378662e+02 1.70345840e+02 3.04436371e+02 3.27012695e+02
    2.81845093e+02 2.69199341e+02 3.44693451e+02 2.14325745e+02
    3.81856506e+02 3.40037323e+02 3.32829742e+02 1.86091171e+02
    2.14637741e+02 2.76664917e+02 3.66509735e+02 3.39852631e+02
    2.88215942e+02 1.59627625e+02 2.89917908e+02 2.55978638e+02
    2.78481842e+02 3.04237244e+02 3.78216003e+02 2.88413208e+02
    3.46370453e+02 3.50377472e+02 2.80370575e+02 2.53805847e+02
    3.72239288e+02 3.33679749e+02 3.40892731e+02 3.42487061e+02
    3.94500458e+02 2.58318909e+02 2.89685760e+02 2.60188751e+02
    2.65933594e+02 2.64939148e+02 3.36523468e+02 3.46199219e+02
    3.66126740e+02 3.46557587e+02 2.41388062e+02 1.78990219e+02
    2.31665466e+02 2.38829483e+02 1.71051498e+02 2.47048111e+02
    2.89907196e+02 3.39003296e+02 1.83960922e+02 3.33052582e+02
    2.82837463e+02 2.74961487e+02 2.81192352e+02 2.59161804e+02
    3.54497070e+02 3.45002869e+02 3.99163696e+02 2.79836365e+02
