<?xml version="1.0"?>
<opencv_storage>
<keypoint3d001 type_id="opencv-matrix">
  <rows>210</rows>
  <cols>3</cols>
  <dt>"3f"</dt>
  <data>
    -4.22506034e-02 -5.08601293e-02 -2.99999826e-02 8.11339449e-03
    2.43257522e-03 2.43257522e-03 -2.49096416e-02 2.49096416e-02
    1.58584341e-02 -4.88123111e-02 -6.08587191e-02 -2.99999658e-02
    1.77333597e-02 1.82833709e-02 -7.89477490e-03 1.54409269e-02
    -1.46285829e-03 2.04302184e-03 7.00000301e-02 1.00590989e-01
    2.69971155e-02 4.20254609e-03 7.28238514e-03 8.62250756e-03
    2.83113569e-02 5.30719906e-02 -1.44350827e-02 1.97306601e-03
    -5.65491691e-02 -2.99999285e-02 -5.40050969e-04 1.10730696e-02
    7.09943101e-02 7.23481178e-02 -1.61139727e-01 1.63885236e-01
    -4.55106720e-02 8.33779946e-02 -2.99999602e-02 1.76040351e-01
    -1.36846811e-01 1.43524870e-01 2.39450455e-01 2.60047644e-01
    -1.30972266e-01 4.41635922e-02 -6.21930622e-02 -2.99999546e-02
    -1.56764146e-02 1.56764146e-02 3.44375111e-02 3.86052392e-02
    -3.24726105e-02 3.24726105e-02 3.52574065e-02 -7.23970830e-02
    -2.99999528e-02 5.20045757e-02 -2.10709628e-02 2.10709628e-02
    1.59226954e-02 1.59226954e-02 -2.19849194e-03 6.43629730e-02
    -8.41077939e-02 -2.99999435e-02 -2.52198786e-01 2.52198786e-01 0. 0.
    -7.73445591e-02 7.73445591e-02 -6.48817234e-03 -5.74206337e-02
    -2.99999453e-02 3.07087541e-01 4.65152152e-02 5.41447587e-02
    -3.85455452e-02 4.01868001e-02 2.40826719e-02 -1.53254438e-02
    -6.57753944e-02 -2.99999528e-02 2.71448884e-02 3.14142928e-02
    -9.94688459e-03 9.94688459e-03 -1.14550011e-03 1.14550011e-03
    8.75730161e-03 -6.12843148e-02 -2.99999155e-02 2.02822080e-03
    7.74832879e-05 4.94038453e-04 -2.11493694e-04 2.02443488e-02
    -1.36980405e-02 -5.92821315e-02 9.05507058e-02 -2.99999490e-02
    -5.15329186e-04 1.64121166e-02 5.91976829e-02 5.96215129e-02
    -3.18474509e-02 3.39231528e-02 5.50431572e-02 4.90608290e-02
    -2.99999509e-02 2.39602588e-02 2.47092359e-03 3.10278591e-03
    -6.71291165e-03 6.71291165e-03 1.98595482e-03 7.19143078e-03
    -7.32824281e-02 -2.99999341e-02 7.39885589e-43 0. 7.39885589e-43 0.
    1.76578679e-03 1.94503902e-03 -6.20876923e-02 9.49402377e-02
    -3.00000049e-02 1.22329791e-03 -2.63164332e-03 2.70334422e-03
    1.46318683e-02 1.46318683e-02 1.25577422e-02 -4.28650156e-02
    -6.64243549e-02 -2.99999230e-02 0. 0. -1.03029693e-02 1.67398695e-02
    -4.67548929e-02 5.41591831e-02 -1.30734118e-02 7.66655505e-02
    -2.99999416e-02 3.67061198e-02 7.52390549e-03 7.98892416e-03
    -6.95051713e-05 8.54746177e-05 5.16571337e-03 -2.91757453e-02
    -6.25036508e-02 -2.99999397e-02 -4.89822170e-03 1.43592190e-02
    -9.15611070e-03 4.93269637e-02 -3.88090382e-03 1.17636016e-02
    -3.07138637e-02 -5.39593622e-02 -2.99999472e-02 6.95203468e-02
    -1.61131769e-02 1.86867446e-01 -8.76994878e-02 1.36972427e-01
    -1.84780881e-01 -2.93979459e-02 -6.07565530e-02 -2.99999788e-02
    -1.41552046e-01 1.52289957e-01 1.38006553e-01 1.51428953e-01
    -7.14454651e-02 9.59580168e-02 2.09471323e-02 -7.10297823e-02
    -2.99999565e-02 1.34371687e-02 -1.02178496e-03 2.06280611e-02
    1.11539671e-02 3.91350202e-02 -1.16953291e-02 -5.53195067e-02
    -3.82091329e-02 -2.99999416e-02 6.98985951e-03 3.61437537e-02
    5.53292548e-03 2.56228745e-02 -2.89707869e-01 3.83897960e-01
    4.80546914e-02 -6.64803758e-02 -2.99999565e-02 1.48888528e-01
    2.13738814e-01 2.35401258e-01 2.09962577e-01 2.14421883e-01
    9.76660177e-02 6.08410500e-02 -7.60904774e-02 -2.99999043e-02
    -6.57830574e-03 2.17399970e-02 4.98164864e-03 1.48172546e-02
    -2.12971512e-02 4.62882891e-02 4.24684919e-02 7.19926208e-02
    -2.99999453e-02 2.09680796e-02 -1.64434809e-04 1.64434809e-04
    -6.53503370e-03 6.53503370e-03 -4.52129370e-06 1.36290928e-02
    -6.00978807e-02 -2.99999360e-02 -1.38789124e-04 3.02638800e-04
    -5.00604147e-05 2.94446778e-02 -3.52185480e-02 3.52185480e-02
    -3.06188688e-02 -5.15025519e-02 -2.99999397e-02 2.21974161e-02
    2.36057173e-02 2.66630333e-02 7.49236846e-04 3.88829187e-02
    -1.45021977e-03 6.69468418e-02 7.26213604e-02 -2.99999882e-02
    -2.41633924e-03 3.39440070e-03 -1.72794890e-03 3.24789924e-03
    -1.02325086e-03 2.30848161e-03 4.75047417e-02 5.65005727e-02
    -2.99999695e-02 0. 5.67168742e-03 5.71837090e-03 5.78968972e-03
    5.81218628e-03 -1.84532764e-04 1.37823075e-02 6.69705942e-02
    -2.99999453e-02 -2.40680464e-02 4.58129719e-02 -3.20139155e-02
    5.25879264e-02 3.10089323e-04 1.78047479e-03 -4.80104052e-02
    -3.74245495e-02 -2.99999528e-02 5.15805781e-02 4.36935807e-03
    9.05077998e-03 2.43160743e-02 2.84817349e-02 2.90175696e-04
    2.08415855e-02 -6.80418983e-02 -2.99999304e-02 -3.47236893e-03
    3.47236893e-03 0. 0. 1.79418235e-03 2.48391554e-03 1.95464864e-02
    -6.44976050e-02 -2.99999379e-02 3.50945076e-04 1.44704804e-02
    1.48868002e-02 1.86142279e-04 2.03302858e-04 -4.05772217e-02
    5.46725988e-02 5.69098666e-02 -2.99999658e-02 -6.16794499e-03
    6.59378245e-02 -9.05677080e-02 1.35602325e-01 2.20197663e-01
    2.57634521e-01 4.01717760e-02 -6.82303235e-02 -2.99999341e-02
    6.25719503e-02 1.76374859e-03 5.99441025e-03 -1.37862526e-02
    1.37862526e-02 -5.01853824e-02 3.96175496e-02 5.97042181e-02
    -2.99999602e-02 -1.11359486e-03 2.89280806e-03 1.40982335e-02
    2.46017855e-02 5.50511964e-02 5.50511964e-02 -6.70956299e-02
    -1.16513148e-02 -2.99999453e-02 6.00849697e-03 -1.47337303e-01
    2.78999835e-01 -5.92345968e-02 2.95479864e-01 -3.79821360e-02
    6.36254475e-02 5.47910556e-02 -2.99999546e-02 1.96162403e-01
    2.76741862e-01 7.17687532e-02 9.76213068e-02 1.94749776e-02
    2.67678332e-02 -5.08403443e-02 -4.32793684e-02 -2.99999509e-02
    4.63352762e-02 -1.03245648e-02 1.03245648e-02 0. 0. 1.92637823e-03
    -1.16662374e-02 -6.66317996e-03 -2.99999416e-02 -3.01036023e-04
    4.72034095e-04 5.64897724e-04 6.85576291e-04 8.36402923e-03
    8.57940037e-03 -1.44159887e-04 -6.85468763e-02 -2.99999248e-02
    1.97692923e-02 -3.35896085e-03 1.65493730e-02 -5.06243156e-03
    1.28027126e-02 1.85219962e-02 2.98059024e-02 -5.68073727e-02
    -2.99999174e-02 4.31954022e-03 6.85564289e-03 -1.59417599e-04
    3.22920067e-04 -1.85129908e-03 4.17263433e-03 4.69137654e-02
    5.51297665e-02 -2.99999546e-02 4.35955776e-03 9.02968517e-04
    9.88181331e-04 2.21965677e-42 0. 7.39885589e-43 4.85129021e-02
    -5.60220554e-02 -2.99999677e-02 -2.43698320e-04 3.03164939e-04
    -4.23581732e-05 7.45653597e-05 2.79008789e-04 4.52142995e-04
    -1.92375798e-02 8.06244388e-02 -2.99999341e-02 3.77859129e-03
    -8.70916818e-04 8.70916818e-04 2.24463685e-04 5.45218447e-03
    7.84833636e-03 7.72068277e-04 2.99673975e-02 -2.99999826e-02
    1.92181824e-03 2.72966176e-03 -4.51411959e-03 4.51411959e-03
    -2.10346061e-05 1.82359901e-04 3.14778686e-02 -6.99909031e-02
    -2.99999621e-02 4.09329485e-04 6.93948314e-05 1.02572332e-04
    -1.02197370e-02 1.74680054e-02 -1.24741194e-03 -1.94582157e-03
    8.83378536e-02 -2.99999639e-02 3.60800065e-02 6.81507811e-02
    -9.66975093e-02 9.82909724e-02 -9.59875062e-03 2.69131269e-02
    -1.97941884e-02 -4.83518839e-02 -2.99999714e-02 1.98171064e-01
    1.01328351e-01 1.95399925e-01 1.63162097e-01 1.95342556e-01
    -4.27900068e-02 -2.07758509e-03 -5.22962101e-02 -2.99999528e-02
    -7.58858584e-03 2.19631474e-02 9.59679391e-03 1.01541737e-02
    -5.62395267e-02 8.23977888e-02 -5.86590543e-03 6.28777295e-02
    -2.99999565e-02 9.26936977e-03 -2.06291843e-02 2.20270697e-02
    2.53789127e-03 6.85892859e-03 -3.07208281e-02 4.92115542e-02
    7.28979632e-02 -2.99999416e-02 -1.60462540e-02 1.02451421e-01
    7.44808167e-02 2.19568968e-01 2.38877125e-02 2.56591946e-01
    3.82682830e-02 -5.83359338e-02 -2.99999546e-02 9.70916525e-02
    3.03926934e-02 2.22706944e-01 1.42195225e-01 2.10734114e-01
    1.23818859e-03 -3.92550901e-02 -6.13781773e-02 -2.99999360e-02
    1.43949063e-02 4.79317755e-02 4.60168486e-03 2.62219962e-02
    -2.42262240e-03 2.92325206e-03 6.78640744e-03 4.39570984e-03
