<?xml version="1.0"?>
<opencv_storage>
<keypoint3d004 type_id="opencv-matrix">
  <rows>371</rows>
  <cols>3</cols>
  <dt>"3f"</dt>
  <data>
    3.90832685e-03 -4.79676062e-03 2.99999844e-02 -4.08190265e-02
    9.88752246e-02 2.99999900e-02 5.62415197e-02 9.82111543e-02
    3.00000198e-02 -4.40462343e-02 -5.32629155e-03 2.99999621e-02
    -4.64823730e-02 5.18241376e-02 2.99999937e-02 -2.13198513e-02
    9.83701944e-02 2.99999900e-02 3.08936294e-02 4.36478890e-02
    3.00000012e-02 2.33289786e-02 3.88834774e-02 2.99999937e-02
    -1.12639051e-02 1.01919055e-01 2.99999844e-02 4.19908799e-02
    -3.93895581e-02 2.99999956e-02 -3.79537046e-02 -3.70926335e-02
    2.99999602e-02 -1.49992900e-02 7.14449137e-02 2.99999956e-02
    9.88076627e-03 -1.44934352e-03 2.99999863e-02 -6.22173771e-02
    5.93215525e-02 2.99999844e-02 -1.84733141e-02 1.80233605e-02
    2.99999956e-02 -4.70293202e-02 -1.95455481e-03 2.99999975e-02
    4.51974869e-02 5.03374226e-02 3.00000180e-02 -2.92631909e-02
    9.87159759e-02 2.99999807e-02 1.08782342e-02 -7.64765590e-03
    2.99999733e-02 -3.64158154e-02 8.43117386e-02 2.99999826e-02
    2.44873501e-02 8.66305009e-02 3.00000086e-02 2.51840241e-02
    -4.65603778e-03 2.99999937e-02 4.40787748e-02 6.19624034e-02
    3.00000012e-02 -5.53832799e-02 8.58475938e-02 2.99999882e-02
    1.85139123e-02 -1.50046125e-03 2.99999714e-02 0. 1.14174911e-36 0.
    1.14179503e-36 0. 1.14179503e-36 -4.69263792e-02 -2.21851598e-02
    2.99999435e-02 1.14458453e-36 0. 1.14458453e-36 0. 1.14458597e-36 0.
    1.41842365e-02 -3.91567498e-03 2.99999937e-02 0. 1.14872000e-36 0.
    1.14876592e-36 0. 1.14876592e-36 1.90941859e-02 -7.31022190e-03
    2.99999677e-02 1.14881327e-36 0. 1.14881327e-36 0. 1.14881470e-36 0.
    3.72514769e-04 -7.46997399e-03 2.99999788e-02 0. 1.14886206e-36 0.
    1.14890797e-36 0. 1.14890797e-36 1.17819756e-04 -1.58363965e-03
    2.99999956e-02 1.14895533e-36 0. 1.14895533e-36 0. 1.14895676e-36 0.
    -5.53572364e-02 7.87399635e-02 3.00000049e-02 0. 1.14900411e-36 0.
    1.14905003e-36 0. 1.14905003e-36 -3.70899402e-02 1.34676788e-02
    3.00000254e-02 1.14909739e-36 0. 1.14909739e-36 0. 1.14909882e-36 0.
    -5.44836447e-02 7.77274445e-02 2.99999714e-02 0. 1.14914617e-36 0.
    1.14919209e-36 0. 1.14919209e-36 4.73643392e-02 -3.49420868e-02
    2.99999975e-02 1.14923944e-36 0. 1.14923944e-36 0. 1.14924088e-36 0.
    -2.96567809e-02 -3.50477956e-02 2.99999677e-02 0. 1.14928823e-36 0.
    1.14933415e-36 0. 1.14933415e-36 3.32227834e-02 -3.71621083e-03
    2.99999937e-02 1.14938150e-36 0. 1.14938150e-36 0. 1.14938294e-36 0.
    -5.24056219e-02 7.58198202e-02 2.99999937e-02 0. 1.14943029e-36 0.
    1.14947621e-36 0. 1.14947621e-36 -1.61892772e-02 -6.22318964e-03
    2.99999677e-02 1.14952356e-36 0. 1.14952356e-36 0. 1.14952499e-36 0.
    2.85328329e-02 -1.42160419e-03 2.99999677e-02 0. 1.14957235e-36 0.
    1.14961826e-36 0. 1.14961826e-36 -4.70158271e-02 -1.00179771e-02
    2.99999751e-02 1.14966562e-36 0. 1.14966562e-36 0. 1.14966705e-36 0.
    1.94959622e-02 -4.24350705e-03 3.00000086e-02 0. 1.14971441e-36 0.
    1.14976032e-36 0. 1.14976032e-36 1.86056327e-02 -3.15283127e-02
    2.99999807e-02 1.14980768e-36 0. 1.14980768e-36 0. 1.14980911e-36 0.
    4.96803820e-02 2.18094084e-02 2.99999863e-02 0. 1.14985646e-36 0.
    1.14990238e-36 0. 1.14990238e-36 4.85185347e-02 2.28426382e-02
    2.99999826e-02 1.14994973e-36 0. 1.14994973e-36 0. 1.14995117e-36 0.
    -3.55576761e-02 1.37027930e-02 3.00000105e-02 0. 1.14999852e-36 0.
    1.15004444e-36 0. 1.15004444e-36 9.66139231e-03 -3.19456346e-02
    2.99999807e-02 1.15009179e-36 0. 1.15009179e-36 0. 1.15009323e-36 0.
    -1.39060048e-02 -2.35798117e-02 2.99999677e-02 0. 1.15014058e-36 0.
    1.15018650e-36 0. 1.15018650e-36 -1.26158996e-02 -2.26977132e-02
    2.99999826e-02 1.15023385e-36 0. 1.15023385e-36 0. 1.15023528e-36 0.
    -5.49497381e-02 2.02698056e-02 2.99999993e-02 0. 1.15028264e-36 0.
    1.15032856e-36 0. 1.15032856e-36 -5.19473515e-02 2.26026252e-02
    2.99999937e-02 1.15037591e-36 0. 1.15037591e-36 0. 1.15037734e-36 0.
    3.23280916e-02 1.38309244e-02 3.00000105e-02 0. 1.15042470e-36 0.
    1.15047061e-36 0. 1.15047061e-36 3.99042554e-02 1.50036924e-02
    2.99999882e-02 1.15051797e-36 0. 1.15051797e-36 0. 1.15051940e-36 0.
    -4.95754667e-02 2.63783056e-02 3.00000217e-02 0. 1.15056675e-36 0.
    1.15061267e-36 0. 1.15061267e-36 3.41482684e-02 -3.81596945e-02
    2.99999844e-02 1.15066002e-36 0. 1.15066002e-36 0. 1.15066146e-36 0.
    4.57622968e-02 -2.37995144e-02 2.99999714e-02 0. 1.15070881e-36 0.
    1.15075473e-36 0. 1.15075473e-36 -1.58139169e-02 -2.69246902e-02
    2.99999621e-02 1.15080208e-36 0. 1.15080208e-36 0. 1.15080352e-36 0.
    3.26000229e-02 -3.81660238e-02 2.99999751e-02 0. 1.15085087e-36 0.
    1.15089679e-36 0. 1.15089679e-36 2.97926851e-02 -7.73047376e-03
    3.00000086e-02 1.15094414e-36 0. 1.15094414e-36 0. 1.15094557e-36 0.
    1.01931300e-03 -2.58588623e-02 2.99999770e-02 0. 1.15099293e-36 0.
    1.15103885e-36 0. 1.15103885e-36 -1.28949014e-02 -2.10050470e-03
    2.99999602e-02 1.15108620e-36 0. 1.15108620e-36 0. 1.15108763e-36 0.
    -1.37293460e-02 -9.77423973e-03 2.99999714e-02 0. 1.15113499e-36 0.
    1.15118090e-36 0. 1.15118090e-36 -6.38306001e-03 3.61808646e-03
    2.99999826e-02 1.15122826e-36 0. 1.15122826e-36 0. 1.15122969e-36 0.
    1.58216637e-02 4.72112745e-03 2.99999956e-02 0. 1.15127704e-36 0.
    1.15132296e-36 0. 1.15132296e-36 -4.61398205e-03 -1.75850391e-02
    2.99999844e-02 1.15137031e-36 0. 1.15137031e-36 0. 1.15137175e-36 0.
    4.78236191e-02 -8.69253650e-04 2.99999937e-02 0. 1.15141910e-36 0.
    1.15146502e-36 0. 1.15146502e-36 3.26880859e-03 -2.54674144e-02
    2.99999788e-02 1.15151237e-36 0. 1.15151237e-36 0. 1.15151381e-36 0.
    1.42055214e-03 -2.44214404e-02 2.99999639e-02 0. 1.15156116e-36 0.
    1.15160708e-36 0. 1.15160708e-36 4.19646539e-02 -2.15844456e-02
    2.99999788e-02 1.15165443e-36 0. 1.15165443e-36 0. 1.15165586e-36 0.
    3.83469053e-02 -6.86963415e-03 2.99999937e-02 0. 1.15170322e-36 0.
    1.15174914e-36 0. 1.15174914e-36 1.46254981e-02 2.63771089e-03
    2.99999695e-02 1.15179649e-36 0. 1.15179649e-36 0. 1.15179792e-36 0.
    4.49535102e-02 -4.75810422e-03 2.99999956e-02 0. 1.15184528e-36 0.
    1.15189119e-36 0. 1.15189119e-36 4.19074222e-02 -2.95015816e-02
    3.00000068e-02 1.15193855e-36 0. 1.15193855e-36 0. 1.15193998e-36 0.
    6.44199201e-04 -3.54895853e-02 2.99999714e-02 0. 1.15198733e-36 0.
    1.15203325e-36 0. 1.15203325e-36 3.42152640e-02 -2.17735153e-02
    3.00000031e-02 1.15208060e-36 0. 1.15208060e-36 0. 1.15208204e-36 0.
    3.87472212e-02 -4.02569026e-03 2.99999882e-02 0. 1.15212939e-36 0.
    1.15217531e-36 0. 1.15217531e-36 2.69688163e-02 2.06079911e-02
    2.99999788e-02 1.15222266e-36 0. 1.15222266e-36 0. 1.15222410e-36 0.
    -2.62752026e-02 1.27066337e-02 2.99999695e-02 0. 1.15227145e-36 0.
    1.15231737e-36 0. 1.15231737e-36 1.08208917e-02 -2.20678095e-02
    2.99999714e-02 1.15236472e-36 0. 1.15236472e-36 0. 1.15236616e-36 0.
    4.20307741e-02 -4.03863797e-03 3.00000049e-02 0. 1.15241351e-36 0.
    1.15245943e-36 0. 1.15245943e-36 -5.34128472e-02 -1.64973438e-02
    2.99999751e-02 1.15250678e-36 0. 1.15250678e-36 0. 1.15250821e-36 0.
    2.11815555e-02 -4.10798714e-02 2.99999844e-02 0. 1.15255557e-36 0.
    1.15260148e-36 0. 1.15260148e-36 1.52696418e-02 -1.36704817e-02
    2.99999900e-02 1.15264884e-36 0. 1.15264884e-36 0. 1.15265027e-36 0.
    4.42349799e-02 1.02722645e-02 2.99999826e-02 0. 1.15269762e-36 0.
    1.15274354e-36 0. 1.15274354e-36 2.05047540e-02 -2.17284802e-02
    2.99999937e-02 1.15279089e-36 0. 1.15279089e-36 0. 1.15279233e-36 0.
    -6.34348765e-03 -5.26854070e-03 2.99999807e-02 0. 1.15283968e-36 0.
    1.15288560e-36 0. 1.15288560e-36 1.55840826e-03 1.17950849e-02
    2.99999677e-02 1.15293295e-36 0. 1.15293295e-36 0. 1.15293439e-36 0.
    -1.91799868e-02 7.03705754e-03 2.99999714e-02 0. 1.15298174e-36 0.
