<?xml version="1.0"?>
<opencv_storage>
<keypoint2d001 type_id="opencv-matrix">
  <rows>210</rows>
  <cols>1</cols>
  <dt>"2f"</dt>
  <data>
    2.57404480e+02 1.64106873e+02 2.49691315e+02 1.51856110e+02
    4.00677734e+02 3.56012817e+02 3.12778046e+02 1.56070251e+02
    2.48564682e+02 3.35560181e+02 3.66909973e+02 1.47939301e+02
    3.55540253e+02 1.35263657e+02 3.93415863e+02 1.19546402e+02
    3.02126648e+02 1.55166168e+02 2.91269379e+02 1.44940414e+02
    3.21477783e+02 1.49960648e+02 2.30956116e+02 3.44489075e+02
    3.80017334e+02 2.92846313e+02 3.19752838e+02 1.34961258e+02
    2.27259995e+02 3.50141846e+02 2.57180176e+02 1.44836639e+02
    2.90143097e+02 3.27767761e+02 2.73941498e+02 1.49353714e+02
    2.71768768e+02 1.60016693e+02 2.73612091e+02 1.51529633e+02
    3.37180695e+02 1.37393341e+02 2.40890045e+02 1.80066284e+02
    3.72009552e+02 1.42393936e+02 3.88755951e+02 1.29825958e+02
    3.62974762e+02 3.23253662e+02 3.27644684e+02 1.51336456e+02
    2.71809601e+02 1.63077042e+02 3.95839417e+02 3.24856140e+02
    3.69878784e+02 3.02623108e+02 3.25213684e+02 3.15709595e+02
    2.49839798e+02 1.80937363e+02 3.36991577e+02 1.41153137e+02
    3.35273041e+02 1.45648758e+02 3.79445404e+02 3.03342438e+02
    3.61819489e+02 1.40389709e+02 3.59353333e+02 3.06711853e+02
    2.25433228e+02 2.13353195e+02 3.91477783e+02 3.00711182e+02
    2.46571609e+02 1.73688095e+02 2.94258789e+02 2.19461487e+02
    3.10385834e+02 1.41084778e+02 3.48288208e+02 1.55116821e+02
    3.69108093e+02 3.00777008e+02 3.72489960e+02 1.55689240e+02
    2.82104584e+02 3.32804962e+02 3.09191315e+02 2.66774719e+02
    3.50644836e+02 1.38405975e+02 3.04218109e+02 3.43649200e+02
    2.85196472e+02 1.66804825e+02 3.07558380e+02 1.61504013e+02
    2.99807465e+02 3.09769531e+02 3.71967133e+02 3.24678833e+02
    3.59226135e+02 1.52981567e+02 2.61450500e+02 1.50989975e+02
    3.17520020e+02 2.33654678e+02 4.00238342e+02 3.37840332e+02
    3.58883698e+02 1.50665344e+02 3.28185608e+02 1.58857651e+02
    3.54773895e+02 1.50958023e+02 2.62964874e+02 1.44371216e+02
    3.40187103e+02 3.20224518e+02 3.24473846e+02 3.32757690e+02
    3.72273529e+02 3.24639740e+02 2.45943451e+02 1.65003311e+02
    2.26411057e+02 1.96856735e+02 3.41559387e+02 3.39380188e+02
    3.03982361e+02 3.41442505e+02 3.07116150e+02 1.47972702e+02
    3.55658081e+02 3.17671326e+02 2.28248047e+02 1.91874268e+02
    3.88273193e+02 3.04121063e+02 3.40335999e+02 3.52778992e+02
    2.30668854e+02 1.88409790e+02 3.50569153e+02 2.28784500e+02
    3.96740021e+02 3.36979126e+02 2.94475464e+02 1.62479691e+02
    3.21312012e+02 3.24391510e+02 3.23264801e+02 1.38074615e+02
    3.37449829e+02 2.26317535e+02 3.08232391e+02 3.06800781e+02
    2.93742096e+02 1.58105652e+02 2.86402435e+02 2.84553009e+02
    2.84407074e+02 2.19218414e+02 3.91367218e+02 3.17519470e+02
    3.74709106e+02 3.15666260e+02 2.80685059e+02 2.27017517e+02
    3.07050049e+02 1.50704086e+02 2.72048492e+02 2.48288269e+02
    3.73661438e+02 3.13192047e+02 2.58809509e+02 1.76935745e+02
    3.39661316e+02 3.01226196e+02 3.64089417e+02 1.32255661e+02
    3.63279968e+02 1.71171722e+02 2.58628174e+02 1.74950302e+02
    2.91244446e+02 1.61067505e+02 2.99350372e+02 3.54905609e+02
    2.57345703e+02 1.76375366e+02 2.99782684e+02 2.28357666e+02
    3.03265381e+02 3.55917267e+02 3.24786041e+02 2.19309784e+02
    2.67439331e+02 3.48645599e+02 3.56451202e+02 2.62307343e+02
    2.49212677e+02 1.59062347e+02 3.14419952e+02 3.39714600e+02
    3.94880920e+02 3.38804413e+02 2.71733795e+02 2.67218262e+02
    2.32772659e+02 1.36541092e+02 2.81281067e+02 1.45027252e+02
    3.46333221e+02 3.51189484e+02 2.84053772e+02 1.59900299e+02
    3.48875793e+02 1.28685837e+02 3.77163177e+02 3.40005493e+02
    2.82859497e+02 1.49871048e+02 2.83332581e+02 2.84278442e+02
    3.48222321e+02 3.06178864e+02 3.13199158e+02 3.16519440e+02
    3.48262543e+02 1.26993889e+02 3.36201050e+02 2.13902908e+02
    3.23925812e+02 2.18647171e+02 3.03184692e+02 3.50688354e+02
    3.75685242e+02 3.57687195e+02 3.24941772e+02 2.35868286e+02
    3.31804749e+02 2.85378418e+02 2.58033051e+02 1.62246735e+02
    3.23213654e+02 2.56358978e+02 3.08749054e+02 1.53845795e+02
    3.27902588e+02 3.34907166e+02 3.01021179e+02 2.62826813e+02
    3.63138214e+02 3.51572571e+02 3.35526855e+02 3.43017456e+02
    3.04803223e+02 1.44709885e+02 3.45327972e+02 1.31654312e+02
    3.46175537e+02 2.04358841e+02 2.81114410e+02 1.54000778e+02
    3.32167542e+02 3.35597321e+02 3.66718323e+02 3.37520355e+02
    3.30782501e+02 2.54609573e+02 3.25625854e+02 2.15361938e+02
    3.18669678e+02 3.06965240e+02 3.36007324e+02 2.60814606e+02
    3.74138336e+02 2.86205322e+02 3.44162872e+02 2.63867554e+02
    2.97023560e+02 3.56463287e+02 3.63803589e+02 3.38022186e+02
    3.45945648e+02 2.60849548e+02 3.45954834e+02 2.62850128e+02
    3.71249176e+02 3.38668457e+02 3.47465851e+02 1.46074097e+02
    3.08668549e+02 3.56883026e+02 3.60101990e+02 2.57374573e+02
    2.69072388e+02 2.43033524e+02 3.94655823e+02 3.13120728e+02
    3.84169098e+02 3.33170593e+02 2.76272156e+02 2.15317368e+02
    2.71561951e+02 1.74543518e+02 3.74555908e+02 2.82741821e+02
    2.87359039e+02 2.32155319e+02 3.29901825e+02 3.52252869e+02
    2.68145203e+02 2.28964890e+02 3.44722076e+02 1.40518555e+02
    3.66836456e+02 1.30141571e+02 3.10571472e+02 3.48668732e+02
    2.71320221e+02 3.04365326e+02 3.54023590e+02 1.73925461e+02
    3.64371582e+02 3.14093384e+02 3.14407654e+02 3.44442596e+02
    2.78089935e+02 1.35840515e+02 2.52091873e+02 1.72618790e+02
    3.64765076e+02 1.26259819e+02 2.99108582e+02 1.40483246e+02
    2.64225433e+02 2.33642731e+02 3.51424896e+02 3.28878418e+02
    3.86482208e+02 1.60155258e+02 3.13827789e+02 1.44614059e+02
    3.96666656e+02 2.87822052e+02 3.99619263e+02 3.46251526e+02
    3.30666138e+02 3.43678558e+02 3.29779938e+02 2.60467316e+02
    2.82454956e+02 2.62381805e+02 3.66767426e+02 1.71321335e+02
    2.68903351e+02 1.75990479e+02 3.17968231e+02 3.54194214e+02
    3.33626556e+02 2.46297913e+02 2.84230560e+02 1.40685150e+02
    3.59235657e+02 3.32189941e+02 3.31652161e+02 2.00863998e+02
    2.89558136e+02 3.30304199e+02 3.25214600e+02 2.85240814e+02
    3.02433624e+02 2.30394714e+02 2.68160461e+02 2.60454041e+02
    2.77461731e+02 3.52245514e+02 3.13030457e+02 1.46070114e+02
    3.05260315e+02 2.85008636e+02 3.84108215e+02 3.50898499e+02
    2.81414673e+02 3.01935608e+02 3.05761810e+02 2.11284576e+02
    2.26513458e+02 3.10605591e+02 2.84417114e+02 3.00620941e+02
    2.87883148e+02 3.02145142e+02 3.09821869e+02 2.76987183e+02
    3.56326263e+02 2.00284515e+02 2.67054596e+02 2.68254456e+02
    3.97093231e+02 3.04213776e+02 3.87145508e+02 3.50788391e+02
    3.94517242e+02 2.87259644e+02 3.22168945e+02 2.24537933e+02
    3.02071045e+02 2.99208923e+02 3.21161407e+02 3.38000305e+02
    3.43114868e+02 3.27964355e+02 2.77216095e+02 2.39815872e+02</data></keypoint2d001>
</opencv_storage>
