<?xml version="1.0"?>
<opencv_storage>
<keypoint3d002 type_id="opencv-matrix">
  <rows>461</rows>
  <cols>3</cols>
  <dt>"3f"</dt>
  <data>
    5.67319952e-02 4.90678996e-02 -3.00000459e-02 2.00218667e-04
    1.25732319e-02 1.86463948e-02 6.14607852e-05 6.14607852e-05
    2.14738701e-03 5.99529035e-02 5.31653464e-02 -3.00000422e-02
    5.80580054e-05 2.77468488e-02 -6.91141794e-03 6.91141794e-03
    1.65023754e-04 1.65023754e-04 -1.43339485e-02 7.97941908e-02
    -2.99999565e-02 1.28430116e-03 -1.57503819e-03 1.57503819e-03
    3.11357784e-03 3.78445257e-03 -3.46248300e-04 4.42276187e-02
    7.32828975e-02 -3.00000235e-02 1.95809780e-03 1.42100425e-02
    1.47031993e-01 1.66406095e-01 3.02993990e-02 3.81623320e-02
    -1.02724014e-02 6.75944537e-02 -2.99999677e-02 3.61217670e-02
    7.72365779e-02 9.02928337e-02 2.25636642e-02 2.25636642e-02
    4.05296981e-01 6.98623806e-02 7.45533779e-02 -3.00000273e-02
    7.61140371e-03 7.90865161e-03 4.98059613e-04 7.32508837e-04
    6.44101873e-02 6.50172681e-02 5.60057573e-02 7.55509958e-02
    -3.00000459e-02 2.95154867e-03 3.22389911e-04 3.22389911e-04
    1.06254173e-03 1.31309417e-03 7.98033900e-04 -6.16412647e-02
    9.29769352e-02 -2.99999546e-02 4.59021986e-01 4.59021986e-01
    -1.04336306e-01 1.05231017e-01 1.73683576e-02 1.73683576e-02
    4.09654044e-02 6.00857362e-02 -3.00000347e-02 5.93990460e-02
    -1.71001870e-02 1.71001870e-02 2.12035119e-03 5.96436253e-03
    -3.58561432e-04 -1.92226097e-03 9.01739374e-02 -3.00000403e-02
    -3.92115489e-03 4.21840232e-03 4.21767618e-05 3.10935982e-04
    2.36015170e-04 2.36015170e-04 4.88494635e-02 5.65672927e-02
    -3.00000291e-02 2.26272139e-04 -9.02344709e-07 9.02344709e-07
    -1.69427190e-02 1.70188118e-02 4.49000709e-02 6.08918965e-02
    7.47778118e-02 -3.00000459e-02 4.13935864e-03 4.13935864e-03
    1.26461964e-04 2.09012721e-03 2.23450083e-02 2.67628860e-02
    -6.57315701e-02 9.74943936e-02 -3.00000012e-02 1.76218909e-03
    6.34685915e-04 9.01776366e-04 3.73374997e-03 3.77926556e-03
    -2.93843739e-04 1.43596772e-02 6.77995607e-02 -3.00000347e-02
    7.39885589e-43 0. 7.39885589e-43 0. 1.05069499e-04 1.05069499e-04
    5.71550690e-02 6.33351207e-02 -3.00000273e-02 1.38509698e-04 0. 0.
    3.35677601e-02 3.49618867e-02 -1.73572786e-02 1.39712598e-02
    8.19281936e-02 -3.00000273e-02 -2.42523174e-03 2.85074953e-03
    4.98745851e-02 5.21123968e-02 -9.74102702e-04 7.07856100e-03
    5.90556934e-02 5.19239940e-02 -3.00000291e-02 4.62483149e-03
    -1.81247342e-05 5.72521021e-05 -1.04373348e-05 3.29901050e-05
    1.07765973e-05 -6.56965887e-03 6.35163784e-02 -2.99999528e-02
    1.12660578e-03 1.12660578e-03 2.73186743e-04 5.08730707e-04
    6.08079485e-04 1.11902889e-03 -2.02430580e-02 8.04554373e-02
    -2.99999639e-02 1.37141988e-01 2.42328122e-02 2.57892519e-01
    -5.53463250e-02 8.20220113e-02 -3.15299854e-02 4.06750850e-02
    9.40134525e-02 -3.00000533e-02 1.14454836e-01 1.14454836e-01
    -1.23071782e-01 1.73074067e-01 3.88582848e-04 3.88582848e-04
    1.51346177e-02 5.94719090e-02 -3.00000515e-02 8.56110000e-06 0. 0.
    -8.56110000e-06 8.56110000e-06 3.25834216e-03 -6.35814518e-02
    -1.05021335e-02 -2.99999621e-02 3.42668267e-04 8.41758912e-04
    3.36949074e-06 1.63687691e-05 5.30110635e-02 5.30110635e-02
    4.72793467e-02 6.86660036e-02 -3.00000459e-02 1.31674428e-02
    -2.13310197e-02 2.13310197e-02 5.66749215e-01 5.66749215e-01
    6.02303399e-03 6.55822977e-02 7.76042417e-02 -3.00000235e-02 0. 0.
    -8.56110000e-06 8.56110000e-06 0. 0. -7.43158814e-03 6.37414157e-02
    -2.99999788e-02 8.56110000e-06 -1.60162256e-03 1.60162256e-03
    8.58691521e-04 1.46514783e-03 -5.76815475e-03 5.09923324e-02
    7.35271424e-02 -3.00000273e-02 2.22727917e-02 2.34262347e-02
    -7.61855952e-03 9.41343419e-03 2.04306152e-02 2.84241196e-02
    2.30155252e-02 9.53316614e-02 -3.00000198e-02 6.10746369e-02
    -1.86163132e-04 3.00836953e-04 8.44823662e-03 8.68676417e-03
    -8.89999501e-05 2.66737882e-02 -8.12742580e-03 -2.99999528e-02
    4.93509906e-05 5.64947622e-05 -1.33250127e-04 1.90909952e-04
    -3.57188583e-06 3.57188583e-06 -1.68121085e-02 7.30486959e-02
    -2.99999658e-02 0. 0. 0. 0. 0. 0. 2.67938133e-02 9.79708508e-02
    -3.00000310e-02 7.87638575e-02 7.87638575e-02 0. 0. 7.05401693e-03
    7.05401693e-03 3.77561375e-02 6.87615275e-02 -3.00000459e-02
    7.62635958e-04 -7.74726679e-04 1.11971225e-03 -5.85511152e-04
    1.18095183e-03 -1.24779018e-03 2.78492607e-02 8.66555423e-02
    -3.00000496e-02 -4.95387576e-05 1.09672132e-04 -5.07844052e-05
    1.06469721e-04 -4.99505077e-05 9.83563659e-05 2.69417148e-02
    7.12293610e-02 -3.00000124e-02 0. 0. 0. 0. 0. 5.23753285e-01
    1.23654967e-02 7.37733245e-02 -3.00000161e-02 7.08680674e-02
    7.08680674e-02 0. 0. -1.27385650e-02 1.45982224e-02 6.54913709e-02
    5.28462976e-02 -3.00000403e-02 4.20889910e-03 4.43461351e-02
    5.09614125e-02 -1.20623026e-03 1.49209553e-03 -1.66520081e-03
    2.41953433e-02 6.43458739e-02 -3.00000310e-02 4.20801225e-04
    3.31275561e-03 0. 0. 0. 0. 5.14177866e-02 7.50453398e-02
    -3.00000515e-02 0. 1.50212541e-01 1.56106979e-01 2.27838710e-01
    2.28655189e-01 -8.88253599e-02 2.50949115e-02 6.29304945e-02
    -3.00000217e-02 -1.08594084e-02 1.08594084e-02 3.92859392e-02
    4.44167107e-02 -3.13045561e-01 3.38187218e-01 2.00650003e-02
    -3.17852804e-03 -2.99999602e-02 2.92850938e-03 9.63126076e-04
    3.90824024e-03 -3.03927343e-02 3.03927343e-02 4.56827320e-03
    6.55807629e-02 6.87313452e-02 -3.00000142e-02 0. 0. 0. 0. 0. 0.
    -8.83498974e-03 7.23947138e-02 -2.99999882e-02 4.03351523e-03
    1.29780136e-02 2.00255252e-02 1.04494458e-02 1.04494458e-02
    -5.70109952e-03 6.96154544e-04 3.18640843e-02 -2.99999863e-02
    -4.82501564e-05 9.05646943e-03 3.37064117e-02 3.37928683e-02
    -6.46899105e-04 6.46899105e-04 1.88056920e-02 -2.66446196e-03
    -2.99999807e-02 2.21136783e-04 1.56294124e-03 4.00266517e-03
    2.21965677e-42 0. 7.39885589e-43 -5.80910668e-02 -2.77431551e-02
    -2.99999956e-02 4.98938956e-04 5.04309253e-04 -1.16804219e-03
    2.14424985e-03 -3.55886129e-07 5.01446220e-06 6.33236840e-02
    5.80713339e-02 -3.00000161e-02 2.64696102e-03 2.28431635e-03
    9.52261686e-03 -1.22633195e-02 1.33690406e-02 5.80521766e-04
    9.02400818e-03 6.05685115e-02 -3.00000235e-02 1.47436350e-03
    6.05045492e-03 -1.18120424e-02 1.18859205e-02 4.36712253e-05
    1.42075703e-04 -3.18630077e-02 1.48651544e-02 -2.99999826e-02
    6.50202157e-04 -1.01778633e-03 1.07760238e-03 -2.62625958e-03
    4.63358918e-03 3.27753602e-03 6.81167096e-03 -1.01440270e-02
    -2.99999844e-02 1.20465018e-07 5.98564046e-04 1.72632948e-01
    1.78146631e-01 -2.76050204e-03 3.12852822e-02 3.67198698e-02
    -1.99089311e-02 -2.99999919e-02 7.32537359e-03 -9.19196978e-02
    2.65706837e-01 6.39060438e-02 7.48554319e-02 3.69399451e-02
    8.00451171e-03 7.30453506e-02 -3.00000291e-02 -1.92615576e-02
    2.11808234e-02 5.63087582e-04 6.72580616e-04 2.06583040e-03
    3.20006837e-03 1.55139621e-02 5.49044907e-02 -3.00000217e-02
    7.58884940e-03 2.58299452e-03 2.58299452e-03 -1.45304191e-04
    5.68128948e-04 1.50894187e-03 6.81930408e-02 6.89078495e-02
    -3.00000478e-02 4.26501393e-01 4.26501393e-01 -7.15051517e-02
    7.23789558e-02 1.19839367e-02 1.19839367e-02 2.54417546e-02
    1.44123919e-02 -2.99999714e-02 1.86207607e-01 -2.82184817e-02
    2.82184817e-02 6.96588457e-02 7.03222528e-02 -6.83064945e-03
    7.07554966e-02 8.45282003e-02 -3.00000347e-02 -1.14503019e-02
    1.20309172e-02 -5.94802666e-04 8.85540340e-03 8.43526970e-04
    1.42945815e-03 -3.13000605e-02 8.29412974e-03 -2.99999788e-02
    2.32697697e-04 7.58649549e-05 9.67123560e-05 -5.99140115e-03
    6.47884421e-03 4.62343022e-02 6.05322537e-04 3.00866645e-02
    -2.99999639e-02 1.58881140e-03 1.85043958e-03 -4.35065515e-02
    4.37087379e-02 2.76424866e-02 2.77194902e-02 -6.38481453e-02
    -2.01117657e-02 -2.99999770e-02 7.28850439e-03 -5.68047585e-03
