<?xml version="1.0"?>
<opencv_storage>
<keypoint3d003 type_id="opencv-matrix">
  <rows>465</rows>
  <cols>3</cols>
  <dt>"3f"</dt>
  <data>
    5.95969185e-02 5.36964945e-02 -2.99999379e-02 3.23015153e-02
    -1.21697700e-02 2.27169041e-02 -1.33993141e-02 1.85700152e-02
    -1.36440722e-02 5.63098490e-02 4.94744480e-02 -2.99999677e-02
    -2.64720563e-02 3.67189012e-02 1.69447483e-03 4.27469937e-03
    5.92141831e-03 1.28045315e-02 4.33217399e-02 7.35306814e-02
    -2.99999751e-02 1.57553353e-03 -7.13638205e-04 1.09501637e-03
    -1.97274843e-03 6.62036799e-03 -1.30846587e-04 -1.56211425e-02
    7.96805173e-02 -2.99999397e-02 -1.28526520e-03 3.05935694e-03
    1.13551401e-01 1.73262686e-01 2.15592429e-01 2.87615538e-01
    -1.16289603e-02 6.76531270e-02 -2.99999621e-02 1.27652526e-01
    -6.73319846e-02 1.90501109e-01 -1.20541997e-01 1.70931324e-01
    3.40999104e-02 7.20240399e-02 9.99961868e-02 -2.99999341e-02
    1.20758250e-01 1.89876765e-01 -3.11267171e-02 3.11267171e-02
    2.90702134e-02 2.90702134e-02 5.52596487e-02 7.59012401e-02
    -2.99999360e-02 4.84308740e-03 1.93241367e-03 2.87833856e-03
    6.95217168e-04 3.69449495e-03 6.62614498e-03 6.95147514e-02
    7.49757439e-02 -2.99999453e-02 7.79198706e-02 9.89120975e-02
    -9.42645967e-02 3.15246075e-01 1.09815737e-02 8.14604312e-02
    -6.71711937e-02 9.82667059e-02 -2.99999546e-02 5.43058440e-02
    3.38104405e-02 2.90502191e-01 -4.92014065e-02 1.07002944e-01
    1.92353934e-01 -3.18224262e-03 8.98813903e-02 -2.99999416e-02
    1.27725555e-02 1.27725555e-02 -9.87666543e-04 9.87666543e-04
    2.57530436e-03 2.57530436e-03 -6.18459843e-02 9.18391347e-02
    -2.99999285e-02 1.17039196e-02 0. 0. 3.17408629e-02 5.48117682e-02
    5.89920618e-02 4.80972379e-02 5.70724085e-02 -2.99999285e-02
    1.60229411e-02 1.60229411e-02 1.70900319e-02 2.88863257e-02
    -1.13422051e-03 2.06296775e-03 6.02963194e-02 7.52170980e-02
    -2.99999435e-02 4.26416360e-02 7.14058755e-03 7.14058755e-03
    -1.24704782e-02 1.28726223e-02 1.77254695e-02 -6.59640878e-02
    9.64983031e-02 -2.99999230e-02 7.39885589e-43 0. 7.39885589e-43 0.
    -3.70191236e-04 3.70191236e-04 1.31934220e-02 6.78050071e-02
    -2.99999453e-02 6.90406607e-03 1.48326202e-04 1.73114502e-04
    -5.33687845e-02 5.34028187e-02 7.08719250e-03 4.00141999e-02
    6.04133308e-02 -2.99999639e-02 3.56556326e-02 3.56898531e-02
    4.64385189e-02 6.70705661e-02 -7.12878816e-03 7.12878816e-03
    5.66258132e-02 6.37178272e-02 -2.99999341e-02 5.59233176e-03
    1.20992656e-04 1.87634490e-04 -7.89574534e-03 7.89711345e-03
    6.87882130e-05 -7.90751912e-03 6.35665730e-02 -2.99999584e-02
    3.14369611e-02 3.75522524e-02 -2.66399374e-03 5.92039339e-03
    3.71591561e-02 4.06401306e-02 -2.13445202e-02 7.99185112e-02
    -2.99999435e-02 7.21951947e-02 -1.60714686e-01 2.74977624e-01
    1.83621645e-02 6.93832636e-02 -2.49096036e-01 -6.58598840e-02
    -1.00295618e-02 -2.99999267e-02 -1.23881891e-01 1.23881891e-01
    1.16685564e-02 1.16685564e-02 -2.63249539e-02 4.53865789e-02
    1.26556987e-02 8.19070488e-02 -2.99999528e-02 3.50704044e-02
    3.86658685e-05 5.47501317e-04 -1.11277029e-03 1.23768358e-03
    2.65479051e-02 4.59399670e-02 5.71457334e-02 -2.99999528e-02
    1.41133247e-02 1.42276278e-02 -7.93947652e-03 8.06256570e-03
    -3.05725075e-02 3.05725075e-02 4.64325361e-02 6.89623058e-02
    -2.99999677e-02 0. -5.28491810e-02 5.49816824e-02 3.76256406e-01
    4.10799235e-01 -8.22449774e-02 1.39077557e-02 5.96434213e-02
    -2.99999584e-02 -2.39020004e-03 2.39020004e-03 -6.43149903e-03
    6.93807472e-03 -2.69163381e-02 2.73398105e-02 5.01733646e-02
    7.39685223e-02 -2.99999416e-02 1.16577395e-03 -7.41111208e-03
    9.72484332e-03 1.23215572e-03 1.23215572e-03 -2.43717586e-04
    6.50232583e-02 7.80970827e-02 -2.99999379e-02 -2.15913821e-03
    1.19288554e-02 -6.58964040e-03 6.58964040e-03 1.45987533e-02
    1.45987533e-02 3.96359190e-02 9.40762460e-02 -2.99999714e-02
    4.83921207e-02 -1.49396490e-02 1.75245199e-02 1.44251017e-02
    1.45481909e-02 -1.29996529e-02 2.56133974e-02 -8.82131234e-03
    -2.99999360e-02 -2.89493846e-03 2.89630657e-03 -5.96592372e-06
    6.04791639e-05 -3.47753783e-04 4.60513722e-04 -1.81299075e-02
    7.28560463e-02 -2.99999602e-02 0. 1.17389625e-03 2.12929701e-03
    7.86097953e-04 1.54665799e-03 -1.00559311e-03 3.68330106e-02
    6.92546219e-02 -2.99999770e-02 5.28456382e-02 5.60150892e-02
    -1.85815908e-03 4.76922374e-03 1.07896524e-02 1.09907184e-02
    2.56334152e-02 9.76783633e-02 -2.99999416e-02 3.54669467e-02
    1.85616617e-03 1.85616617e-03 8.25501978e-03 9.33276489e-03 0.
    2.68099830e-02 8.69213939e-02 -2.99999453e-02 8.31795856e-04
    9.46822751e-04 -1.84128134e-04 2.74359452e-04 -2.30053702e-04
    2.30053702e-04 1.87473316e-02 -3.26481508e-03 -2.99999397e-02
    6.72691222e-03 2.16055708e-03 1.81921553e-02 1.16958357e-02
    1.45970406e-02 4.76301074e-01 -1.02122100e-02 7.23980218e-02
    -2.99999472e-02 1.11299299e-01 1.35881975e-01 -4.06989624e-04
    3.11901723e-03 8.43409076e-02 8.43409076e-02 5.06013297e-02
    7.49512911e-02 -2.99999528e-02 2.02003624e-02 0. 0. 7.38841575e-03
    7.66149536e-03 1.04749583e-04 1.41698625e-02 5.52753359e-02
    -2.99999546e-02 1.31516746e-04 1.41564000e-04 1.72094945e-02
    3.91717218e-02 2.01297514e-02 3.22271548e-02 2.57656798e-02
    7.13859349e-02 -2.99999435e-02 1.95740685e-02 4.65007033e-03
    1.19037211e-01 1.39580250e-01 1.93493158e-01 -2.11076319e-01
    -9.18262638e-04 3.23576406e-02 -2.99999528e-02 2.28205267e-02
    2.28205267e-02 2.79857427e-01 2.81109631e-01 -2.21731365e-01
    2.24583477e-01 2.38564461e-02 6.32951483e-02 -2.99999379e-02
    2.11237906e-03 4.75533726e-03 4.75533726e-03 -1.84102939e-03
    2.04034150e-03 0. 6.30377308e-02 5.86061329e-02 -2.99999733e-02
    7.07413955e-03 7.21880235e-03 1.80091549e-04 1.15979114e-03
    7.80692091e-04 8.69792886e-04 -3.37882526e-02 1.52008468e-02
    -2.99999360e-02 3.45853828e-02 -1.56110781e-03 2.50706589e-03
    -6.83144154e-03 7.61133060e-03 8.48924369e-02 1.76237226e-02
    -2.96459603e-03 -2.99999453e-02 1.88187864e-02 1.88187864e-02
    -1.58238353e-03 1.58238353e-03 6.34757977e-04 6.34757977e-04
    8.19319487e-03 6.07077740e-02 -2.99999285e-02 2.98221741e-04 0. 0.
    2.21965677e-42 0. 7.39885589e-43 -6.07981794e-02 -2.74804235e-02
    -2.99999043e-02 1.01970555e-03 1.01970555e-03 -2.98196101e-04
    1.67390774e-03 1.04015158e-03 1.04015158e-03 3.57842110e-02
    -2.07457319e-02 -2.99999416e-02 3.07406522e-02 3.34609300e-04
    3.56446803e-02 -1.01890450e-03 3.89096513e-03 -6.76444219e-03
    7.78069999e-03 7.35367462e-02 -2.99999379e-02 2.13789772e-02
    2.14492790e-02 9.95559897e-03 1.55696608e-02 -2.02981057e-03
    3.14989663e-03 2.27268264e-02 6.46802336e-02 -2.99999695e-02
    9.90079250e-04 2.77650799e-03 5.05387457e-03 3.11577483e-03
    1.01736793e-02 -7.04973638e-02 7.36211240e-03 6.09978586e-02
    -2.99999341e-02 -6.64200215e-03 1.21433865e-02 -8.41077492e-02
    2.44070470e-01 1.69500887e-01 3.00459266e-01 -6.55464455e-02
    -2.08031330e-02 -2.99998969e-02 1.30779117e-01 8.70226771e-02
    9.07011405e-02 9.58182365e-02 2.77018070e-01 -1.54424891e-01
    5.25840372e-03 -1.03069805e-02 -2.99999546e-02 9.30046546e-04
    1.20789362e-02 -4.64497544e-02 5.88406213e-02 7.57800823e-04
    1.48184216e-02 -3.33848782e-02 8.62649921e-03 -2.99999099e-02
    7.20834360e-02 -4.25606184e-02 5.35262376e-02 3.18082352e-03
    5.26750460e-03 -7.73790386e-03 3.71889770e-02 2.57113595e-02
    -2.99999677e-02 1.65932029e-02 1.25971615e-01 -4.23844531e-02
    6.79637343e-02 1.58489361e-01 1.98833928e-01 6.52699023e-02
    6.91495240e-02 -2.99999584e-02 1.71007738e-01 1.07968032e-01
    2.16083258e-01 -5.84450141e-02 8.95186737e-02 2.60443371e-02
    6.82971403e-02 6.94824606e-02 -2.99999509e-02 3.32828425e-02
    6.44080341e-02 -5.69193810e-03 6.06495794e-03 6.83045306e-04
    8.93250923e-04 5.08590192e-02 6.31931946e-02 -2.99999714e-02
