<?xml version="1.0"?>
<opencv_storage>
<keypoint2d008 type_id="opencv-matrix">
  <rows>1275</rows>
  <cols>1</cols>
  <dt>"2f"</dt>
  <data>
    2.11506470e+02 1.06405952e+02 2.25937759e+02 1.05841110e+02
    2.22581604e+02 1.06149193e+02 3.16070557e+02 9.92008057e+01
    1.96167191e+02 8.22603683e+01 1.96680115e+02 1.33180511e+02
    3.03005432e+02 3.63433563e+02 2.14622040e+02 8.20617523e+01
    3.02072754e+02 1.01638809e+02 2.11437424e+02 8.50630341e+01
    2.05855423e+02 8.40465546e+01 1.96453445e+02 1.31349899e+02
    2.08880539e+02 9.02374649e+01 2.81131195e+02 8.01973038e+01
    3.26649017e+02 7.01027374e+01 3.28993195e+02 9.16428299e+01
    3.69626282e+02 1.68129990e+02 2.24325470e+02 7.82376480e+01
    2.51560760e+02 9.56626434e+01 2.99352783e+02 9.61301117e+01
    3.82688660e+02 1.67766373e+02 2.52039169e+02 8.59682770e+01
    2.36680771e+02 1.07889275e+02 3.69147095e+02 1.70775955e+02
    2.03906540e+02 1.12937706e+02 2.04864365e+02 9.95162125e+01
    4.09309570e+02 7.21012802e+01 2.93936920e+02 3.93162933e+02
    3.86513031e+02 1.70396027e+02 2.79836426e+02 7.54619293e+01
    3.88449585e+02 2.26587463e+02 4.12675262e+02 1.00098228e+02
    3.90709625e+02 1.93563736e+02 3.37103912e+02 3.99091492e+02
    2.98159790e+02 3.88057007e+02 3.18141724e+02 7.36702118e+01
    3.23730469e+02 4.20933014e+02 2.73225708e+02 1.09537422e+02
    2.50077057e+02 1.03153366e+02 2.33267868e+02 7.92032471e+01
    3.57847931e+02 3.74210876e+02 2.28749298e+02 1.00688927e+02
    3.77921448e+02 7.37976532e+01 2.83824371e+02 9.35844955e+01
    2.11843079e+02 1.31069412e+02 3.08697113e+02 1.06284431e+02
    3.24165161e+02 4.17697662e+02 2.51728638e+02 1.10114204e+02
    3.51604797e+02 7.46648178e+01 3.41133331e+02 1.02588165e+02
    2.43636963e+02 1.15283752e+02 2.48295395e+02 8.42619171e+01
    2.88393555e+02 3.03748688e+02 3.79799438e+02 7.44236221e+01
    3.81792816e+02 4.25803955e+02 3.06331787e+02 3.73921753e+02
    2.88931061e+02 3.78224792e+02 4.19436920e+02 4.19814545e+02
    2.47673508e+02 1.07284676e+02 4.45731903e+02 3.17975891e+02
    2.35672882e+02 9.60693588e+01 3.38927277e+02 9.13355408e+01
    3.84369446e+02 2.24045929e+02 3.11818420e+02 7.72584763e+01
    3.90517792e+02 2.41491760e+02 3.75222687e+02 2.43120850e+02
    3.60322510e+02 3.94966156e+02 3.95894104e+02 4.25174744e+02
    3.48244415e+02 7.32567749e+01 2.35614227e+02 9.71846085e+01
    2.81585846e+02 3.95321350e+02 3.77332062e+02 7.00374069e+01
    3.55411774e+02 3.75439392e+02 3.07907043e+02 9.55282135e+01
    4.46686829e+02 3.17334991e+02 4.33591095e+02 4.17979492e+02
    4.00937836e+02 9.82871628e+01 2.86064789e+02 9.14647293e+01
    2.34278809e+02 7.64723663e+01 3.55415192e+02 2.65563660e+02
    2.52538330e+02 1.08401222e+02 2.91363220e+02 3.90350433e+02
    3.59153198e+02 3.64244354e+02 3.37780853e+02 7.65481033e+01
    3.68871429e+02 1.74941086e+02 3.86636047e+02 3.40191620e+02
    2.95174713e+02 3.96094238e+02 3.37618958e+02 7.78666153e+01
    2.02451599e+02 1.09694901e+02 3.09703430e+02 3.54012268e+02
    4.24312378e+02 3.69980194e+02 3.08727905e+02 9.26056747e+01
    2.73887299e+02 8.46264267e+01 3.95741302e+02 1.74016861e+02
    3.68941284e+02 3.72911621e+02 2.87287354e+02 9.56050873e+01
    2.68440643e+02 9.45305710e+01 3.31221191e+02 8.27453613e+01
    2.68549530e+02 9.55967560e+01 3.95354492e+02 2.10112289e+02
    4.23691589e+02 3.71860779e+02 3.12856659e+02 3.53821869e+02
    3.10131805e+02 3.07594910e+02 3.90114563e+02 4.30649414e+02
    4.11469513e+02 3.93694214e+02 4.04173767e+02 8.60607071e+01
    2.45190674e+02 2.00947479e+02 3.95351349e+02 1.77228745e+02
    3.99899750e+02 9.52091980e+01 3.72018097e+02 4.04438599e+02
    2.44806641e+02 9.39799576e+01 2.83732971e+02 1.00901665e+02
    2.98698608e+02 3.09568146e+02 2.81909729e+02 3.14065918e+02
    3.16426392e+02 3.53774628e+02 3.07806366e+02 7.54171371e+01
    2.66168701e+02 8.17788544e+01 2.88137207e+02 1.02738319e+02
    4.07001831e+02 3.62019501e+02 3.72894531e+02 7.88539200e+01
    3.72064178e+02 9.95785294e+01 3.29085663e+02 4.10565308e+02
    4.21240692e+02 3.68128815e+02 2.31370850e+02 1.25709473e+02
    2.89574646e+02 8.53245239e+01 3.07938995e+02 8.79283371e+01
    4.52473389e+02 3.26256042e+02 2.40341370e+02 1.20674255e+02
    2.15807846e+02 9.31426926e+01 3.68185608e+02 8.59495697e+01
    3.88458099e+02 2.07631668e+02 3.97734070e+02 9.39834290e+01
    3.83836823e+02 2.37856506e+02 3.91688507e+02 4.03993286e+02
    3.38652557e+02 3.66962402e+02 3.72962585e+02 9.63211365e+01
    3.37534454e+02 8.70586395e+01 2.14753082e+02 9.47856750e+01
    3.79651703e+02 1.77454590e+02 2.66176361e+02 9.37525482e+01
    2.52635208e+02 1.21388786e+02 2.95768005e+02 3.02242767e+02
    3.52855377e+02 1.71150375e+02 2.66185547e+02 1.08722672e+02
    4.52761719e+02 3.24160950e+02 2.70651337e+02 1.00810837e+02
    2.16689606e+02 9.19001389e+01 3.97755951e+02 3.80754028e+02
    4.05733978e+02 3.88015137e+02 3.81777252e+02 3.49914093e+02
    4.01172363e+02 2.37922028e+02 3.24712067e+02 1.71082428e+02
    4.15038757e+02 3.42685089e+02 3.36637787e+02 4.25976135e+02
    3.52907806e+02 3.67882416e+02 2.81331451e+02 3.01188263e+02
    3.22246948e+02 1.70941772e+02 2.06473160e+02 1.20877007e+02
    3.54543488e+02 4.27218781e+02 3.59887726e+02 1.64772171e+02
    4.29698181e+02 4.23989624e+02 3.66110382e+02 9.52229462e+01
    4.10608398e+02 4.02868469e+02 3.21177002e+02 3.71983734e+02
    3.87816162e+02 3.69124420e+02 3.01442841e+02 3.85286499e+02
    3.80713318e+02 2.34540710e+02 3.83397614e+02 3.73359528e+02
    2.95407318e+02 3.94399933e+02 4.10083466e+02 3.61447998e+02
    3.12156219e+02 3.98556366e+02 3.61348236e+02 3.33285034e+02
    3.13494476e+02 2.66193665e+02 3.40108765e+02 6.88862534e+01
    4.27174744e+02 3.62197540e+02 2.22010345e+02 9.99666061e+01
    4.45379547e+02 3.34910889e+02 3.32100891e+02 3.06542175e+02
    3.48302429e+02 3.46640442e+02 3.55664520e+02 9.57752838e+01
    2.67977020e+02 8.60100403e+01 3.79789490e+02 3.34952362e+02
    3.01573700e+02 3.94080017e+02 3.54326141e+02 9.47509003e+01
    3.20168152e+02 1.68733597e+02 3.98688538e+02 4.12230621e+02
    3.70320221e+02 1.03917122e+02 3.93278503e+02 3.45349609e+02
    3.51335846e+02 3.96593445e+02 3.85142487e+02 4.12719177e+02
    3.72695435e+02 4.00261414e+02 3.98573212e+02 2.33583847e+02
    3.46605377e+02 8.94316406e+01 3.67716705e+02 9.42803879e+01
    3.24773193e+02 3.44890930e+02 4.48177673e+02 3.47775909e+02
    4.27277832e+02 3.34640747e+02 4.29563721e+02 3.34693695e+02
    3.75938904e+02 1.71975739e+02 2.95007202e+02 2.38385773e+02
    3.81004333e+02 3.53664307e+02 3.87490112e+02 1.00113548e+02
    2.34527390e+02 1.15128365e+02 3.67630157e+02 2.33311966e+02
    3.26035461e+02 2.00785553e+02 3.38319855e+02 4.10823425e+02
    1.64524185e+02 1.66118332e+02 4.19218048e+02 3.90745087e+02
    1.68186386e+02 1.85913239e+02 3.45935944e+02 3.74437225e+02
    1.65263809e+02 1.75899536e+02 3.80751740e+02 4.12568085e+02
    4.35953918e+02 3.23132782e+02 4.45526459e+02 3.30711731e+02
    1.64430939e+02 1.85998581e+02 2.28335739e+02 1.04359482e+02
    3.49661499e+02 9.26631165e+01 4.38904388e+02 3.70620605e+02
    2.33945007e+02 2.77717285e+02 4.40662506e+02 3.73446625e+02
    3.30190613e+02 3.48820648e+02 3.43625427e+02 4.08492126e+02
    3.26896240e+02 3.61404907e+02 3.90912476e+02 4.08251434e+02
    3.73321564e+02 7.42406235e+01 2.35308945e+02 1.34144150e+02
    2.24089050e+02 9.76763687e+01 3.78205048e+02 1.80469437e+02
    2.36909943e+02 1.33890381e+02 3.30617859e+02 1.00400314e+02
    3.45131439e+02 2.79092957e+02 2.38737259e+02 4.38594666e+02
    2.92096039e+02 3.82502380e+02 2.98012787e+02 8.18638535e+01
    2.80726257e+02 1.06636490e+02 3.40377991e+02 1.98742371e+02
    2.37942642e+02 8.30180130e+01 3.44573486e+02 1.66775192e+02
    3.44671356e+02 1.68644150e+02 3.16574677e+02 3.49783905e+02
    2.93713501e+02 4.03271973e+02 4.48253632e+02 3.35946930e+02
    3.83689819e+02 9.08907394e+01 3.06908600e+02 2.76400116e+02
