<?xml version="1.0"?>
<opencv_storage>
<keypoint2d003 type_id="opencv-matrix">
  <rows>465</rows>
  <cols>1</cols>
  <dt>"2f"</dt>
  <data>
    3.82321136e+02 2.73265411e+02 3.77167206e+02 2.66491730e+02
    3.56203278e+02 3.05423126e+02 2.60353577e+02 3.16633911e+02
    2.66989105e+02 2.96832916e+02 4.01215576e+02 3.47054382e+02
    3.75158997e+02 3.09004730e+02 3.97657562e+02 3.07245453e+02
    1.73734528e+02 3.48727051e+02 2.80817139e+02 3.32992676e+02
    1.82777863e+02 3.37892029e+02 3.64010620e+02 2.78815948e+02
    3.83135223e+02 3.07809204e+02 1.75784424e+02 3.45751984e+02
    3.07696838e+02 2.96676880e+02 3.51058685e+02 2.84304108e+02
    3.77481781e+02 2.89415222e+02 2.73147430e+02 2.90072571e+02
    2.50863342e+02 3.17154266e+02 1.75361603e+02 1.67112457e+02
    3.06727264e+02 3.19616943e+02 3.60568939e+02 2.78957062e+02
    3.61217346e+02 2.98008545e+02 3.08915283e+02 2.83371429e+02
    3.67111969e+02 3.05998901e+02 3.90549255e+02 3.12324371e+02
    3.50094543e+02 3.38569183e+02 3.28494873e+02 1.71324234e+02
    2.56211792e+02 3.05489136e+02 3.45868439e+02 2.98639130e+02
    3.27604950e+02 3.44787720e+02 3.29593140e+02 3.27391968e+02
    3.17263306e+02 1.80321198e+02 2.69314301e+02 3.04587646e+02
    3.67780121e+02 3.07570404e+02 3.09372223e+02 2.76245667e+02
    3.28044495e+02 3.02278992e+02 2.84797424e+02 2.38752640e+02
    3.25028717e+02 2.89184052e+02 3.87693848e+02 2.81122711e+02
    2.30084274e+02 2.10108032e+02 3.15426392e+02 1.80793045e+02
    2.99590240e+02 2.85178314e+02 1.83986710e+02 1.37675354e+02
    3.45103119e+02 1.51983124e+02 2.98839722e+02 3.06106506e+02
    3.23189941e+02 2.91449463e+02 2.98230652e+02 2.85662537e+02
    1.75840927e+02 1.48852371e+02 2.95192535e+02 1.68393295e+02
    2.30761200e+02 1.99136932e+02 3.46889648e+02 2.28006927e+02
    3.91065369e+02 2.98000458e+02 3.95825348e+02 2.98483765e+02
    3.68333771e+02 2.88649811e+02 3.90981232e+02 2.72499939e+02
    3.25914307e+02 2.09361694e+02 3.02777374e+02 2.91926117e+02
    2.28664490e+02 1.76145020e+02 2.76887146e+02 2.34244598e+02
    3.21366333e+02 3.32049835e+02 3.10636993e+02 3.21662170e+02
    3.36375702e+02 2.83909485e+02 3.99017883e+02 3.22871918e+02
    2.60805817e+02 2.08003052e+02 2.56508179e+02 2.54818481e+02
    3.08442932e+02 2.11170273e+02 1.77146408e+02 1.45684830e+02
    3.05167969e+02 2.20760056e+02 2.61059235e+02 1.90329376e+02
    3.25533905e+02 2.78455322e+02 3.10476990e+02 2.38164413e+02
    3.92015106e+02 2.97573303e+02 2.84605499e+02 2.35158340e+02
    3.35013092e+02 3.33149872e+02 3.57024231e+02 3.42068634e+02
    2.91149963e+02 1.82972366e+02 3.15715912e+02 3.23236450e+02
    2.86566162e+02 2.87680206e+02 2.80306976e+02 3.29383545e+02
    2.71981537e+02 3.48515015e+02 2.18456940e+02 1.57238953e+02
    2.53181259e+02 2.59118591e+02 3.30702484e+02 3.41114136e+02
    2.91299072e+02 1.84669815e+02 3.96205139e+02 3.25953094e+02
    2.93986725e+02 3.27876343e+02 1.72496078e+02 2.14298843e+02
    3.71280792e+02 2.96637909e+02 3.46669281e+02 2.06657150e+02
    2.94930573e+02 2.58993225e+02 2.78785980e+02 3.50456451e+02
    2.84925354e+02 2.84812439e+02 2.76616333e+02 1.78768723e+02
    3.98122009e+02 2.86014709e+02 2.88496185e+02 2.33579224e+02
    3.62712250e+02 3.24391388e+02 2.90967712e+02 2.99021393e+02
    3.18933990e+02 2.58991547e+02 1.75811356e+02 2.14527573e+02
    3.41471100e+02 3.13328430e+02 2.54407196e+02 2.16339828e+02
    2.70408142e+02 1.88665131e+02 3.63268341e+02 2.37826767e+02
    3.86508636e+02 3.18692902e+02 3.97205994e+02 2.61296631e+02
    3.74995239e+02 3.26057312e+02 2.55393448e+02 2.00023773e+02
    2.81534973e+02 3.48881042e+02 3.31009552e+02 2.27984116e+02
    2.57155579e+02 2.65041473e+02 3.04313629e+02 1.68578308e+02
    2.77108765e+02 1.95161728e+02 2.80405975e+02 2.93705994e+02
    2.51026520e+02 2.37847916e+02 3.83219574e+02 3.18377625e+02
    2.84360870e+02 3.27902618e+02 3.89858337e+02 2.42300949e+02
    3.51238342e+02 3.18082184e+02 2.82034210e+02 3.42815125e+02
    3.30292725e+02 1.65194153e+02 3.91408966e+02 2.47545685e+02
    2.80694000e+02 2.64992615e+02 3.69521301e+02 2.92629822e+02
    3.72316986e+02 3.50449371e+02 2.36186035e+02 2.03193161e+02
    2.67503540e+02 3.47083099e+02 3.69837738e+02 2.52601807e+02
    2.69061157e+02 2.53574051e+02 2.89690216e+02 3.33750549e+02
    3.15170929e+02 2.59626129e+02 3.16014008e+02 3.44916229e+02
    2.56789124e+02 2.80319031e+02 2.60518158e+02 3.17704529e+02
    3.06955505e+02 2.56054260e+02 3.03003387e+02 2.83420807e+02
    2.61457336e+02 1.70912857e+02 3.37237061e+02 2.01749176e+02
    2.25897064e+02 2.39589615e+02 3.20065796e+02 2.36942490e+02
    3.65145752e+02 3.19999298e+02 2.57087494e+02 2.38207123e+02
    3.10269379e+02 3.31230011e+02 1.71903961e+02 3.26737244e+02
    3.31778870e+02 1.90818909e+02 2.36538681e+02 2.83919769e+02
    2.90627319e+02 1.94869186e+02 3.54695312e+02 1.40317261e+02
    3.68906158e+02 2.59506439e+02 2.81890869e+02 2.75856415e+02
    2.55284653e+02 2.39023956e+02 3.93151123e+02 2.91136444e+02
    3.93318054e+02 2.59169464e+02 3.58691589e+02 3.25429810e+02
    3.54264526e+02 2.22649429e+02 3.10964783e+02 2.59097473e+02
    2.71068573e+02 1.66228043e+02 3.80001740e+02 3.48703613e+02
    4.01829315e+02 2.51835007e+02 2.79492889e+02 2.76729401e+02
    2.99013641e+02 1.79182053e+02 3.06680298e+02 2.64969360e+02
    2.89710083e+02 2.03625717e+02 3.14763550e+02 2.58016968e+02
    2.77822296e+02 2.77579468e+02 3.03487488e+02 1.52974625e+02
    2.78504761e+02 1.98154175e+02 2.93244293e+02 3.24422089e+02
    2.46533478e+02 2.81102905e+02 1.69540619e+02 3.29902313e+02
    3.40146851e+02 1.70980591e+02 2.81776276e+02 3.04845123e+02
    3.14755737e+02 2.55987549e+02 3.45720917e+02 3.46566742e+02
    2.50901199e+02 3.45048645e+02 2.68072632e+02 3.34270386e+02
    2.83459259e+02 2.95747467e+02 3.52867340e+02 2.65814026e+02
    1.72207748e+02 3.28684143e+02 3.44775421e+02 2.15266373e+02
    3.31758942e+02 1.89828400e+02 2.86852478e+02 1.56115616e+02
    2.85518372e+02 3.40486633e+02 2.81232513e+02 1.87048782e+02
    3.02968384e+02 1.52583450e+02 3.54534119e+02 2.40455658e+02
    2.25770660e+02 1.88486359e+02 3.13380432e+02 3.43446136e+02
    3.44264404e+02 1.86076294e+02 2.98705780e+02 2.59854248e+02
    2.99661163e+02 2.78365723e+02 2.55977798e+02 1.71996307e+02
    2.95513458e+02 3.50876160e+02 3.21073669e+02 2.28367737e+02
    3.64046600e+02 3.49902161e+02 2.79958282e+02 2.50725510e+02
    2.85091339e+02 3.03270020e+02 2.80418335e+02 3.18507141e+02
    3.43995819e+02 3.33046997e+02 2.93978943e+02 2.12272064e+02
    3.94284424e+02 2.48563843e+02 3.57358246e+02 2.93946991e+02
    3.02026154e+02 2.61054626e+02 3.13807098e+02 2.50810791e+02
    3.32025360e+02 3.10667206e+02 3.98795410e+02 3.39650940e+02
    2.21759277e+02 2.30418732e+02 2.99584717e+02 2.50600418e+02
    2.22250473e+02 1.87569626e+02 2.14230255e+02 2.77167816e+02
    3.85400818e+02 3.39964172e+02 2.34078110e+02 2.39475372e+02
    2.06382812e+02 3.20329010e+02 2.67237152e+02 2.50218811e+02
    1.68984238e+02 3.15053040e+02 2.78744781e+02 2.87871063e+02
    3.86166229e+02 3.22747833e+02 2.80381958e+02 2.54165039e+02
    2.12280701e+02 2.39962875e+02 2.89703979e+02 2.60945251e+02
    2.89922333e+02 2.56072784e+02 3.36472473e+02 3.46579681e+02
    3.15215668e+02 3.33471863e+02 2.63987823e+02 2.38173035e+02
    3.25995209e+02 1.51962906e+02 3.88019592e+02 3.34374847e+02
    3.68039581e+02 2.47795761e+02 2.66929260e+02 2.38109772e+02
    3.51731445e+02 3.50780762e+02 2.78303619e+02 3.05004120e+02
    2.83495483e+02 1.87882156e+02 3.94610199e+02 2.57881348e+02
    3.66680145e+02 3.40262268e+02 3.00201752e+02 3.46922577e+02
    2.28783859e+02 3.48252014e+02 2.95093750e+02 2.46332321e+02
    3.02747620e+02 3.26574493e+02 2.97450134e+02 3.47246124e+02
    3.78077789e+02 2.89364105e+02 2.41561996e+02 1.80073807e+02
    2.81229736e+02 2.59915253e+02 2.89958130e+02 2.51757111e+02
    2.99103058e+02 2.54358765e+02 3.80831787e+02 3.41037903e+02
