<?xml version="1.0"?>
<opencv_storage>
<keypoint3d007 type_id="opencv-matrix">
  <rows>423</rows>
  <cols>3</cols>
  <dt>"3f"</dt>
  <data>
    1.80202127e-02 1.00000054e-01 -3.25870290e-02 3.65499854e-02
    -2.43749772e-03 5.31206792e-03 -1.23170391e-03 5.12124319e-03
    3.23727667e-01 8.18575025e-02 1.22015029e-01 -3.00000273e-02
    1.18501473e-03 4.65348735e-02 -5.15607279e-03 1.05632581e-02
    -6.30963221e-03 7.26683391e-03 5.62804490e-02 9.99999940e-02
    -5.93710542e-02 1.01375459e-02 -1.76632532e-03 7.76561955e-03
    -4.20638884e-04 1.63993915e-03 4.24111640e-04 3.55224162e-02
    9.99999940e-02 -3.43912430e-02 7.40871823e-04 1.11159356e-03
    -5.48755098e-03 2.64600106e-02 -1.96083188e-02 3.42424773e-02
    4.18265238e-02 9.99999866e-02 -3.50122191e-02 2.94531370e-03
    2.43900657e-01 3.04854155e-01 3.94085079e-01 4.47273731e-01
    -1.16685713e-02 6.80387616e-02 9.11778063e-02 -3.00000124e-02
    -4.22835071e-03 5.88240102e-03 -9.70467739e-03 1.61240902e-02
    -2.83909310e-03 6.59166602e-03 5.63259535e-02 1.12220742e-01
    -3.00000161e-02 1.49847870e-03 -5.65020127e-05 1.36313692e-03
    -1.00424304e-03 2.05003074e-03 1.84100456e-04 2.42071562e-02
    9.99999940e-02 -3.27136368e-02 -7.78777641e-04 4.70445212e-03
    -4.57263777e-05 6.53379539e-04 4.99570451e-05 5.21391048e-04
    6.99999705e-02 9.22824070e-02 -6.47928342e-02 7.76959509e-02
    -3.38284997e-03 9.01529659e-03 -4.92229650e-04 7.95196276e-04
    -2.11765897e-03 6.99999705e-02 8.62185508e-02 -6.06497861e-02
    1.18081145e-04 4.58092254e-04 1.01749389e-03 1.97940413e-03
    -1.57982533e-04 1.62878350e-04 5.10413796e-02 9.30403695e-02
    -3.00000198e-02 2.59027001e-04 -8.59231950e-05 1.61519492e-04
    2.48601558e-40 0. 7.39885589e-43 6.79033622e-02 9.20538604e-02
    -3.00000049e-02 3.62197577e-04 6.04409142e-04 -7.18197261e-04
    7.18197261e-04 8.23689479e-05 4.84034797e-04 5.06586209e-02
    7.79501796e-02 -3.00000273e-02 0. 6.36553741e-05 6.36553741e-05
    4.23684390e-03 4.23684390e-03 -3.84155544e-03 5.31781651e-02
    9.99999791e-02 -6.28849417e-02 3.16087971e-04 3.16087971e-04
    2.12465203e-03 2.25791358e-03 -2.32462335e-04 2.60716770e-04
    4.22207415e-02 9.99999866e-02 -4.87766378e-02 1.76611604e-04
    1.34405229e-04 2.84810259e-04 -5.88167110e-04 5.51233115e-03
    3.12129240e-02 9.22075361e-02 1.32167086e-01 -3.00000161e-02
    -6.24997774e-03 1.38557637e-02 1.48380678e-02 4.86307479e-02
    2.96762884e-01 3.06310236e-01 6.66646808e-02 8.05320740e-02
    -3.00000235e-02 1.75720155e-02 -3.13087665e-02 3.22601832e-02
    -2.25199899e-03 2.25199899e-03 1.92739547e-03 3.46870534e-02
    1.00000076e-01 -6.35616407e-02 -3.36391898e-03 3.44419759e-03
    -1.13681785e-03 1.23261800e-03 1.18423937e-04 2.14224157e-04
    6.99999630e-02 1.08634226e-01 -8.06529447e-02 1.07687088e-02
    -1.35245910e-02 1.43946949e-02 8.31370801e-03 9.63579863e-03
    -2.54949518e-02 4.66798060e-02 7.76932538e-02 -3.00000217e-02
    2.32495163e-02 2.41174549e-02 1.55463874e-01 2.43015856e-01
    -1.77927539e-02 1.77927539e-02 6.02813102e-02 7.82138705e-02
    -3.00000198e-02 3.10127176e-02 -5.31541444e-02 5.31541444e-02
    -1.31641247e-03 7.73049798e-03 -3.46662756e-03 6.99999630e-02
    8.75276029e-02 -6.59824163e-02 4.92861436e-04 9.30703594e-04
    1.67220552e-03 1.81975181e-03 1.58974603e-02 1.65055506e-02
    3.03694140e-02 9.99999940e-02 -4.43035960e-02 6.68822089e-03
    9.22168329e-05 3.03359149e-04 1.52382273e-02 1.52382273e-02
    4.74374136e-03 6.15756027e-02 9.75975841e-02 -3.00000161e-02
    -1.79372029e-04 1.79372029e-04 0. 0. 4.72955173e-03 5.09571191e-03
    6.41860440e-02 1.20382540e-01 -3.00000124e-02 6.75425632e-04
    -7.71855994e-05 7.71855994e-05 1.21673872e-03 1.23099692e-03
    -1.82923023e-03 5.85113838e-02 9.99999791e-02 -5.50515912e-02
    2.49341444e-40 0. 7.39885589e-43 0. 1.97932473e-03 2.09525251e-03
    6.99999928e-02 7.20896721e-02 -3.56328972e-02 9.87723377e-03
    -8.57499763e-05 1.89474697e-04 8.41329992e-03 8.41329992e-03
    1.85129941e-02 1.09144617e-02 1.00000039e-01 -1.03835687e-02 0. 0.
    -2.45013628e-02 2.53407173e-02 -8.62064771e-03 8.58269632e-02
    6.99999705e-02 1.03635609e-01 -6.99819773e-02 2.42085848e-02
    -6.23124931e-03 7.14487676e-03 -6.40974566e-03 6.89981785e-03
    -1.00174278e-03 6.75293729e-02 9.35300589e-02 -3.00000049e-02
    8.86272267e-03 3.70487906e-02 2.74021886e-02 3.88553776e-02
    -4.63707484e-02 9.55605209e-02 6.36658072e-02 1.19844645e-01
    -3.00000086e-02 5.92434034e-02 3.93810272e-02 7.83000365e-02
    -1.03204891e-01 2.67196983e-01 -6.68798462e-02 6.03580512e-02
    7.85247907e-02 -3.00000198e-02 1.39505759e-01 1.97878644e-01
    -7.28265122e-02 1.37428284e-01 1.26201019e-01 1.29209936e-01
    6.99999630e-02 1.04168788e-01 -7.72303864e-02 3.87367308e-02
    -5.42374887e-03 1.44801643e-02 3.11345141e-02 3.11345141e-02
    -4.17045653e-02 3.91472615e-02 9.99999866e-02 -5.78476340e-02
    1.19046238e-03 4.96114604e-02 2.03091092e-02 2.03091092e-02
    1.60557792e-01 1.60557792e-01 6.99999630e-02 9.75590348e-02
    -6.47760928e-02 2.87221700e-01 0. 0. 6.80766776e-02 1.73781455e-01
    1.67676985e-01 5.52825332e-02 8.06860179e-02 -3.00000124e-02
    1.89330280e-02 4.70979698e-02 -1.06278956e-01 1.43891856e-01
    -6.73725735e-03 1.68520007e-02 5.77278808e-02 1.17736280e-01
    -3.00000235e-02 4.37716246e-02 -1.95108205e-02 1.95108205e-02
    -2.57447339e-03 5.54805622e-03 -4.32145520e-04 6.99999630e-02
    1.03719160e-01 -7.68168494e-02 2.54285112e-02 2.54285112e-02
    3.69140022e-02 3.69140022e-02 -1.09189469e-02 3.22747976e-02
    6.63223267e-02 8.72762725e-02 -3.00000198e-02 2.63708495e-02
    4.24220366e-03 1.55769810e-02 3.39351152e-03 3.16160917e-02
    -1.44248260e-02 1.96251012e-02 1.00000054e-01 -3.02168224e-02
    2.33500032e-03 2.35393504e-03 -4.03160557e-05 8.18315428e-04
    8.30671564e-03 8.47271364e-03 4.28195484e-02 9.99999791e-02
    -6.09827973e-02 0. 0. 0. 0. 0. 0. 3.60253528e-02 1.00000076e-01
    -6.63092136e-02 1.37526775e-02 1.37526775e-02 9.06806812e-03
    9.06806812e-03 8.88766779e-04 2.64125178e-03 2.39668265e-02
    1.00000069e-01 -4.09107134e-02 7.60870874e-02 2.01431047e-02
    2.01431047e-02 5.06207161e-03 9.28778108e-03 0. 6.54384345e-02
    7.28973970e-02 -3.00000049e-02 7.41843760e-05 8.33273734e-05
    8.95078701e-05 1.65235047e-04 1.54560039e-04 1.67067119e-04
    6.59699515e-02 9.57953632e-02 -3.00000273e-02 0. 0. 0. 0. 0.
    7.65724033e-02 5.27648926e-02 9.99999866e-02 -7.37437904e-02
    -2.06198939e-03 9.51774511e-03 0. 0. 3.23698312e-01 3.23698312e-01
    4.86137718e-02 1.12252720e-01 -3.00000124e-02 5.93164116e-02 0. 0.
    3.65386622e-05 1.13217521e-03 -8.18835106e-05 4.70790341e-02
    9.99999940e-02 -5.09558655e-02 -1.10192617e-04 6.86381536e-04 0. 0.
    0. 0. 4.17329744e-02 7.04749823e-02 -3.00000273e-02 0.
    1.08737275e-01 1.08737275e-01 6.68289959e-02 6.68289959e-02
    3.74912145e-03 5.88220060e-02 8.91212225e-02 -3.00000161e-02
    3.81087124e-01 3.81087124e-01 2.79356003e-01 2.79356003e-01
    7.47152045e-03 5.30154109e-02 6.99999705e-02 8.38903561e-02
    -5.50224334e-02 2.58066831e-03 1.85640925e-03 1.94079091e-03
    -2.61060253e-04 1.36964908e-03 1.60716183e-04 3.74071300e-02
    9.99999791e-02 -3.20138559e-02 0. 0. 0. 0. 0. 0. 6.99999630e-02
    9.79650989e-02 -7.13591203e-02 7.06478721e-03 7.67427031e-04
    2.74794386e-03 0. 0. 6.07045963e-02 6.58068880e-02 9.56813022e-02
    -3.00000273e-02 2.70712469e-03 7.20501784e-03 1.25182014e-05
    3.19989995e-05 6.06628164e-05 1.90109393e-04 6.09799586e-02
    9.99999791e-02 -6.30419552e-02 2.35618441e-04 -4.89420127e-05
    4.98367444e-05 2.50821215e-40 0. 7.39885589e-43 5.95322475e-02
    6.93012923e-02 -3.00000086e-02 2.59336899e-03 5.44674275e-03
    1.08425994e-03 2.56843097e-03 2.07257457e-03 2.13528587e-03
    6.99999630e-02 9.88323539e-02 -7.22694993e-02 3.22215185e-02
    7.92539399e-03 8.63559265e-03 -9.07320622e-03 9.07320622e-03
