<?xml version="1.0"?>
<opencv_storage>
<keypoint2d004 type_id="opencv-matrix">
  <rows>1032</rows>
  <cols>1</cols>
  <dt>"2f"</dt>
  <data>
    3.52853790e+02 2.39878067e+02 3.57328339e+02 2.32040314e+02
    3.26988739e+02 2.30823044e+02 3.65477600e+02 2.38827469e+02
    3.23010193e+02 2.39889297e+02 3.46099152e+02 2.45962128e+02
    3.37914368e+02 2.38340195e+02 4.19441315e+02 2.37611710e+02
    3.59190033e+02 2.45987854e+02 3.45450653e+02 2.32143585e+02
    3.59644501e+02 2.32807785e+02 3.60804382e+02 2.44947739e+02
    4.12970490e+02 2.37471008e+02 3.31360443e+02 2.45819351e+02
    3.72370544e+02 2.45994614e+02 4.24733673e+02 2.44607773e+02
    4.12497467e+02 2.72616211e+02 3.14028046e+02 2.32583694e+02
    3.29920288e+02 2.32133377e+02 4.25485657e+02 2.09413467e+02
    4.20551331e+02 2.93670837e+02 3.24594543e+02 2.77144958e+02
    3.96582977e+02 2.36770050e+02 3.90510468e+02 2.04951950e+02
    3.72158905e+02 2.32708618e+02 3.89566315e+02 1.46978165e+02
    3.11383301e+02 2.82584045e+02 3.15475739e+02 2.46433121e+02
    4.31371307e+02 3.83659851e+02 2.89362366e+02 2.91622803e+02
    4.29359833e+02 3.82113770e+02 2.93340424e+02 2.95673157e+02
    3.92705444e+02 2.02413315e+02 3.46028076e+02 1.83065903e+02
    3.09635559e+02 2.80078400e+02 3.26911621e+02 2.77136475e+02
    3.89821350e+02 2.27891525e+02 4.16932434e+02 2.69476044e+02
    2.88217194e+02 4.26527466e+02 4.29081909e+02 2.86154053e+02
    3.01071381e+02 2.37724838e+02 3.72744781e+02 1.66088531e+02
    4.19356842e+02 2.02858154e+02 4.10399536e+02 1.79772797e+02
    4.22214111e+02 2.04257339e+02 2.98783783e+02 1.70182495e+02
    4.25850739e+02 2.29643524e+02 3.34210663e+02 1.85050613e+02
    2.37784439e+02 5.76283646e+01 3.20982208e+02 2.25809753e+02
    4.19983978e+02 3.71291138e+02 4.11083252e+02 1.95023270e+02
    3.22497162e+02 1.60972961e+02 3.51508698e+02 2.27112076e+02
    3.64593140e+02 1.99095169e+02 3.08916901e+02 1.61523239e+02
    4.09128510e+02 3.63010437e+02 3.78223480e+02 2.17107880e+02
    3.89829376e+02 2.45764236e+02 2.91268097e+02 4.22325989e+02
    3.00355591e+02 4.10238007e+02 2.97558319e+02 2.45455383e+02
    2.32669937e+02 3.30828125e+02 3.85414185e+02 2.56700867e+02
    2.33841385e+02 3.32550446e+02 2.19378815e+02 4.04332428e+02
    2.35597229e+02 2.08774551e+02 3.11859406e+02 1.64585068e+02
    2.98473267e+02 1.89449799e+02 4.30893005e+02 7.22925873e+01
    4.24775421e+02 1.55977646e+02 3.92717102e+02 2.44721710e+02
    3.24626740e+02 1.65864777e+02 3.41531891e+02 1.54558975e+02
    3.64747040e+02 1.72852432e+02 4.25839233e+02 1.54484818e+02
    3.56806793e+02 1.95503845e+02 3.60176788e+02 1.57731323e+02
    3.07984650e+02 2.00359482e+02 3.03970093e+02 1.99991272e+02
    3.85479248e+02 1.40118820e+02 2.34377991e+02 2.07401337e+02
    3.12393707e+02 2.38848984e+02 2.31342163e+02 3.28633789e+02
    3.14488739e+02 2.07789230e+02 2.57538727e+02 5.08148613e+01
    4.02097015e+02 8.63075943e+01 3.22958710e+02 1.51165512e+02
    2.94007263e+02 3.51232376e+01 3.20340729e+02 2.01712982e+02
    2.34051575e+02 1.03798592e+02 2.36206360e+02 8.45056458e+01
    2.01800339e+02 2.24976654e+02 4.34258636e+02 2.18464539e+02
    2.27535416e+02 4.20795746e+02 2.93174622e+02 3.48860321e+01
    2.37355728e+02 9.88831482e+01 3.00716370e+02 1.96188675e+02
    2.31978668e+02 3.82082184e+02 2.29925476e+02 4.25961700e+02
    4.27514191e+02 2.60561157e+02 3.12046844e+02 2.00822968e+02
    4.37533081e+02 4.06409393e+02 3.58195801e+02 9.03936920e+01
    2.32464478e+02 2.03299179e+02 4.29922943e+02 7.40339203e+01
    2.97240723e+02 5.70155830e+01 3.81206360e+02 2.40784958e+02
    2.55108612e+02 7.03797226e+01 3.43669250e+02 2.03226746e+02
    3.85460236e+02 2.21738113e+02 2.31901764e+02 7.80445328e+01
    3.51759369e+02 2.53676285e+02 2.97613770e+02 2.32368927e+02
    2.02293671e+02 1.31149841e+02 4.33373535e+02 2.16975311e+02
    2.29726822e+02 3.62791229e+02 3.81114380e+02 9.63247833e+01
    3.85787476e+02 2.13734711e+02 2.28146347e+02 3.58872223e+02
    3.53790070e+02 4.61536789e+01 3.70817413e+02 1.94425369e+02
    3.60555695e+02 2.04152100e+02 2.33668228e+02 4.32254669e+02
    4.05996857e+02 2.71656036e+02 3.61505951e+02 1.36147461e+02
    2.02344955e+02 4.94926987e+01 2.22117325e+02 1.98999710e+02
    1.95981689e+02 2.14550262e+02 3.58409119e+02 2.04028885e+02
    4.28043945e+02 2.16682831e+02 3.26690338e+02 7.78269653e+01
    3.43562439e+02 1.62812912e+02 2.31486267e+02 2.15480438e+02
    3.17986694e+02 7.96836014e+01 2.66313416e+02 5.18005104e+01
    3.80035248e+02 8.86466370e+01 1.98344193e+02 3.23648773e+02
    2.30117523e+02 3.98030090e+02 2.94688965e+02 2.30041718e+02
    3.19942871e+02 2.18980453e+02 3.70996643e+02 1.78058426e+02
    3.79523285e+02 9.31392212e+01 3.42300293e+02 2.25065979e+02
    3.20115906e+02 1.69712341e+02 3.48920105e+02 4.80980225e+01
    3.69927002e+02 2.72041779e+02 2.34478210e+02 2.23751602e+02
    3.61675842e+02 1.05303131e+02 3.22297791e+02 7.85225220e+01
    3.39659088e+02 2.74992004e+02 1.97501617e+02 4.11196930e+02
    3.21318451e+02 2.54180359e+02 3.74691315e+02 2.12800217e+02
    3.46956390e+02 2.77322510e+02 3.88565369e+02 2.17555481e+02
    3.77547760e+02 2.76079834e+02 3.68851990e+02 2.23372223e+02
    3.16511658e+02 8.04154358e+01 2.39220917e+02 3.38970795e+02
    3.59418732e+02 1.65555313e+02 2.82250702e+02 3.02727127e+01
    2.29526031e+02 2.34189651e+02 2.66315765e+02 6.72040558e+01
    2.88653778e+02 4.10870941e+02 2.97424408e+02 1.08526100e+02
    1.96735321e+02 3.88376526e+02 3.24002502e+02 1.20253708e+02
    2.21990555e+02 2.49967728e+02 3.66861908e+02 2.20021362e+02
    3.47727295e+02 9.24354477e+01 2.88677246e+02 3.93851898e+02
    3.55274261e+02 2.21015671e+02 2.22221527e+02 2.40567932e+02
    2.02549744e+02 1.13753342e+02 2.32709473e+02 2.28067123e+02
    2.88978119e+02 5.52664337e+01 1.98918213e+02 2.78228302e+02
    1.99744217e+02 4.10390656e+02 3.95843994e+02 2.57928650e+02
    4.21066803e+02 1.18130760e+02 2.87189453e+02 5.58667412e+01
    3.64192078e+02 2.53038742e+02 3.35462952e+02 1.82037964e+02
    2.89201416e+02 3.68793060e+02 3.00225006e+02 1.42306229e+02
    2.00918777e+02 1.43880096e+02 3.54542511e+02 8.66981277e+01
    2.88504517e+02 6.08184814e+01 3.65150665e+02 9.70707550e+01
    2.33655365e+02 3.46864258e+02 2.04671967e+02 2.28086807e+02
    3.56102997e+02 2.61378113e+02 2.01067352e+02 1.60904282e+02
    2.70668243e+02 5.74516869e+01 3.95276520e+02 2.62237000e+02
    3.03700623e+02 3.86303101e+01 2.41162384e+02 3.40846893e+02
    2.23619034e+02 1.40722885e+02 2.89096191e+02 3.51137115e+02
    3.05640533e+02 5.40164757e+01 2.34197632e+02 3.45117737e+02
    2.57900421e+02 3.24355774e+01 3.25439667e+02 1.92512192e+02
    3.62748383e+02 5.39991837e+01 2.11254410e+02 2.01840042e+02
    2.34236755e+02 2.42617661e+02 2.65296844e+02 6.45211411e+01
    4.03608948e+02 1.38984695e+02 3.09966827e+02 1.82680908e+02
    2.88546448e+02 3.85323456e+02 2.03503601e+02 3.16045929e+02
    2.89359192e+02 4.88545418e+01 2.36995575e+02 1.83332352e+02
    2.06928757e+02 1.13930824e+02 2.33594955e+02 4.03826202e+02
    2.86457947e+02 4.58215942e+01 3.39896301e+02 2.62163483e+02
    3.95714661e+02 2.14448242e+02 2.02761429e+02 3.89260986e+02
    4.25543396e+02 1.96844971e+02 2.33494171e+02 2.57133240e+02
    3.88724335e+02 1.03421524e+02 2.01701324e+02 3.19425842e+02
    2.96789673e+02 1.55043106e+02 2.36109314e+02 1.48803116e+02
    3.73416016e+02 1.58930664e+02 2.88884064e+02 4.02448364e+02
    1.99810013e+02 1.97461365e+02 2.04555878e+02 9.70427933e+01
    2.01052078e+02 3.41397522e+02 3.74144684e+02 5.19682579e+01
    3.38284149e+02 1.21674637e+02 2.05718796e+02 9.36662750e+01
    2.33104233e+02 3.68876221e+02 4.01993225e+02 1.05044456e+02
    3.98895630e+02 2.15617737e+02 4.25625488e+02 1.82968536e+02
    4.05674164e+02 2.54758240e+02 3.42117828e+02 9.92119293e+01
    2.25792389e+02 6.71016998e+01 1.96845734e+02 1.22541534e+02
    2.31901352e+02 2.76288025e+02 3.06264160e+02 3.93383942e+01
