<?xml version="1.0"?>
<opencv_storage>
<keypoint2d004 type_id="opencv-matrix">
  <rows>371</rows>
  <cols>1</cols>
  <dt>"2f"</dt>
  <data>
    3.74824310e+02 1.89927719e+02 4.46176544e+02 1.88289795e+02
    3.35675873e+02 2.61953003e+02 3.17830078e+02 1.40294510e+02
    3.66035187e+02 1.94942566e+02 4.50756775e+02 1.93190186e+02
    3.64408325e+02 1.85877304e+02 3.43255341e+02 1.90514389e+02
    3.53215027e+02 1.95020325e+02 4.49819275e+02 1.63556274e+02
    3.59588257e+02 1.91402664e+02 3.52230225e+02 1.86519455e+02
    3.80006714e+02 1.85947662e+02 3.80539734e+02 1.94572632e+02
    4.66559845e+02 3.13454315e+02 4.36488831e+02 2.16094238e+02
    4.65193237e+02 3.11932892e+02 3.09986053e+02 1.46834076e+02
    4.23719818e+02 1.45165665e+02 3.31357452e+02 1.92034073e+02
    4.61965729e+02 3.09073944e+02 4.04656921e+02 1.87475723e+02
    3.38351746e+02 1.95313049e+02 4.50423340e+02 1.81352676e+02
    3.51699371e+02 1.91017075e+02 3.52439331e+02 1.51219849e+02
    3.07324829e+02 2.29854156e+02 3.09066101e+02 2.31361603e+02
    4.34206085e+02 2.16467514e+02 3.65639557e+02 1.50440079e+02
    4.00741730e+02 1.62150787e+02 3.98855194e+02 1.63460663e+02
    4.63497955e+02 2.25863998e+02 4.59090973e+02 2.29372711e+02
    3.32995972e+02 2.17797180e+02 3.21755341e+02 2.19652206e+02
    4.55684967e+02 2.35015823e+02 3.29394440e+02 1.41917419e+02
    3.12501190e+02 1.62964828e+02 4.03469177e+02 1.57243622e+02
    3.31674561e+02 1.41877594e+02 3.36367157e+02 1.86097549e+02
    3.78569153e+02 1.59117676e+02 3.99880066e+02 1.93583069e+02
    4.00891937e+02 1.82317596e+02 3.90352814e+02 2.02100433e+02
    3.57349579e+02 2.04107910e+02 3.87135437e+02 1.71067825e+02
    3.09773560e+02 1.96462738e+02 3.75249939e+02 1.59730270e+02
    3.78012329e+02 1.61217178e+02 3.18137054e+02 1.66113846e+02
    3.23714935e+02 1.87510635e+02 3.59080627e+02 2.01025696e+02
    3.13967896e+02 1.90717896e+02 3.18101868e+02 1.54611710e+02
    3.78874786e+02 1.45122391e+02 3.29576050e+02 1.65692703e+02
    3.23167999e+02 1.91679260e+02 3.41095978e+02 2.27709259e+02
    4.20298401e+02 2.15152649e+02 3.64156433e+02 1.64822479e+02
    3.18305298e+02 1.91718765e+02 4.59697723e+02 1.71745560e+02
    3.48441162e+02 1.37435867e+02 3.57760406e+02 1.77151596e+02
    3.15251648e+02 2.12757874e+02 3.49838837e+02 1.65499557e+02
    3.90044617e+02 1.89052383e+02 3.78746124e+02 2.14278198e+02
    4.09523590e+02 2.06911346e+02 3.46802338e+02 2.16671799e+02
    3.64208038e+02 1.37378220e+02 3.14466583e+02 1.52640579e+02
    3.09677307e+02 1.88102097e+02 3.82493744e+02 1.87816971e+02
    3.29937561e+02 2.01146652e+02 3.33071289e+02 1.60283432e+02
    4.49216614e+02 1.53450729e+02 3.92932800e+02 2.14550629e+02
    4.37924103e+02 1.70378220e+02 4.60498962e+02 1.70192093e+02
    4.52828949e+02 1.72087448e+02 3.64473389e+02 3.13381653e+02
    4.07440491e+02 1.72158737e+02 3.28627655e+02 1.56246475e+02
    3.28456421e+02 1.82062134e+02 3.26148438e+02 1.77494904e+02
    4.18984406e+02 2.01318146e+02 4.15233704e+02 2.04780899e+02
    3.13322571e+02 1.72588516e+02 3.14119324e+02 3.21546661e+02
    4.30232574e+02 1.93639542e+02 4.69543365e+02 2.30133789e+02
    3.97770325e+02 1.43531784e+02 3.49453796e+02 1.58781448e+02
    4.28559692e+02 1.93678879e+02 4.02583710e+02 2.13981308e+02
    4.71345764e+02 2.31302826e+02 3.97779388e+02 1.54705124e+02
    3.72779785e+02 2.06468201e+02 4.34205231e+02 1.93544388e+02
    2.78777069e+02 1.96091934e+02 4.44377289e+02 2.27025650e+02
    4.06111053e+02 2.02941940e+02 3.81067780e+02 2.41495956e+02
    3.49402496e+02 1.44387161e+02 3.88893463e+02 1.63306824e+02
    3.78879059e+02 3.13163483e+02 3.85371521e+02 2.29695221e+02
    4.14302368e+02 1.81366318e+02 3.15185303e+02 1.92150269e+02
    3.89059326e+02 1.40889450e+02 3.57329102e+02 1.68796539e+02
    4.65622833e+02 2.95157501e+02 3.20605682e+02 1.73669983e+02
    3.14729248e+02 2.02109009e+02 3.70470642e+02 2.03630356e+02
    3.10583832e+02 2.60875854e+02 4.05477173e+02 2.00371796e+02
    4.44874542e+02 3.12348206e+02 3.73480743e+02 1.89998611e+02
    4.48476227e+02 1.42625320e+02 4.05268646e+02 1.70393082e+02
    3.57107086e+02 1.70135239e+02 4.10079498e+02 1.92893799e+02
    3.83694244e+02 1.71177551e+02 3.05599976e+02 2.75489624e+02
    4.60496124e+02 2.77478302e+02 4.48650391e+02 3.82502472e+02
    4.66895203e+02 3.35531494e+02 3.99785400e+02 3.10568207e+02
    3.21683167e+02 2.05602707e+02 3.13217804e+02 3.26503845e+02
    4.21322083e+02 1.62640137e+02 4.54404358e+02 1.58499985e+02
    4.64277710e+02 2.81589691e+02 4.39874237e+02 1.81374710e+02
    3.12699371e+02 2.04464645e+02 4.57798645e+02 2.76309296e+02
    3.07109467e+02 2.20460297e+02 3.86076630e+02 2.23495972e+02
    3.28088531e+02 3.83745850e+02 4.57723907e+02 1.48512527e+02
    3.87818634e+02 1.77646225e+02 3.30343384e+02 2.01147751e+02
    4.00959137e+02 1.43459534e+02 4.27324158e+02 1.73734680e+02
    3.08459534e+02 2.19056183e+02 3.10572876e+02 2.55085953e+02
    3.10681183e+02 2.66361053e+02 4.56460785e+02 2.68968109e+02
    4.50294739e+02 2.52551651e+02 3.05634979e+02 2.47678055e+02
    4.01781769e+02 3.15862854e+02 3.15087952e+02 3.36664154e+02
    3.05970917e+02 2.65710266e+02 3.55531097e+02 1.71807999e+02
    3.99432800e+02 3.12609619e+02 4.31123169e+02 1.59278000e+02
    4.34986847e+02 1.62326889e+02 3.29284058e+02 3.15656403e+02
    3.28707184e+02 1.74609009e+02 3.14593262e+02 3.30870392e+02
    4.43312408e+02 2.01428848e+02 3.64958893e+02 1.71086273e+02
    4.12046234e+02 1.62890564e+02 4.58704865e+02 1.50484863e+02
    3.74351318e+02 1.71156509e+02 3.38120422e+02 3.43919708e+02
    3.73370148e+02 1.81850845e+02 4.71058502e+02 2.50696198e+02
    3.51119934e+02 3.13234497e+02 4.66529694e+02 1.53473969e+02
    3.72158295e+02 2.10699692e+02 4.27264618e+02 2.44750000e+02
    4.43927979e+02 2.70866302e+02 2.99968506e+02 1.76773270e+02
    3.71120392e+02 3.01638672e+02 3.54494110e+02 2.03040344e+02
    4.62892944e+02 1.86764786e+02 4.10344086e+02 3.12527405e+02
    3.14589050e+02 2.68794250e+02 3.50813416e+02 3.21698608e+02
    4.22378387e+02 3.14900513e+02 4.14300995e+02 2.61638428e+02
    4.22233002e+02 3.09837769e+02 4.30761017e+02 1.69010696e+02
    4.67124847e+02 1.87554581e+02 3.63207977e+02 3.44226746e+02
    4.34077881e+02 2.52760376e+02 4.56484009e+02 2.59072601e+02
    4.80850708e+02 2.14711914e+02 4.87333557e+02 1.72945328e+02
    4.64811920e+02 2.64928497e+02 4.63977631e+02 2.45689728e+02
    4.85875854e+02 1.47752686e+02 4.68587128e+02 3.21988037e+02
    4.80572998e+02 2.11602097e+02 3.88877594e+02 1.74120590e+02
    3.70241882e+02 3.05936676e+02 3.45770081e+02 1.99875305e+02
    4.57891449e+02 2.93513306e+02 3.69442169e+02 3.21638458e+02
    4.34819824e+02 2.05515213e+02 3.82315002e+02 2.02370895e+02
    3.91280670e+02 3.23012634e+02 4.84965240e+02 1.69253860e+02
    4.26830200e+02 1.42738983e+02 3.49996338e+02 1.75841599e+02
    2.86876465e+02 3.54381958e+02 4.23945038e+02 2.08437485e+02
    3.43248291e+02 2.68917969e+02 3.24661896e+02 3.43128540e+02
    4.05784912e+02 3.12853180e+02 3.41912048e+02 1.76236862e+02
    4.33168549e+02 3.05670380e+02 3.31908173e+02 2.34715988e+02
    4.25035126e+02 3.12522614e+02 4.64015472e+02 2.35220581e+02
    4.80811615e+02 1.68131393e+02 4.76311035e+02 2.78495148e+02
    3.41673828e+02 2.02302628e+02 3.09005920e+02 3.44344635e+02
    3.87204987e+02 2.27588120e+02 4.41614655e+02 1.75473785e+02
    3.46212738e+02 3.09836243e+02 3.93580200e+02 1.37256699e+02
    4.56523743e+02 3.41501404e+02 3.01720398e+02 1.92273575e+02
    3.44729553e+02 2.46399445e+02 3.73539368e+02 3.21743439e+02
    4.47634491e+02 2.90481079e+02 4.45314697e+02 3.44219208e+02
    2.98469482e+02 3.44327148e+02 2.85041870e+02 3.51368103e+02
    4.52045441e+02 2.73029907e+02 4.15699005e+02 3.43675079e+02
    4.30138367e+02 1.82065002e+02 3.46889526e+02 2.54746613e+02
    4.00563629e+02 3.49196167e+02 4.34128082e+02 2.35850891e+02
    4.35942505e+02 1.42032898e+02 4.05273346e+02 3.02960266e+02
