<?xml version="1.0"?>
<opencv_storage>
<keypoint2d001 type_id="opencv-matrix">
  <rows>1005</rows>
  <cols>1</cols>
  <dt>"2f"</dt>
  <data>
    3.31752563e+02 2.36640747e+02 4.16358887e+02 3.61204956e+02
    3.86977448e+02 4.05436218e+02 2.56795898e+02 3.94289337e+02
    2.83483765e+02 2.63024384e+02 3.61441040e+02 3.74632935e+02
    3.76238678e+02 1.23246895e+02 2.00023575e+02 1.69182816e+02
    3.98085693e+02 3.68987427e+02 3.78696564e+02 4.06614838e+02
    1.51493958e+02 2.32154037e+02 3.38760529e+02 2.30864929e+02
    4.12019623e+02 3.62487061e+02 3.69173035e+02 4.03555603e+02
    3.03422241e+02 2.26673874e+02 1.88686325e+02 1.69876694e+02
    1.75670639e+02 1.96428131e+02 2.27541245e+02 3.23994720e+02
    3.58639374e+02 4.03127563e+02 2.47677002e+02 1.69139893e+02
    4.08031891e+02 9.04017105e+01 2.24613937e+02 1.46443420e+02
    4.14561676e+02 3.82011139e+02 3.18297607e+02 2.59718384e+02
    4.14323792e+02 4.02384033e+02 3.80994293e+02 3.84813354e+02
    3.87189606e+02 3.66071136e+02 2.00945129e+02 1.69850433e+02
    1.88102158e+02 1.50285706e+02 3.70047913e+02 4.03492371e+02
    3.12154663e+02 2.28933029e+02 4.02833954e+02 4.04250183e+02
    3.49322693e+02 3.16704468e+02 3.52754639e+02 3.79796417e+02
    3.02626251e+02 3.94822083e+02 2.24533356e+02 1.49888000e+02
    2.66018890e+02 2.87558228e+02 3.49624420e+02 2.32856201e+02
    3.65140320e+02 1.22512062e+02 1.75274750e+02 1.94019775e+02
    1.57482971e+02 7.43735275e+01 3.78601837e+02 3.58362823e+02
    4.11737671e+02 3.91279694e+02 1.89701004e+02 1.94687164e+02
    1.83644257e+02 1.61929382e+02 3.06091309e+02 3.25288422e+02
    3.19583099e+02 1.28228363e+02 3.02889252e+02 2.29763855e+02
    3.76218933e+02 1.54649338e+02 3.27052673e+02 2.44039764e+02
    3.44482544e+02 3.95501892e+02 3.18652466e+02 1.31410294e+02
    1.75556091e+02 1.45891312e+02 2.65533600e+02 3.87443481e+02
    2.42072800e+02 1.73334869e+02 2.82393494e+02 1.59638458e+02
    2.22351074e+02 1.69982086e+02 3.72306580e+02 3.88718414e+02
    3.62905182e+02 3.94724396e+02 3.43615112e+02 1.23168701e+02
    2.67932739e+02 1.17982407e+02 2.26712082e+02 2.50403015e+02
    3.70778442e+02 3.73766815e+02 3.24509430e+02 4.00808807e+02
    3.80752655e+02 3.73999603e+02 2.49094925e+02 2.71178802e+02
    2.23322815e+02 1.57681595e+02 3.73556000e+02 3.92055054e+02
    2.92495911e+02 1.54214523e+02 2.22400574e+02 1.64697769e+02
    2.41259720e+02 3.43838501e+02 2.87870544e+02 2.71850250e+02
    2.51186096e+02 2.46733856e+02 3.48230682e+02 1.45864136e+02
    2.25531082e+02 2.59600220e+02 3.07084351e+02 3.18671082e+02
    2.50336411e+02 3.02314240e+02 3.45449982e+02 1.28999969e+02
    2.23273651e+02 2.62134338e+02 2.95325745e+02 1.49776917e+02
    2.17268829e+02 2.56920288e+02 2.45343979e+02 2.67238892e+02
    2.55258698e+02 2.70861420e+02 3.67386078e+02 3.24671997e+02
    3.49472717e+02 3.79641907e+02 2.52150848e+02 3.45062500e+02
    3.17401489e+02 1.37919846e+02 2.93698639e+02 3.81457916e+02
    2.68682220e+02 1.62301788e+02 3.64143524e+02 1.54248138e+02
    3.05837128e+02 3.71889740e+02 3.96123474e+02 3.94399750e+02
    2.70639709e+02 3.17449646e+02 3.16014862e+02 1.50105560e+02
    3.32542328e+02 2.84826721e+02 3.05437775e+02 1.51957870e+02
    2.78409058e+02 2.58746368e+02 2.75659119e+02 2.54922791e+02
    2.76229095e+02 2.53327606e+02 3.35885925e+02 1.57009277e+02
    4.03143250e+02 3.52549561e+02 2.51137939e+02 1.41680908e+02
    3.18468231e+02 3.28091064e+02 3.68984833e+02 1.39008499e+02
    2.45202347e+02 3.48717590e+02 4.08097504e+02 3.58239716e+02
    2.55133957e+02 1.58839111e+02 3.67068756e+02 3.26612305e+02
    3.42625183e+02 2.52901932e+02 3.19297394e+02 3.16525482e+02
    2.46206741e+02 3.58775208e+02 4.05143219e+02 3.94232758e+02
    3.16611176e+02 1.45281464e+02 3.51048370e+02 1.56670502e+02
    3.71830261e+02 3.51752472e+02 2.77861542e+02 3.45160645e+02
    3.28723694e+02 2.17773941e+02 3.72562286e+02 1.26914917e+02
    2.85559052e+02 3.97498169e+02 2.21946030e+02 2.63782898e+02
    3.30008453e+02 3.17035126e+02 3.13938843e+02 2.38347687e+02
    2.11206528e+02 3.09151825e+02 3.59714386e+02 1.30165710e+02
    2.86697632e+02 2.52619370e+02 2.53268158e+02 1.55939026e+02
    2.16115051e+02 1.77338654e+02 3.05533295e+02 2.53022064e+02
    3.26466522e+02 2.25727966e+02 2.19119736e+02 2.92900879e+02
    2.68380951e+02 3.73657104e+02 3.34573730e+02 1.60379318e+02
    3.85880096e+02 3.91024658e+02 3.78288391e+02 3.98558258e+02
    3.13685364e+02 2.51639374e+02 2.80299408e+02 3.83372772e+02
    2.38881744e+02 3.03437042e+02 4.00305176e+02 3.51086578e+02
    3.43974976e+02 1.52131546e+02 3.68028290e+02 1.78644348e+02
    2.74273499e+02 3.18411865e+02 2.49097488e+02 3.09113800e+02
    2.23352051e+02 2.83394928e+02 2.54844498e+02 9.10686874e+01
    3.31207123e+02 3.14433533e+02 2.99178009e+02 1.59422073e+02
    3.41301361e+02 2.55034241e+02 3.00779816e+02 4.03966675e+02
    1.81291489e+02 1.74831116e+02 3.61831299e+02 1.48545547e+02
    2.58283112e+02 3.41532837e+02 2.92030701e+02 3.79830505e+02
    2.72892975e+02 3.58935089e+02 2.97179596e+02 1.45127533e+02
    1.98979370e+02 1.38981018e+02 3.29891785e+02 2.48672531e+02
    2.11104675e+02 1.72154770e+02 3.57625549e+02 1.83164703e+02
    3.11635040e+02 3.28036194e+02 3.73146515e+02 3.48564545e+02
    2.95426300e+02 3.89127289e+02 3.16002045e+02 3.88402954e+02
    2.73403198e+02 2.63619598e+02 3.64040710e+02 3.14997528e+02
    3.27990845e+02 2.23489365e+02 2.94900818e+02 1.27616859e+02
    2.68771332e+02 2.73490875e+02 3.54848602e+02 1.83124573e+02
    3.74838196e+02 3.24506165e+02 2.57074310e+02 1.69468048e+02
    3.74002686e+02 3.45823822e+02 3.14346649e+02 3.89200806e+02
    2.76114899e+02 1.50150620e+02 2.80327728e+02 3.02188751e+02
    2.77873138e+02 3.32901184e+02 3.71089539e+02 3.37021759e+02
    3.73012604e+02 3.43357239e+02 3.24354065e+02 2.87875305e+02
    3.71077179e+02 3.38860779e+02 2.23806488e+02 1.84212341e+02
    2.06417236e+02 1.50093201e+02 2.56713776e+02 1.65599548e+02
    3.21186615e+02 3.88339203e+02 2.69425537e+02 2.79175476e+02
    2.38814590e+02 2.56412476e+02 2.81363861e+02 3.02095825e+02
    2.29099915e+02 1.27896904e+02 2.81303650e+02 2.79709595e+02
    2.72730957e+02 3.41865479e+02 2.43404572e+02 3.10371887e+02
    2.56626404e+02 3.59284363e+02 3.37953186e+02 1.36023178e+02
    3.48032043e+02 2.92614746e+02 3.44828857e+02 1.57284592e+02
    3.24339050e+02 3.00563538e+02 4.05162231e+02 8.99168320e+01
    2.41138687e+02 1.63364304e+02 2.37939392e+02 3.76875732e+02
    3.56875916e+02 3.57114471e+02 3.57088776e+02 1.24212616e+02
    2.43460159e+02 3.12111420e+02 2.15135849e+02 2.85043182e+02
    2.19274582e+02 1.59708878e+02 2.22846756e+02 2.84173584e+02
    2.95055481e+02 3.41418335e+02 2.05399277e+02 1.88166367e+02
    3.12609741e+02 3.49941986e+02 2.79496460e+02 3.79277283e+02
    2.84182220e+02 3.40047302e+02 2.52115509e+02 2.93877228e+02
    2.37232224e+02 1.28996796e+02 3.35833344e+02 3.78148834e+02
    3.55994904e+02 1.14094856e+02 3.02641174e+02 3.58840942e+02
    3.10703918e+02 3.41472382e+02 2.45238098e+02 3.77019745e+02
    2.92203644e+02 1.27913605e+02 2.50247681e+02 3.43452942e+02
    2.48268661e+02 3.55679779e+02 2.53615829e+02 1.74065567e+02
    3.83245789e+02 1.27792503e+02 2.79265076e+02 1.36151810e+02
    3.23388031e+02 2.98927399e+02 1.96939972e+02 3.26701050e+02
    3.34529419e+02 3.77360809e+02 3.08304382e+02 3.12516785e+02
    2.72539673e+02 3.71737244e+02 3.64647552e+02 1.44089447e+02
    2.35076813e+02 2.72728851e+02 3.92542480e+02 1.31009628e+02
    3.35166504e+02 2.68481781e+02 3.93377960e+02 3.75345276e+02
    2.92003479e+02 2.56183563e+02 3.56269348e+02 2.31059357e+02
    3.11590210e+02 3.58938690e+02 3.92773865e+02 1.26477837e+02
    3.96783081e+02 3.89937958e+02 3.40857666e+02 2.17459229e+02
    3.32472290e+02 2.53763702e+02 3.60684174e+02 3.00170288e+02
    2.76586823e+02 3.91979492e+02 2.59486908e+02 4.02350189e+02
    2.11175583e+02 1.93844269e+02 2.87340332e+02 3.30371796e+02
