<?xml version="1.0"?>
<opencv_storage>
<pose006 type_id="opencv-matrix">
  <rows>4</rows>
  <cols>4</cols>
  <dt>f</dt>
  <data>
    9.98015940e-01 5.94786443e-02 2.06504092e-02 -1.12025728e-02
    -6.28859773e-02 9.25620377e-01 3.73192072e-01 6.00358425e-03
    3.08251893e-03 -3.73750269e-01 9.27524269e-01 3.24750453e-01 0. 0.
    0. 1.</data></pose006>
</opencv_storage>
