<?xml version="1.0"?>
<opencv_storage>
<pose003 type_id="opencv-matrix">
  <rows>4</rows>
  <cols>4</cols>
  <dt>f</dt>
  <data>
    8.32347095e-01 -8.39241222e-03 5.54191172e-01 -2.98736412e-02
    -7.05072330e-03 9.99644101e-01 2.57277191e-02 1.38472468e-02
    -5.54209828e-01 -2.53218412e-02 8.31991732e-01 3.61732423e-01 0. 0.
    0. 1.</data></pose003>
</opencv_storage>
