<?xml version="1.0"?>
<opencv_storage>
<pose007 type_id="opencv-matrix">
  <rows>4</rows>
  <cols>4</cols>
  <dt>f</dt>
  <data>
    7.05469728e-01 -6.92569792e-01 -1.50530890e-01 9.85872559e-03
    5.75297654e-01 4.35530663e-01 6.92347884e-01 -4.91065755e-02
    -4.13938403e-01 -5.75030565e-01 7.05687523e-01 3.42007160e-01 0. 0.
    0. 1.</data></pose007>
</opencv_storage>
