<?xml version="1.0"?>
<opencv_storage>
<pose002 type_id="opencv-matrix">
  <rows>4</rows>
  <cols>4</cols>
  <dt>f</dt>
  <data>
    7.60660827e-01 -1.94126219e-02 -6.48859203e-01 -5.40968217e-03
    2.83817910e-02 9.99591470e-01 3.36625124e-03 1.33691086e-02
    6.48528814e-01 -2.09763627e-02 7.60901034e-01 3.81525815e-01 0. 0.
    0. 1.</data></pose002>
</opencv_storage>
