<?xml version="1.0"?>
<opencv_storage>
<pose005 type_id="opencv-matrix">
  <rows>4</rows>
  <cols>4</cols>
  <dt>f</dt>
  <data>
    -6.55010998e-01 -2.65445653e-02 -7.55152941e-01 1.37174828e-02
    1.03696305e-02 9.98972893e-01 -4.41096388e-02 5.02704643e-03
    7.55548179e-01 -3.67229544e-02 -6.54062927e-01 3.31104666e-01 0. 0.
    0. 1.</data></pose005>
</opencv_storage>
