<?xml version="1.0"?>
<opencv_storage>
<pose003 type_id="opencv-matrix">
  <rows>4</rows>
  <cols>4</cols>
  <dt>f</dt>
  <data>
    9.93414879e-01 -4.85069305e-03 -1.14469767e-01 -2.37402841e-02
    9.10354953e-04 9.99406040e-01 -3.44497189e-02 -3.41284834e-02
    1.14568882e-01 3.41186561e-02 9.92829263e-01 3.93112272e-01 0. 0. 0.
    1.</data></pose003>
</opencv_storage>
