<?xml version="1.0"?>
<opencv_storage>
<pose001 type_id="opencv-matrix">
  <rows>4</rows>
  <cols>4</cols>
  <dt>f</dt>
  <data>
    9.97780383e-01 -1.89698189e-02 -6.38318658e-02 -1.98403969e-02
    2.01546121e-02 9.99635398e-01 1.79686770e-02 1.13834217e-02
    6.34677336e-02 -1.92152988e-02 9.97798860e-01 3.40928704e-01 0. 0.
    0. 1.</data></pose001>
</opencv_storage>
