<?xml version="1.0"?>
<opencv_storage>
<pose004 type_id="opencv-matrix">
  <rows>4</rows>
  <cols>4</cols>
  <dt>f</dt>
  <data>
    -7.72869825e-01 -9.29976581e-04 6.34563982e-01 4.49582376e-03
    -8.59091897e-03 9.99922633e-01 -8.99792183e-03 4.16420982e-04
    -6.34506464e-01 -1.24057094e-02 -7.72817969e-01 3.34691495e-01 0. 0.
    0. 1.</data></pose004>
</opencv_storage>
