<?xml version="1.0"?>
<opencv_storage>
<pose001 type_id="opencv-matrix">
  <rows>4</rows>
  <cols>4</cols>
  <dt>f</dt>
  <data>
    9.89506483e-01 -1.69345886e-02 1.43492743e-01 -4.24559321e-03
    2.78842286e-03 9.95161057e-01 9.82173756e-02 -6.33282308e-03
    -1.44461662e-01 -9.67866108e-02 9.84765530e-01 4.92956400e-01 0. 0.
    0. 1.</data></pose001>
</opencv_storage>
