<?xml version="1.0"?>
<opencv_storage>
<pose002 type_id="opencv-matrix">
  <rows>4</rows>
  <cols>4</cols>
  <dt>f</dt>
  <data>
    9.99118686e-01 -3.59810144e-03 -4.18199226e-02 -2.29696631e-02
    -1.41615910e-03 9.92862403e-01 -1.19257294e-01 -3.65193672e-02
    4.19505276e-02 1.19211413e-01 9.91982281e-01 3.87120456e-01 0. 0. 0.
    1.</data></pose002>
</opencv_storage>
