<?xml version="1.0"?>
<opencv_storage>
<keypoint2d006 type_id="opencv-matrix">
  <rows>473</rows>
  <cols>1</cols>
  <dt>"2f"</dt>
  <data>
    2.65659729e+02 2.36830261e+02 2.54956085e+02 2.34186737e+02
    1.67008331e+02 1.79101807e+02 1.59048981e+02 1.94954300e+02
    2.13898895e+02 1.48164551e+02 1.56001465e+02 2.15995712e+02
    2.59860260e+02 3.30500183e+02 2.48503937e+02 1.58650818e+02
    2.41840256e+02 1.46346207e+02 2.20497559e+02 1.41594025e+02
    2.31479721e+02 1.48905182e+02 1.59905243e+02 2.58176025e+02
    2.02564545e+02 1.45004013e+02 2.25854004e+02 1.46855423e+02
    3.01213776e+02 1.63269852e+02 2.75982788e+02 2.69126007e+02
    2.70117523e+02 3.15833099e+02 2.66539215e+02 2.59907440e+02
    1.90145676e+02 1.49673782e+02 2.16491257e+02 3.04201660e+02
    1.80089920e+02 1.49528244e+02 2.78124939e+02 2.25833054e+02
    2.32306946e+02 2.93936371e+02 2.35750381e+02 1.52654877e+02
    3.19883179e+02 2.94278442e+02 2.77131836e+02 2.37287231e+02
    2.53397263e+02 2.62449371e+02 2.42171997e+02 1.51444199e+02
    2.70324768e+02 3.16714539e+02 2.33475372e+02 2.91148224e+02
    1.71791000e+02 2.94899078e+02 2.18447754e+02 3.20358765e+02
    1.95070236e+02 1.45956650e+02 2.93837799e+02 3.33040863e+02
    2.47276337e+02 2.27078552e+02 1.74972687e+02 3.26393890e+02
    1.71439087e+02 3.29422821e+02 2.67373901e+02 2.55043121e+02
    2.45662384e+02 2.20753510e+02 1.72144211e+02 2.91878540e+02
    2.84376007e+02 1.32115723e+02 2.35609589e+02 1.39837280e+02
    2.65132141e+02 2.62781372e+02 1.87097687e+02 3.08202637e+02
    2.67360138e+02 3.23002960e+02 1.92073120e+02 2.16769135e+02
    2.36580002e+02 2.80259125e+02 2.79764282e+02 2.28228760e+02
    2.72735809e+02 3.31542297e+02 3.03444550e+02 1.94122452e+02
    2.50753845e+02 1.81780807e+02 2.83483673e+02 3.19900452e+02
    2.77989288e+02 2.34566879e+02 2.45339584e+02 2.23365479e+02
    2.78521759e+02 2.16535324e+02 1.95601501e+02 2.82508972e+02
    1.80994949e+02 2.80983795e+02 2.45775558e+02 2.99559174e+02
    2.71861511e+02 2.94928497e+02 2.82019531e+02 3.28268646e+02
    2.07949692e+02 1.51955948e+02 1.92587494e+02 3.34936981e+02
    2.93042145e+02 2.98336975e+02 2.99906097e+02 2.86702850e+02
    1.90210632e+02 3.12221588e+02 2.19523865e+02 1.55062180e+02
    2.90540131e+02 2.52531265e+02 2.56995026e+02 2.43322906e+02
    2.18814270e+02 1.77536041e+02 2.09060745e+02 2.38329407e+02
    2.71324127e+02 2.97009430e+02 2.80836212e+02 2.88104431e+02
    2.55337387e+02 2.81968353e+02 2.79547272e+02 3.16395325e+02
    3.11597382e+02 2.60890961e+02 2.42655304e+02 1.62234680e+02
    2.11679810e+02 3.39840912e+02 2.10659317e+02 1.59899811e+02
    2.00844971e+02 2.92323334e+02 2.92972992e+02 2.50345108e+02
    2.06178482e+02 3.01852020e+02 1.55481461e+02 2.65774658e+02
    1.94160858e+02 2.85031342e+02 1.75986282e+02 1.56952209e+02
    2.36446594e+02 1.90555252e+02 2.76606201e+02 1.76919968e+02
    2.18498322e+02 1.62726440e+02 3.00447693e+02 2.51720917e+02
    2.52152237e+02 2.70310791e+02 2.92674927e+02 2.43817154e+02
    2.03383514e+02 2.94322754e+02 1.84480942e+02 1.56763947e+02
    2.00866776e+02 1.76567169e+02 3.18889404e+02 2.86540314e+02
    1.99005432e+02 3.05917114e+02 1.79802490e+02 3.11603577e+02
    3.10382355e+02 2.80737396e+02 2.13901077e+02 1.59609299e+02
    3.00386108e+02 3.24649048e+02 2.50858566e+02 2.88123016e+02
    2.69870758e+02 2.63847839e+02 2.18708450e+02 3.14367554e+02
    1.71558502e+02 3.18823334e+02 2.07742645e+02 3.18974182e+02
    2.85259949e+02 2.86194885e+02 1.83999588e+02 1.57679153e+02
    1.70517471e+02 3.18523804e+02 2.81601715e+02 1.55431870e+02
    2.92140228e+02 1.49826675e+02 3.00689362e+02 3.22226013e+02
    2.06833206e+02 1.80793106e+02 3.19566345e+02 2.39328445e+02
    1.86955505e+02 2.96267090e+02 2.58780426e+02 2.93896393e+02
    1.76423035e+02 3.10819092e+02 2.93481750e+02 3.36643677e+02
    2.95750671e+02 2.66326782e+02 2.30149216e+02 3.06431488e+02
    2.33276428e+02 3.06724823e+02 2.03089386e+02 2.99389130e+02
    2.05482178e+02 3.28547424e+02 1.91862549e+02 3.26633392e+02
    2.37947693e+02 2.88871185e+02 2.03921432e+02 2.89878235e+02
    2.45367188e+02 2.46851990e+02 1.76631378e+02 3.20995880e+02
    2.07660461e+02 3.07316803e+02 2.57376678e+02 2.95875092e+02
    1.94374283e+02 2.59588654e+02 1.80849884e+02 2.06041718e+02
    2.82934906e+02 1.77143433e+02 1.71118027e+02 2.14231827e+02
    3.05511414e+02 2.14014969e+02 1.68523804e+02 1.60021225e+02
    3.25225433e+02 1.94725815e+02 1.98665527e+02 1.57716995e+02
    2.18921265e+02 2.78805298e+02 2.34941910e+02 3.45169769e+02
    1.67263794e+02 2.38497208e+02 3.22249420e+02 2.68847015e+02
    2.94357727e+02 2.70589752e+02 2.91058044e+02 1.41029861e+02
    2.43262527e+02 2.81233551e+02 2.40330017e+02 2.74269318e+02
    2.76831329e+02 3.48257507e+02 2.54605423e+02 1.46427887e+02
    2.51253220e+02 2.92535126e+02 1.94629761e+02 3.30005493e+02
    2.05120193e+02 2.05632050e+02 2.51275513e+02 3.44424408e+02
    2.46902985e+02 2.79937744e+02 2.71722015e+02 1.37994247e+02
    1.95621399e+02 2.98049957e+02 2.90871002e+02 3.18737183e+02
    2.85450928e+02 3.09077118e+02 3.18792877e+02 2.59751587e+02
    1.57893112e+02 2.32206940e+02 1.67142487e+02 1.57271133e+02
    2.43099152e+02 2.78401367e+02 2.29693924e+02 1.68424179e+02
    2.54237549e+02 2.51622284e+02 2.70672760e+02 3.06456665e+02
    2.65746033e+02 2.89105377e+02 1.63338837e+02 2.79073517e+02
    2.04527557e+02 3.06136658e+02 2.25831909e+02 1.45258499e+02
    2.71595551e+02 3.82741333e+02 2.60730194e+02 3.40137421e+02
    2.71044128e+02 2.53357513e+02 2.60100433e+02 2.69036102e+02
    2.43574402e+02 2.90739227e+02 3.12499725e+02 2.70258453e+02
    2.55690262e+02 3.00448608e+02 2.68700562e+02 3.00811523e+02
    2.67767578e+02 3.42076508e+02 1.91344162e+02 1.79265305e+02
    1.80828918e+02 3.31181763e+02 2.23426956e+02 2.93540009e+02
    1.82087402e+02 2.52063934e+02 1.98115204e+02 2.08404739e+02
    3.12410858e+02 2.68245331e+02 3.08909790e+02 2.39353088e+02
    2.03178040e+02 1.67373001e+02 2.92263153e+02 2.93506348e+02
    2.87357666e+02 3.85444000e+02 2.02165237e+02 2.08586044e+02
    2.70339172e+02 1.39791824e+02 2.84149872e+02 2.36159576e+02
    1.63258728e+02 2.77027405e+02 1.73350174e+02 3.89951569e+02
    1.86899338e+02 3.17315887e+02 2.34010254e+02 2.24187500e+02
    2.04899902e+02 2.82942261e+02 2.45188599e+02 2.40611038e+02
    2.77632568e+02 3.03030151e+02 1.82520370e+02 3.17485504e+02
    3.01631348e+02 3.32016541e+02 1.87339828e+02 1.99053497e+02
    3.19308929e+02 2.02597748e+02 1.77755325e+02 2.81299835e+02
    2.95239166e+02 2.01903229e+02 1.94066849e+02 1.90551254e+02
    3.11504181e+02 2.14104279e+02 2.84120544e+02 2.74266449e+02
    1.67371613e+02 2.73185669e+02 2.54353745e+02 3.51934692e+02
    2.32715836e+02 1.83393051e+02 2.06380157e+02 3.12834503e+02
    3.21460785e+02 2.77466400e+02 2.94466125e+02 1.59239349e+02
    2.35008133e+02 1.80429047e+02 1.82896896e+02 2.87096954e+02
    2.52880264e+02 3.38787048e+02 1.85638336e+02 2.48288116e+02
    2.88213013e+02 2.11678406e+02 3.02296326e+02 3.30955536e+02
    2.44164749e+02 3.13917175e+02 2.15256012e+02 1.70938705e+02
    2.58537445e+02 3.06039856e+02 2.95165436e+02 1.61635605e+02
    2.19929306e+02 1.67953613e+02 2.92090149e+02 1.99664627e+02
    2.95737976e+02 3.17183960e+02 3.22383575e+02 2.73971283e+02
    2.44941528e+02 1.91906494e+02 2.26626541e+02 1.82516129e+02
    2.80505524e+02 2.44664185e+02 2.01727982e+02 3.08991547e+02
    2.20178589e+02 4.22823547e+02 1.83437775e+02 2.47417374e+02
    1.54149811e+02 4.12000580e+02 1.75241592e+02 3.15296021e+02
    2.05439835e+02 3.34534393e+02 2.25460968e+02 3.18890076e+02
    2.15826370e+02 1.89072418e+02 2.87577179e+02 2.36672897e+02
    2.56646759e+02 3.49329254e+02 3.18742432e+02 2.11040710e+02
    3.08691498e+02 2.50346527e+02 2.17841263e+02 2.17249054e+02
    1.93469299e+02 1.79678162e+02 3.05221008e+02 2.73251221e+02
    1.75004440e+02 1.90587524e+02 2.41187012e+02 2.64585663e+02
