<?xml version="1.0"?>
<opencv_storage>
<keypoint3d001 type_id="opencv-matrix">
  <rows>374</rows>
  <cols>3</cols>
  <dt>"3f"</dt>
  <data>
    -6.48180442e-03 -5.22258803e-02 -4.90000546e-02 2.40532150e+02
    2.93924164e+02 2.12968246e+02 3.03362671e+02 2.21732239e+02
    2.81956268e+02 -3.86879034e-02 3.47191654e-03 -4.89999577e-02
    2.86688049e+02 2.02334473e+02 2.51963562e+02 1.91031418e+02
    2.86712799e+02 2.85128937e+02 -2.90647373e-02 -4.83441427e-02
    -4.90000248e-02 2.02379272e+02 2.68381805e+02 2.37428314e+02
    3.43646332e+02 1.91457794e+02 3.01326477e+02 2.10458171e-02
    -5.64585254e-02 -4.90000546e-02 3.33060028e+02 2.79611206e+02
    3.04761627e+02 2.24264877e+02 3.00381073e+02 1.90868744e+02
    -6.80437079e-03 -6.45532906e-02 -4.90000397e-02 2.77982758e+02
    3.20895508e+02 2.83154175e+02 3.38268982e+02 2.81120514e+02
    3.45015411e+02 -3.58544961e-02 -6.14648312e-02 -4.90000509e-02
    2.72113251e+02 2.32681198e+02 2.51873917e+02 1.69540802e+02
    2.49806824e+02 1.53978027e+02 2.58373171e-02 -5.17064184e-02
    -4.90000062e-02 1.93360291e+02 3.12596375e+02 2.27886475e+02
    3.10161163e+02 3.23008636e+02 3.29649445e+02 -2.08153874e-02
    -5.01063392e-02 -4.90000471e-02 2.81923401e+02 2.25277023e+02
    2.65688446e+02 2.89328857e+02 3.31707153e+02 2.02840820e+02
    2.09530070e-03 -5.28705567e-02 -4.90000248e-02 4.02804626e+02
    2.86656311e+02 2.95803619e+02 3.29506012e+02 3.04858826e+02
    3.14180542e+02 1.68550573e-02 -6.16711304e-02 -4.90000285e-02
    3.29874207e+02 4.09250092e+02 3.40978577e+02 2.08882263e+02
    3.10985229e+02 2.76027222e+02 2.80122180e-02 -7.41622448e-02
    -4.90000471e-02 2.68983063e+02 2.98632294e+02 3.22887573e+02
    2.71009949e+02 2.26741684e+02 2.56038361e+02 4.14681733e-02
    1.58633105e-03 -4.90000546e-02 2.68366760e+02 2.25951721e+02
    2.70557709e+02 1.90831696e+02 2.97894409e+02 3.16211670e+02
    4.13822234e-02 6.57131895e-04 -4.90000211e-02 0. 6.56991091e-04
    7.93210522e-04 3.10001225e-04 4.94041655e-04 4.75871871e-04
    -3.80321033e-02 1.15179285e-01 -4.89999391e-02 8.43663048e-03
    1.28280623e-02 -3.05753145e-02 3.32619883e-02 4.51659551e-03
    6.10177079e-03 2.88102292e-02 -5.24374396e-02 -4.89999987e-02
    7.82993659e-02 -1.40917415e-04 2.34796014e-02 -7.56571826e-04
    1.98906939e-02 -2.32891529e-03 -3.88512202e-02 4.41046990e-03
    -4.89999801e-02 2.42826669e-03 3.52887646e-03 -1.24034518e-03
    1.39019568e-03 -4.30709246e-04 7.19567353e-04 3.26211527e-02
    -5.02113663e-02 -4.90000248e-02 3.72071774e-03 9.07186139e-03
    1.12779923e-02 -8.67066774e-05 2.88169505e-03 2.66731203e-01
    -1.34467734e-02 -6.60405904e-02 -4.90000211e-02 1.47562101e-02
    2.49742158e-02 -6.57417551e-02 6.91558868e-02 -2.00533569e-02
    1.64635360e-01 -1.70403142e-02 -5.91962561e-02 -4.90000434e-02
    8.29218701e-02 5.64309917e-02 1.74738631e-01 -9.26250184e-04
    1.35737732e-02 1.76527519e-02 -4.30869460e-02 3.49424593e-02
    -4.89999615e-02 4.39200317e-03 9.28181596e-03 6.35541882e-03
    1.35418558e-02 -4.35995758e-02 4.35995758e-02 -1.08591896e-02
    -7.14287236e-02 -4.90000099e-02 3.20581980e-02 6.81809783e-02
    7.98865557e-02 1.48370206e-01 2.54014105e-01 2.34358236e-02
    3.20398919e-02 -5.83446808e-02 -4.90000173e-02 1.43453646e-02
    5.68699360e-01 -1.25554502e-02 3.10713798e-01 -4.03831862e-02
    6.66521266e-02 -3.19550149e-02 -6.82821274e-02 -4.90000695e-02
    3.35209779e-02 5.31807821e-03 3.79556566e-02 3.96336708e-03
    1.49841048e-02 1.34945405e-03 -4.24097404e-02 1.82413012e-02
    -4.89999913e-02 -1.40432164e-03 1.40432164e-03 6.51449081e-05
    6.51449081e-05 -6.65591680e-04 1.67536503e-03 3.05672884e-02
    -5.30358925e-02 -4.90000509e-02 1.14384526e-02 2.82562375e-02
    2.99952328e-02 -4.55224793e-03 6.32986240e-03 -1.79590413e-03
    2.52640024e-02 -7.75672495e-02 -4.90000285e-02 3.38858133e-03
    1.67969521e-02 -3.00720311e-03 1.05584562e-02 2.38346891e-03
    6.47046557e-03 -2.57447967e-03 -5.76340333e-02 -4.90000658e-02
    3.31438635e-03 -1.29320670e-03 2.74252472e-03 1.41250885e-42 0.
    7.39885589e-43 -8.67095776e-04 -4.81374450e-02 -4.90000397e-02
    3.20599211e-05 3.20599211e-05 3.52731695e-05 9.93930153e-05
    3.26984853e-04 3.26984853e-04 6.13101153e-03 7.42371529e-02
    -4.89999242e-02 2.25762301e-03 1.30814224e-04 1.43798452e-03 0. 0.
    6.37995377e-02 -2.29702108e-02 -6.93344623e-02 -4.90000360e-02
    1.28569891e-05 1.98956812e-03 0. 0. 1.43526844e-03 1.46898406e-03
    -4.07239050e-02 9.48036090e-03 -4.89999689e-02 3.27263668e-04
    -7.40167752e-06 4.11173351e-05 -2.94438913e-03 8.61577969e-03
    1.87605983e-04 -2.13794447e-02 -6.74763694e-02 -4.90000546e-02
    1.35844934e-03 1.76438096e-03 4.87700962e-02 5.02728112e-02
    3.90138775e-02 3.95947956e-02 6.92281127e-03 6.15421571e-02
    -4.89999540e-02 6.39475475e-04 1.70591772e-02 1.70591772e-02
    5.61508238e-01 5.61508238e-01 -2.31071487e-02 2.98091583e-02
    -5.97796291e-02 -4.89999913e-02 2.08845772e-02 2.18495689e-02
    5.16677555e-03 9.07802302e-03 -1.64886042e-05 1.31430791e-03
    5.23118768e-03 -5.36950305e-02 -4.90000173e-02 9.26860329e-03
    2.28067185e-03 4.60859528e-03 -6.14035409e-03 9.47099365e-03
    8.22074432e-03 -1.92631073e-02 6.11347407e-02 -4.89999652e-02
    1.68598443e-02 1.68598443e-02 -2.75342930e-02 8.97276774e-02
    5.44801392e-02 5.44801392e-02 -3.45452838e-02 6.18332811e-02
    -4.89999391e-02 3.10438901e-01 -1.43367343e-03 3.57875302e-02 0. 0.
    8.83917604e-03 -1.75810717e-02 -5.50629087e-02 -4.90000173e-02
    -5.69582451e-04 1.02130289e-03 -5.06767479e-04 7.41536089e-04
    -5.65844355e-04 1.36373751e-03 -3.19624469e-02 -5.33868149e-02
    -4.90000211e-02 6.91074165e-05 -4.71817038e-05 1.15380877e-04
    7.38656800e-03 7.49112386e-03 2.55998131e-03 -1.78096239e-02
    9.30399001e-02 -4.89999503e-02 2.66810111e-05 2.66810111e-05
    8.59816186e-03 8.59816186e-03 7.34387189e-02 7.34387189e-02
    -3.49248908e-02 -5.44528067e-02 -4.90000769e-02 0. 2.62978632e-04
    3.79344885e-04 3.11956555e-03 6.13974407e-03 2.96566100e-06
    -1.72959883e-02 -5.29921278e-02 -4.90000471e-02 2.15239444e-42 0.
    7.39885589e-43 0. 1.51746150e-03 2.05383264e-03 5.65452501e-03
    -5.59360906e-02 -4.90000024e-02 8.25875322e-04 1.29492022e-04
    2.28486067e-04 -1.40888412e-02 5.31702936e-02 1.80069860e-02
    -3.07657942e-03 -7.20751882e-02 -4.90000434e-02 1.85864058e-03
    1.30194798e-02 1.89103454e-03 6.12643585e-02 -2.88300891e-03
    2.56144535e-02 -7.48091377e-04 3.53871360e-02 -4.89999801e-02
    1.71865467e-02 -3.46605969e-03 5.29939402e-03 -1.94689783e-03
    4.14504437e-03 -5.93857898e-04 -1.64422728e-02 9.35381353e-02
    -4.89999615e-02 4.09344025e-03 6.16338290e-03 -5.37678250e-04
    1.80561724e-03 4.92519175e-04 2.04068725e-03 -1.10242479e-02
    8.04827884e-02 -4.89999503e-02 3.68605614e-01 -6.06653504e-02
    3.77441913e-01 3.64791080e-02 1.26063347e-01 1.27723245e-02
    6.14688825e-03 -7.25073069e-02 -4.90000062e-02 4.11239825e-02
    1.36564702e-01 -5.88123649e-02 1.60894096e-01 3.43071967e-02
    1.34327367e-01 8.02692957e-04 -6.97305501e-02 -4.90000471e-02
    2.49436987e-03 -8.68915406e-04 4.70284186e-03 7.66261760e-03
    1.10197132e-02 1.25311303e-03 -2.69363299e-02 -6.37161434e-02
    -4.90000546e-02 -1.80432849e-04 3.05233477e-03 1.76978632e-04
    3.49936949e-04 -1.41236991e-01 2.66544074e-01 3.39642540e-02
    8.81297663e-02 -4.89999577e-02 1.00434661e-01 4.31007445e-02
    1.27751157e-01 3.93742397e-02 2.76871920e-01 5.62681071e-02
    1.26524456e-02 -4.86317053e-02 -4.90000136e-02 -9.48566664e-03
    6.98881298e-02 -1.28756359e-03 6.43403502e-03 -1.00254500e-02
    1.41246244e-02 3.71066704e-02 -2.28551775e-02 -4.90000024e-02
    5.47858281e-03 7.91895000e-05 1.23219434e-04 8.80221123e-05
    1.29889799e-04 2.44289055e-04 -2.37608403e-02 -4.44619581e-02
    -4.90000620e-02 -1.25014782e-02 1.29003851e-02 -2.37491336e-02
    2.49466747e-02 -9.51728260e-04 1.43436994e-03 1.28959129e-02
