<?xml version="1.0"?>
<opencv_storage>
<keypoint2d004 type_id="opencv-matrix">
  <rows>201</rows>
  <cols>1</cols>
  <dt>"2f"</dt>
  <data>
    3.80174927e+02 1.72132568e+02 3.74831818e+02 2.40705063e+02
    3.61211365e+02 2.66311249e+02 3.92539551e+02 2.71113251e+02
    3.60451324e+02 2.26598572e+02 3.90235443e+02 2.83850037e+02
    3.74259216e+02 2.00553238e+02 3.91424805e+02 1.83021042e+02
    4.18374603e+02 2.81891235e+02 4.25701324e+02 2.93905487e+02
    4.31332764e+02 2.68157532e+02 4.49056610e+02 2.77174683e+02
    4.21368500e+02 2.88368103e+02 3.85544891e+02 2.66781769e+02
    4.70216888e+02 2.74257019e+02 4.29564209e+02 2.94792236e+02
    3.66523956e+02 2.60864014e+02 3.99948364e+02 2.55654205e+02
    4.45036774e+02 2.87378296e+02 4.46246277e+02 2.75975677e+02
    4.71176788e+02 2.75657135e+02 3.70324860e+02 1.95033798e+02
    4.46704407e+02 2.67934784e+02 4.67409882e+02 2.18789200e+02
    4.39966888e+02 2.82583893e+02 3.63903961e+02 2.47875275e+02
    3.67795227e+02 2.04182709e+02 4.38481445e+02 2.93673309e+02
    4.76546478e+02 2.58360352e+02 3.80000458e+02 2.20233994e+02
    3.78310516e+02 2.81462585e+02 4.38389008e+02 2.80686249e+02
    4.80110077e+02 2.80829254e+02 3.77168427e+02 2.64646606e+02
    4.06646332e+02 2.17265472e+02 4.12456024e+02 2.14024994e+02
    4.33722504e+02 2.70923401e+02 4.34674225e+02 2.88964386e+02
    3.75472046e+02 2.53952713e+02 4.33008148e+02 2.97802734e+02
    4.04260071e+02 2.82778687e+02 4.60845062e+02 2.22523758e+02
    4.64964081e+02 2.56187897e+02 3.65332520e+02 2.05871826e+02
    3.99665710e+02 2.69132690e+02 4.76190063e+02 2.59544189e+02
    4.31534180e+02 2.51155945e+02 3.89557983e+02 2.62900391e+02
    4.17570496e+02 2.58243164e+02 3.67821106e+02 2.76345459e+02
    3.90979889e+02 2.53156311e+02 3.97919098e+02 2.64210205e+02
    3.79708557e+02 2.78872101e+02 3.77733215e+02 2.54112717e+02
    4.22213562e+02 2.51132782e+02 3.62554871e+02 2.45148911e+02
    3.95098358e+02 2.79421906e+02 3.83299377e+02 2.40908295e+02
    3.91943237e+02 2.55413483e+02 3.94777191e+02 2.89294678e+02
    3.86046326e+02 2.87886963e+02 4.51164246e+02 2.83980133e+02
    4.21395813e+02 2.54216339e+02 3.69936859e+02 2.42151810e+02
    4.49792633e+02 1.96143234e+02 3.92456146e+02 2.44260239e+02
    3.65674072e+02 1.82254486e+02 4.01812592e+02 2.43565048e+02
    4.08307037e+02 2.66356049e+02 4.34301758e+02 2.47740814e+02
    3.69391663e+02 2.14237808e+02 4.44378113e+02 1.91553314e+02
    3.70059998e+02 2.86830261e+02 4.19939026e+02 1.85772095e+02
    4.66558319e+02 2.85145752e+02 4.17480469e+02 2.59098999e+02
    4.16421783e+02 2.64092468e+02 4.05057648e+02 2.50463593e+02
    3.86845032e+02 2.78215118e+02 3.93582611e+02 2.35551331e+02
    4.14867981e+02 2.74041779e+02 3.69646790e+02 2.49081589e+02
    3.54436188e+02 2.11034607e+02 4.27802246e+02 2.78198547e+02
    3.87561279e+02 1.85325363e+02 4.10000122e+02 2.93406036e+02
    4.24998199e+02 1.90212097e+02 3.56783020e+02 2.57750824e+02
    4.62619781e+02 2.46813477e+02 4.18356079e+02 2.97408630e+02
    4.51747681e+02 2.86772095e+02 3.87865845e+02 2.41121674e+02
    4.16059143e+02 2.43385376e+02 4.64170990e+02 2.95251953e+02
    3.84087982e+02 2.53557419e+02 4.16071014e+02 2.38569397e+02
    4.16275330e+02 3.00370758e+02 4.52013947e+02 1.88126556e+02
    4.37739288e+02 1.79060898e+02 4.39629547e+02 2.62275238e+02
    4.56399628e+02 2.65635315e+02 3.83257355e+02 2.58242157e+02
    3.82296204e+02 1.83523209e+02 3.51308136e+02 2.19249054e+02
    3.91786957e+02 1.83540878e+02 3.81411682e+02 1.94150436e+02
    4.03957275e+02 1.73958832e+02 4.58170715e+02 2.68304871e+02
    4.32866455e+02 1.88315857e+02 3.71437775e+02 2.66241241e+02
    4.12137207e+02 2.83255035e+02 4.48707794e+02 2.57103516e+02
    3.82534576e+02 2.92196991e+02 4.27822083e+02 1.76963303e+02
    3.96366577e+02 2.79452454e+02 3.89945221e+02 2.92353271e+02
    3.77322662e+02 2.92533112e+02 4.14410950e+02 1.78783752e+02
    4.05346375e+02 1.89123245e+02 4.22931854e+02 2.77421661e+02
    4.50154968e+02 2.95404694e+02 4.53697998e+02 2.92726562e+02
    3.83516174e+02 2.90418915e+02 4.03056488e+02 2.64779694e+02
    3.84813171e+02 2.22989014e+02 4.08187592e+02 2.74529022e+02
    3.94093414e+02 2.10428131e+02 4.00649445e+02 2.51986862e+02
    4.57134857e+02 1.95773956e+02 3.87055267e+02 2.16586334e+02
    4.38500061e+02 1.95182419e+02 3.82929321e+02 2.14015457e+02
    3.97246918e+02 1.96848862e+02 4.25479156e+02 2.80045929e+02
    3.90878265e+02 1.71111618e+02 4.10539093e+02 2.62170685e+02
    4.60843811e+02 2.88465210e+02 3.72310242e+02 2.49760864e+02
    4.32110565e+02 2.26184860e+02 4.37545044e+02 1.70141953e+02
    3.97821259e+02 2.21472458e+02 3.86276489e+02 2.49505371e+02
    3.79864594e+02 2.15838104e+02 3.89277130e+02 2.67491821e+02
    4.21535583e+02 2.29598785e+02 4.47714539e+02 1.82064011e+02
    4.46907745e+02 2.44214615e+02 4.15886292e+02 1.74983200e+02
    3.98889984e+02 2.84500092e+02 4.72226624e+02 2.40811081e+02
    4.01540771e+02 1.77215317e+02 3.88458099e+02 1.61866577e+02
    4.24352631e+02 1.64545502e+02 4.70012390e+02 2.39841370e+02
    4.35803040e+02 1.66684738e+02 4.27305145e+02 3.03911224e+02
    4.57044403e+02 1.99144257e+02 4.07598328e+02 3.03012482e+02
    4.01356415e+02 3.03146118e+02 4.55199554e+02 2.93871155e+02
    4.49743561e+02 1.72988083e+02 4.42155640e+02 2.24522324e+02
    4.56101135e+02 2.96828339e+02 4.24912415e+02 1.67480621e+02
    4.06127441e+02 1.96704132e+02 4.36883789e+02 2.36959167e+02
    4.26950531e+02 1.98992844e+02 4.00601196e+02 1.60511078e+02
    3.77345062e+02 2.06324326e+02 4.13206146e+02 1.65921219e+02
    4.03900818e+02 1.63790375e+02 4.16825226e+02 1.77846985e+02
    4.04443726e+02 2.96108215e+02 4.01630096e+02 2.97801422e+02
    4.30708954e+02 2.03576706e+02 4.04773438e+02 1.70372467e+02
    4.30116852e+02 1.85026886e+02 4.59509125e+02 2.75628021e+02
    3.82252930e+02 3.06287781e+02 3.69408539e+02 2.35735214e+02
    4.26536835e+02 1.80945786e+02 4.11835449e+02 3.05243713e+02
    4.34623932e+02 1.73284927e+02 4.10087158e+02 2.10097092e+02
    3.99296539e+02 1.56458038e+02 4.44861572e+02 1.68502502e+02
    3.98078308e+02 1.67046341e+02 4.39524567e+02 2.33699753e+02
    3.91481232e+02 1.61848389e+02 3.55663116e+02 2.50830231e+02
    3.59633514e+02 1.98158157e+02 3.98414551e+02 2.97432770e+02
    3.94954895e+02 1.61641464e+02 4.31308044e+02 2.34270828e+02
    4.81100342e+02 2.83247437e+02 4.18054199e+02 1.71809204e+02
    4.11768250e+02 1.69961060e+02 4.58226196e+02 2.28454178e+02
    4.18751282e+02 1.94385452e+02 4.65187103e+02 2.13099869e+02
    3.80738983e+02 1.58931671e+02</data></keypoint2d004>
</opencv_storage>
