<?xml version="1.0"?>
<opencv_storage>
<keypoint2d003 type_id="opencv-matrix">
  <rows>166</rows>
  <cols>1</cols>
  <dt>"2f"</dt>
  <data>
    3.74314301e+02 1.80385696e+02 3.68914337e+02 2.48357697e+02
    3.54606323e+02 2.34388382e+02 3.68512695e+02 2.08791229e+02
    3.86554260e+02 2.78764954e+02 4.12099792e+02 2.89271301e+02
    3.85631287e+02 1.91424667e+02 4.25080475e+02 2.75815918e+02
    3.79539490e+02 2.74408630e+02 4.64269501e+02 2.81093933e+02
    4.63982788e+02 2.25416534e+02 4.64948975e+02 2.82372101e+02
    4.15302124e+02 2.95694489e+02 3.84283661e+02 2.91465210e+02
    3.65234924e+02 2.02088242e+02 3.93771759e+02 2.63484650e+02
    4.70531311e+02 2.65470947e+02 3.60686768e+02 2.67941895e+02
    4.42613190e+02 2.85054749e+02 3.58168549e+02 2.55368713e+02
    4.32027344e+02 2.88113586e+02 3.61859039e+02 2.12341049e+02
    4.39886169e+02 2.83415314e+02 4.33593842e+02 2.90299164e+02
    3.73895660e+02 2.27795807e+02 4.40978729e+02 2.80105225e+02
    4.27643921e+02 2.78489288e+02 3.72519928e+02 2.88945557e+02
    4.00388397e+02 2.25515503e+02 4.70511017e+02 2.66412445e+02
    4.07142426e+02 2.21899918e+02 4.53761810e+02 2.30337173e+02
    3.69979736e+02 2.61310181e+02 4.40828949e+02 2.81159790e+02
    4.57735962e+02 2.63583099e+02 4.24954346e+02 2.73322479e+02
    4.25271729e+02 2.58860413e+02 3.98329071e+02 2.90278137e+02
    3.97227722e+02 2.92780121e+02 3.91905914e+02 2.71784912e+02
    4.10089966e+02 2.55134262e+02 4.15973145e+02 2.59033203e+02
    3.77359070e+02 2.48845901e+02 3.95040131e+02 2.76698151e+02
    3.71675171e+02 2.61745209e+02 3.57876892e+02 2.58094330e+02
    3.86401154e+02 2.63552765e+02 3.93669037e+02 2.76689667e+02
    3.89338318e+02 2.87068573e+02 3.83420502e+02 2.70596649e+02
    4.11090088e+02 2.66076843e+02 3.85024017e+02 2.61039673e+02
    4.15182404e+02 2.61986084e+02 3.64028503e+02 2.49957611e+02
    4.02115295e+02 2.74301208e+02 3.88880829e+02 2.97064789e+02
    3.63659363e+02 2.22185211e+02 3.59698395e+02 1.90329697e+02
    3.95790710e+02 2.51543365e+02 4.11309357e+02 2.66893280e+02
    3.64553497e+02 2.56593872e+02 4.28370361e+02 2.55226135e+02
    3.86693665e+02 2.52338989e+02 3.48992279e+02 2.19049454e+02
    3.87295685e+02 2.43818161e+02 4.37908813e+02 1.99720978e+02
    4.08520996e+02 2.81752350e+02 3.80981720e+02 2.85545502e+02
    3.80888123e+02 1.93439590e+02 3.45127411e+02 2.17245895e+02
    4.13668213e+02 1.94031158e+02 4.43317505e+02 2.04475845e+02
    3.82055786e+02 2.49242538e+02 4.21512054e+02 2.85881958e+02
    3.78165161e+02 2.61147644e+02 4.10209076e+02 2.71669922e+02
    4.56001282e+02 2.54838623e+02 4.38035156e+02 2.66910828e+02
    4.00340485e+02 2.79514893e+02 4.09817932e+02 2.46548843e+02
    3.77504089e+02 2.66027557e+02 4.49955353e+02 2.73424347e+02
    3.75811127e+02 2.02363495e+02 4.34161224e+02 2.70403748e+02
    4.06085358e+02 2.92469391e+02 4.26475983e+02 1.96632523e+02
    3.74779816e+02 2.98862885e+02 3.85945892e+02 1.91657410e+02
    3.89740662e+02 2.86331726e+02 4.31348755e+02 1.87397980e+02
    3.76993042e+02 2.99883575e+02 4.51913513e+02 2.75905853e+02
    4.62056458e+02 2.12296097e+02 4.42349487e+02 2.64462769e+02
    4.17178711e+02 2.84609589e+02 3.77768494e+02 2.97871796e+02
    3.86178894e+02 2.34445633e+02 3.71554199e+02 3.00187622e+02
    4.22906219e+02 2.89041138e+02 3.84080322e+02 2.99760742e+02
    3.99127838e+02 1.97374390e+02 3.91704315e+02 2.68750122e+02
    4.32171631e+02 2.03443787e+02 3.94653076e+02 2.59115356e+02
    4.21512634e+02 1.85287292e+02 3.76907318e+02 2.21984528e+02
    3.98346527e+02 1.82319778e+02 4.02194366e+02 2.82209167e+02
    4.19546814e+02 2.87845642e+02 3.91000214e+02 2.05032394e+02
    4.34714722e+02 2.15903549e+02 4.50622955e+02 2.04476532e+02
    4.04286774e+02 2.69766663e+02 3.91656647e+02 2.29651566e+02
    3.84983124e+02 1.79416794e+02 3.53016998e+02 2.41718246e+02
    3.60804077e+02 1.83043884e+02 3.73930725e+02 2.23993286e+02
    4.66019928e+02 2.47912643e+02 4.52909027e+02 2.65215179e+02
    3.66468262e+02 2.57357544e+02 3.75730408e+02 3.03802979e+02
    3.81952332e+02 2.75658356e+02 4.10605316e+02 2.01221802e+02
    3.51927368e+02 1.86793610e+02 4.15443787e+02 2.37621918e+02
    3.96148590e+02 1.85237915e+02 4.50720978e+02 2.07845917e+02
    4.30426300e+02 1.78596283e+02 4.35114166e+02 2.68146820e+02
    4.30935822e+02 2.34203049e+02 4.41320740e+02 1.80756897e+02
    4.09982025e+02 2.39284149e+02 4.10485413e+02 1.86427704e+02
    3.85644958e+02 1.70198029e+02 4.53654388e+02 2.83344360e+02
    4.24580261e+02 2.11809174e+02 4.69233582e+02 2.42383820e+02
    4.28921875e+02 2.44240387e+02 3.53296539e+02 2.06369949e+02
    3.63525055e+02 2.43192108e+02 4.56165955e+02 1.94749191e+02
    4.15535797e+02 2.00598190e+02 4.47854340e+02 1.91949615e+02
    3.73865662e+02 2.14150558e+02 4.50975006e+02 2.54395752e+02
    4.49375885e+02 2.52980423e+02 4.20590973e+02 2.07100967e+02
    4.21350281e+02 1.76511536e+02 4.04339233e+02 2.18811615e+02
    3.97506897e+02 1.72161728e+02 3.99320923e+02 1.78697006e+02
    4.54342896e+02 1.92349091e+02 3.97001740e+02 2.34927460e+02
    3.89227051e+02 2.95664337e+02 4.12819031e+02 2.02989532e+02
    4.16666901e+02 1.72685318e+02 4.55133118e+02 2.73982758e+02
    4.04970795e+02 1.93224380e+02 4.56695007e+02 2.65320648e+02
    4.28997162e+02 1.94683685e+02 4.40560394e+02 1.83928528e+02
    3.91862122e+02 1.75297607e+02 3.86166077e+02 1.65377029e+02
    4.51953857e+02 2.36717834e+02 4.19936066e+02 2.10790665e+02</data></keypoint2d003>
</opencv_storage>
