<?xml version="1.0"?>
<opencv_storage>
<keypoint2d002 type_id="opencv-matrix">
  <rows>329</rows>
  <cols>1</cols>
  <dt>"2f"</dt>
  <data>
    2.84814240e+02 1.67282364e+02 2.57220642e+02 1.69921738e+02
    2.42594727e+02 2.25532532e+02 3.17934387e+02 1.64567352e+02
    3.23143372e+02 1.70219772e+02 2.67316284e+02 1.68502777e+02
    3.34010620e+02 2.28549164e+02 2.95195251e+02 1.67127426e+02
    2.41994400e+02 2.26904755e+02 2.36995117e+02 3.34406799e+02
    3.26416260e+02 1.69463486e+02 3.30664703e+02 1.72478668e+02
    2.35719284e+02 2.57981964e+02 3.28667816e+02 1.68771072e+02
    2.37132523e+02 2.40995728e+02 2.39869446e+02 2.31871399e+02
    3.28842285e+02 1.61443756e+02 2.43916306e+02 2.84676422e+02
    2.99038940e+02 1.66663879e+02 2.81247589e+02 1.72163986e+02
    2.71666260e+02 1.63000519e+02 2.71861572e+02 1.65643005e+02
    2.99364899e+02 1.63896606e+02 2.89191925e+02 2.86074066e+02
    2.83654297e+02 2.60930206e+02 2.86941193e+02 2.97909851e+02
    2.59705078e+02 3.13934235e+02 3.35397491e+02 2.84690002e+02
    2.60763824e+02 2.84479858e+02 2.68110352e+02 3.02927155e+02
    2.99157440e+02 1.62002716e+02 3.07088989e+02 1.72742920e+02
    3.08305725e+02 1.62981750e+02 3.05918671e+02 2.74966827e+02
    2.63295624e+02 1.74385132e+02 3.36218384e+02 2.10903183e+02
    3.32417572e+02 2.02672333e+02 2.39203110e+02 3.09424683e+02
    3.17231476e+02 1.74284927e+02 2.35975784e+02 3.13493439e+02
    2.69166809e+02 2.72678589e+02 3.15655396e+02 3.12879913e+02
    2.70118134e+02 2.70135345e+02 3.13027161e+02 3.12076691e+02
    2.53779190e+02 3.02071869e+02 3.22162964e+02 3.00609070e+02
    3.13106232e+02 1.78255142e+02 2.99494476e+02 1.62314270e+02
    3.28541260e+02 2.21945007e+02 3.37014038e+02 2.38906662e+02
    3.05724152e+02 2.73078003e+02 3.38771942e+02 2.47382843e+02
    2.81180817e+02 2.88761780e+02 2.47133240e+02 2.86040192e+02
    3.37731873e+02 2.50430527e+02 3.30183533e+02 2.60858795e+02
    3.30928284e+02 3.11902161e+02 2.90524139e+02 2.90220367e+02
    2.69714081e+02 2.84467590e+02 2.80805603e+02 2.84623657e+02
    2.52074615e+02 1.75839188e+02 3.34797546e+02 2.51856766e+02
    2.46196152e+02 1.88342270e+02 3.31566956e+02 2.92054321e+02
    3.26915283e+02 3.15032745e+02 2.73632568e+02 1.74652634e+02
    2.77637756e+02 2.98592865e+02 2.71331238e+02 2.84485382e+02
    3.05008820e+02 2.83931854e+02 2.57923157e+02 2.75713562e+02
    2.60226532e+02 2.95296936e+02 2.46629456e+02 2.15204590e+02
    3.25390686e+02 3.15015717e+02 3.37181274e+02 2.56193481e+02
    2.84937866e+02 1.76545197e+02 3.27782104e+02 2.53306702e+02
    3.20090302e+02 3.02013397e+02 2.56044586e+02 2.93778381e+02
    3.02994385e+02 2.83050446e+02 3.19818115e+02 3.13642426e+02
    2.45602173e+02 2.12647430e+02 3.05174927e+02 1.72598145e+02
    2.74340088e+02 2.83898621e+02 3.04973602e+02 2.70898010e+02
    2.70849060e+02 3.10947083e+02 2.82599396e+02 1.89576294e+02
    2.49892288e+02 2.07677292e+02 3.43812073e+02 2.66188629e+02
    2.75526398e+02 1.78069702e+02 3.09385986e+02 2.69526947e+02
    2.95669189e+02 3.13774780e+02 2.60798523e+02 2.98136383e+02
    3.21128876e+02 1.89858612e+02 2.94147522e+02 2.35326904e+02
    3.23207275e+02 3.04613708e+02 3.05321228e+02 1.78312805e+02
    2.35960938e+02 2.68666199e+02 2.61255310e+02 3.01872559e+02
    2.51504700e+02 2.82719513e+02 2.81067871e+02 2.21052658e+02
    2.99705811e+02 1.73496872e+02 3.21470612e+02 1.80117081e+02
    3.33540619e+02 2.66905609e+02 2.99701996e+02 2.03575272e+02
    3.26615845e+02 1.82786804e+02 2.47256439e+02 2.97430542e+02
    2.98652161e+02 1.83431580e+02 3.11062195e+02 1.89973618e+02
    3.18181458e+02 2.78207092e+02 2.92177399e+02 3.03766876e+02
    2.30903931e+02 2.31747711e+02 2.67004425e+02 1.78794250e+02
    3.32124207e+02 1.81034897e+02 2.69879181e+02 2.01680878e+02
    2.45050598e+02 2.68706055e+02 2.51869980e+02 2.39065582e+02
    2.62218994e+02 1.92104797e+02 2.48736237e+02 2.72328583e+02
    2.40066574e+02 1.71134933e+02 2.51180542e+02 2.28378296e+02
    2.59087891e+02 2.24881058e+02 2.81057617e+02 2.93558746e+02
    2.51134674e+02 2.97399719e+02 2.86935638e+02 1.77487579e+02
    3.23334106e+02 2.71112396e+02 3.38856171e+02 2.71149719e+02
    2.56170532e+02 2.83400940e+02 2.74385559e+02 3.24198242e+02
    2.60603729e+02 2.23898346e+02 2.72121368e+02 2.87998138e+02
    3.30901245e+02 3.06088989e+02 2.56113861e+02 2.79853455e+02
    2.74411285e+02 3.19958313e+02 2.87643463e+02 1.84387680e+02
    2.46892654e+02 2.96194580e+02 2.78440979e+02 2.69305817e+02
    2.76481293e+02 2.54692047e+02 2.52260254e+02 1.95928009e+02
    2.77344971e+02 3.30149261e+02 2.84018677e+02 1.82084976e+02
    2.92759552e+02 1.89826035e+02 2.76449829e+02 2.87839050e+02
    2.67906647e+02 2.18868073e+02 3.18955841e+02 2.23020218e+02
    2.85036011e+02 1.82795410e+02 2.64756744e+02 2.49862549e+02
    2.45976746e+02 3.06149933e+02 2.72995148e+02 2.92643311e+02
    2.36201889e+02 2.18819672e+02 2.51019196e+02 2.31102783e+02
    3.27944183e+02 2.73117859e+02 2.78091034e+02 2.00978256e+02
    2.54198471e+02 2.73608337e+02 2.79773865e+02 3.10798096e+02
    2.77528900e+02 2.90902374e+02 2.91268555e+02 3.13196716e+02
    2.59494995e+02 2.04405869e+02 3.23251129e+02 1.98468079e+02
    3.03005554e+02 2.69847504e+02 2.63301910e+02 2.43149994e+02
    2.91404602e+02 3.10636475e+02 3.02079865e+02 2.66947754e+02
    3.00108521e+02 3.14624359e+02 2.62292267e+02 2.17137863e+02
    2.40358521e+02 2.92472595e+02 2.38350555e+02 1.75791855e+02
    3.06128113e+02 1.90797836e+02 3.09234558e+02 1.84761765e+02
    2.36943787e+02 2.71705444e+02 2.96282501e+02 1.89796326e+02
    2.67135071e+02 2.51852463e+02 2.42165039e+02 2.97458344e+02
    3.20087616e+02 1.93220825e+02 3.11880341e+02 3.18974304e+02
    2.96516022e+02 2.65129852e+02 3.24650482e+02 2.39712692e+02
    2.50271057e+02 2.68781403e+02 2.85364929e+02 3.89419128e+02
    3.44292511e+02 2.86026886e+02 2.63827148e+02 3.19916901e+02
    2.53500458e+02 3.09858948e+02 3.32625397e+02 2.79212738e+02
    2.40668732e+02 1.72056747e+02 3.04152557e+02 2.18679306e+02
    3.01933044e+02 2.03009018e+02 3.30235046e+02 2.91635529e+02
    2.83197113e+02 3.91330750e+02 2.78038757e+02 2.54807358e+02
    2.54754272e+02 2.30929733e+02 2.84765991e+02 2.03236450e+02
    2.74856842e+02 2.98194153e+02 2.54973328e+02 2.54110031e+02
    2.89143066e+02 2.01067108e+02 2.72778961e+02 2.15735641e+02
    2.83589355e+02 2.08161621e+02 2.84860382e+02 2.58959717e+02
    2.96441010e+02 1.94428955e+02 2.94016022e+02 2.15925385e+02
    2.76848236e+02 2.75714233e+02 2.80635437e+02 1.84727585e+02
    2.48106766e+02 1.80930252e+02 2.78811005e+02 2.59720520e+02
    2.94347168e+02 1.77377472e+02 3.21086731e+02 2.46017258e+02
    2.73009521e+02 1.87501236e+02 3.09779633e+02 1.94752670e+02
    2.67543915e+02 2.01335724e+02 3.16734253e+02 2.88157501e+02
    3.00688507e+02 2.64085419e+02 2.33328674e+02 3.00570587e+02
    3.22233154e+02 2.55776535e+02 2.94609589e+02 1.84206635e+02
    3.11046295e+02 2.74959137e+02 2.91585968e+02 3.20075287e+02
    3.37676605e+02 2.17188019e+02 3.32902527e+02 2.00565567e+02
    3.06359497e+02 3.92010437e+02 2.60029999e+02 2.52085159e+02
    2.80316467e+02 3.97909760e+02 2.61066986e+02 1.80731049e+02
    2.90516937e+02 1.93141739e+02 2.85050629e+02 2.72432587e+02
    2.85303162e+02 2.14821686e+02 3.06325806e+02 3.96229889e+02
    3.16603119e+02 2.73246979e+02 2.80246399e+02 2.08964478e+02
    3.23156738e+02 2.86169159e+02 3.25132294e+02 2.42943634e+02
    2.69355377e+02 2.53627274e+02 2.56523102e+02 2.35945175e+02
    2.67705200e+02 1.83158707e+02 3.41189636e+02 2.78745453e+02
    2.70721863e+02 2.76816833e+02 2.50679779e+02 2.66872284e+02
    3.07551910e+02 1.94364273e+02 2.66031647e+02 3.06755005e+02
    2.62709717e+02 2.03793503e+02 2.77257568e+02 3.02992523e+02
    3.47001038e+02 2.87780914e+02 3.15215088e+02 3.20037384e+02
    2.35208359e+02 2.94875122e+02 2.48005844e+02 3.19954437e+02
    2.56575531e+02 2.64264984e+02 2.70924561e+02 1.84585236e+02
