<?xml version="1.0"?>
<opencv_storage>
<keypoint3d002 type_id="opencv-matrix">
  <rows>329</rows>
  <cols>3</cols>
  <dt>"3f"</dt>
  <data>
    -6.57377578e-03 -5.33681586e-02 -4.89998870e-02 4.19073477e-02
    -2.03411863e-03 3.80462222e-02 -1.73920151e-02 3.11673228e-02
    -4.55162692e-04 -2.91045979e-02 -4.92015928e-02 -4.89998721e-02
    2.02110801e-02 2.09201239e-02 -4.91191028e-03 8.05182662e-03
    4.71120654e-03 5.45470743e-03 -3.86160538e-02 3.52195092e-03
    -4.89999950e-02 9.20858309e-02 -1.80329978e-02 4.63158526e-02
    1.34975240e-02 6.37926832e-02 3.49576189e-03 2.05881167e-02
    -5.79836145e-02 -4.89998721e-02 1.58107400e-01 1.83202565e-01
    1.59037858e-02 1.34839460e-01 1.27165467e-02 5.50413504e-02
    2.54778787e-02 -5.33214435e-02 -4.89999056e-02 5.76701686e-02
    5.69575140e-03 2.16702092e-02 -1.19231222e-02 1.41892741e-02
    7.67969934e-04 -2.08949409e-02 -5.11263087e-02 -4.89998795e-02
    -4.00135643e-04 3.19219125e-03 1.50834676e-04 2.39696528e-04
    5.05452193e-02 5.07584251e-02 4.12405021e-02 7.55606219e-04
    -4.89999428e-02 4.81657758e-02 -1.66982354e-03 2.52265157e-03
    2.75617633e-02 3.49525996e-02 -2.17574071e-02 1.98398624e-03
    -5.41973673e-02 -4.89999093e-02 -2.39436538e-03 4.84667253e-03
    -5.38182817e-03 6.90410146e-03 -5.09515963e-03 6.29363675e-03
    -3.90682630e-02 4.90227528e-03 -4.89999652e-02 5.94963273e-03
    1.31385744e-41 0. 7.39885589e-43 0. -1.87136570e-03 -3.83240581e-02
    1.21864147e-01 -4.89999838e-02 1.18889744e-04 6.74694777e-04
    2.00155331e-03 2.20818166e-03 6.02001976e-03 6.38939859e-03
    2.81333476e-02 -5.42147756e-02 -4.89999056e-02 1.97853167e-02
    -7.36471993e-05 7.58249371e-04 -6.54382724e-03 6.54382724e-03
    4.07468192e-02 3.20030674e-02 -5.18082678e-02 -4.89999056e-02
    5.04004443e-03 7.39901420e-03 -8.25542212e-03 8.32270458e-03
    3.06947436e-03 3.09874350e-03 -4.31379266e-02 3.66107449e-02
    -4.89999913e-02 7.86145497e-03 -7.78426183e-03 1.08031752e-02
    -1.20475586e-03 6.84329262e-03 -1.91659748e-03 2.99414471e-02
    -5.49822077e-02 -4.89999130e-02 1.77944303e-02 1.14506289e-01
    1.91633552e-01 2.03697965e-01 -3.43273804e-02 6.47930130e-02
    -4.26403694e-02 1.91849004e-02 -4.89999801e-02 1.08004753e-02
    3.21761966e-01 3.58828306e-01 -4.54372093e-02 4.69772108e-02
    -3.42356190e-02 -4.06724811e-02 9.92217101e-03 -4.89999503e-02
    1.13620027e-03 1.58389681e-03 -1.25146576e-03 3.33501236e-03
    5.70163596e-03 6.69803796e-03 2.93257851e-02 -6.14689440e-02
    -4.89998646e-02 1.11215943e-02 -1.81718729e-03 4.79164300e-03
    -4.57073533e-04 5.63117350e-03 1.92891747e-01 -3.45045105e-02
    6.45311549e-02 -4.90000024e-02 3.98238190e-02 1.36024639e-01
    6.04206603e-03 2.58349963e-02 -2.89774407e-02 1.90353945e-01
    5.12433331e-03 -5.48642389e-02 -4.89998907e-02 3.38328034e-01
    -1.76367294e-02 1.14091128e-01 -1.64732023e-03 1.86950434e-03
    -8.52893027e-06 -9.17174388e-03 -4.87954579e-02 -4.89998721e-02
    1.23312441e-03 1.50200631e-03 2.88193638e-04 5.59983717e-04
    -4.62355471e-04 1.26734213e-03 -1.76630504e-02 -5.62646836e-02
    -4.89998721e-02 7.58987269e-04 3.25467512e-02 3.26910131e-02
    -6.89900145e-02 7.05272481e-02 1.87417176e-02 -1.73378866e-02
    -5.39540723e-02 -4.89998758e-02 1.85329895e-02 3.22556905e-02
    3.73567408e-03 7.04612955e-02 -3.12166708e-03 8.01117718e-02
    5.16582187e-03 -5.73276207e-02 -4.89998870e-02 4.15127119e-03
    6.12659566e-03 9.95646231e-03 -6.62269956e-03 1.80245116e-02
    -1.48404203e-03 7.01093720e-03 6.34708256e-02 -4.90000322e-02
    7.39885589e-43 0. 1.30544940e-03 3.19746253e-03 3.78262647e-03
    9.00056306e-03 -2.61187786e-04 3.68271135e-02 -4.90000024e-02
    2.84272386e-03 9.16896202e-03 1.96628198e-02 1.54734654e-02
    3.79522368e-02 -1.77779458e-02 6.03405153e-03 7.67528117e-02
    -4.89999838e-02 -3.26658995e-03 7.74894934e-03 2.52975989e-03
    6.57085562e-03 -6.80997211e-04 4.51002736e-03 -1.81148369e-02
    9.65277106e-02 -4.90000099e-02 1.50324330e-02 -1.91695374e-02
    2.07606424e-02 -1.45806791e-03 5.90803567e-03 -4.06946428e-03
    4.96727265e-02 5.92699572e-02 -4.90000509e-02 3.17227282e-02
    5.88283315e-02 8.03407806e-04 7.15132523e-03 -6.88550412e-04
    1.71789508e-02 -1.91804338e-02 6.33549914e-02 -4.90000099e-02
    3.00748020e-01 2.57162806e-02 6.26809821e-02 1.69797998e-03
    5.63494265e-02 -3.41892354e-02 -1.10722734e-02 8.34661722e-02
    -4.90000397e-02 -1.31913841e-01 1.61570162e-01 -1.12169692e-02
    2.32767045e-01 -5.63614219e-02 7.57335499e-02 4.83945943e-03
    -5.89779690e-02 -4.89998758e-02 3.09480894e-02 -7.20092002e-03
    9.68215168e-02 8.27930588e-03 2.47625634e-02 -2.20394949e-03
    1.23280827e-02 -4.99955080e-02 -4.89999093e-02 -5.73926652e-03
    1.60014387e-02 1.25698924e-01 3.36758405e-01 5.18727824e-02
    1.64810568e-01 1.24701867e-02 -5.87325618e-02 -4.89999130e-02
    1.00433826e-01 -6.34222329e-02 3.43082815e-01 -4.10870947e-02
    2.27644831e-01 3.01881675e-02 2.12626308e-02 5.04122898e-02
    -4.89999801e-02 -9.29657295e-02 1.23445436e-01 -3.09287459e-02
    3.70657481e-02 9.43928957e-03 2.57526580e-02 -2.38606036e-02
    -4.56265882e-02 -4.89998758e-02 9.06167924e-03 2.37500272e-03
    4.08823602e-03 -2.49163277e-04 1.41941675e-03 1.02494657e-03
    4.10640799e-02 -1.65770184e-02 -4.89999354e-02 1.14724571e-02
    2.38461774e-02 7.95770623e-03 5.27108312e-02 5.34069166e-03
    1.28015131e-02 3.68188247e-02 -2.41622310e-02 -4.89999317e-02
    5.37435636e-02 -3.58965155e-03 1.74075048e-02 1.17229379e-03
    1.61535591e-02 -1.89793017e-02 -3.75389606e-02 9.24488083e-02
    -4.89999913e-02 1.29660039e-04 1.90957915e-03 3.28181381e-03
    7.25249667e-03 1.46183456e-41 0. 2.09390894e-02 -4.92907166e-02
    -4.89998795e-02 2.10409355e-03 -1.31308776e-03 1.61704095e-03
    9.14419943e-04 1.44690310e-03 -1.62869587e-03 -4.03379947e-02
    9.72965285e-02 -4.90000173e-02 -4.23631584e-03 7.58062117e-03
    2.26356518e-02 3.03276051e-02 -3.49154440e-03 3.49154440e-03
    -1.23844333e-02 5.01141101e-02 -4.89999950e-02 4.96574119e-02
    1.76633650e-03 4.67008445e-03 -2.90773883e-02 2.95973048e-02
    -4.44471021e-04 3.47181670e-02 9.22553465e-02 -4.90000658e-02
    3.63691724e-05 4.12072812e-04 -1.92705338e-05 3.61050072e-04
    1.71455322e-03 1.71455322e-03 -1.17132608e-02 4.73457500e-02
    -4.90000136e-02 4.57115611e-03 -9.17617604e-03 9.17617604e-03
    1.31731376e-01 6.15813911e-01 9.54665244e-02 3.21159065e-02
    9.14684534e-02 -4.90000807e-02 1.16067454e-02 4.66945767e-02
    -9.56827477e-02 1.47919431e-01 -2.52748579e-02 8.29908773e-02
    -2.44409181e-02 8.32914934e-02 -4.90000024e-02 8.10626298e-02
    -5.98939136e-03 8.36367067e-03 -3.36293667e-03 5.75841684e-03
    -7.66240119e-04 3.93501334e-02 7.78140053e-02 -4.90000248e-02
    9.74671930e-05 9.74671930e-05 6.79551158e-03 7.37717561e-03
    -9.75356251e-03 9.86452121e-03 1.78640410e-02 -4.54419404e-02
    -4.89998907e-02 3.92418027e-01 -5.05158342e-02 4.04896796e-01
    -4.71590040e-03 5.09219430e-02 -5.23374006e-02 5.14265336e-03
    -5.87271750e-02 -4.89998534e-02 -1.41980965e-02 7.43613392e-02
    -4.70524468e-02 7.07975775e-02 5.75674884e-02 9.06590074e-02
    3.56531590e-02 -5.39348647e-03 -4.89999764e-02 6.18485641e-03
    -4.23194288e-04 1.83806405e-03 -5.35928551e-03 1.63543075e-02
    2.98955856e-04 4.51805405e-02 1.09191760e-02 -4.89999950e-02
    -3.32995929e-04 5.09812962e-04 -6.85172722e-07 2.83575828e-05
    -3.68542075e-02 5.21166101e-02 2.08842326e-02 4.83926237e-02
    -4.89999726e-02 1.36407698e-02 1.86096004e-03 1.94419385e-03
    -9.99814086e-03 1.18391104e-02 -1.37847511e-03 4.78341542e-02
    1.94328222e-02 -4.89999726e-02 -3.61550972e-03 1.16202477e-02
    2.22412884e-04 2.60834233e-04 4.04420716e-05 1.08998944e-03
    -1.27996085e-04 6.68898895e-02 -4.90000248e-02 2.09509657e-04
    1.53582312e-41 0. 7.39885589e-43 0. 1.82524920e-04 -3.15051377e-02
    6.58386052e-02 -4.90000099e-02 7.44391873e-05 7.78080648e-05
