<?xml version="1.0"?>
<opencv_storage>
<keypoint2d005 type_id="opencv-matrix">
  <rows>202</rows>
  <cols>1</cols>
  <dt>"2f"</dt>
  <data>
    3.83248413e+02 1.72248138e+02 3.77985382e+02 2.40779633e+02
    3.64215271e+02 2.66818390e+02 3.95533020e+02 2.71280457e+02
    4.21121277e+02 2.82016754e+02 3.77311249e+02 2.00819550e+02
    3.63773315e+02 2.26565628e+02 4.28975555e+02 2.94291412e+02
    3.94453918e+02 1.83555130e+02 3.93274994e+02 2.84072906e+02
    4.24633453e+02 2.88598358e+02 4.34580109e+02 2.68408722e+02
    3.88573578e+02 2.67089386e+02 4.32690399e+02 2.94960724e+02
    4.73572540e+02 2.74617279e+02 4.03018921e+02 2.55883957e+02
    4.51459137e+02 2.77321472e+02 3.69506989e+02 2.60961792e+02
    3.73876221e+02 1.94878922e+02 4.49439209e+02 2.76071198e+02
    3.66994324e+02 2.47895096e+02 4.50085205e+02 2.68181610e+02
    4.43088013e+02 2.82759674e+02 3.70325134e+02 2.04695969e+02
    4.41521027e+02 2.81055389e+02 4.41800232e+02 2.94161774e+02
    3.64556488e+02 2.75127960e+02 3.82346283e+02 2.19599411e+02
    3.83695465e+02 2.74040436e+02 4.36817719e+02 2.71404297e+02
    4.83454498e+02 2.81504120e+02 4.09399536e+02 2.17464767e+02
    4.15731445e+02 2.14156815e+02 3.78808777e+02 2.53991379e+02
    3.80344360e+02 2.64865204e+02 4.34645874e+02 2.66012634e+02
    3.81480347e+02 2.81625854e+02 4.35387421e+02 2.88656311e+02
    4.36240265e+02 2.97733093e+02 3.82614227e+02 2.78968872e+02
    4.34788300e+02 2.51307388e+02 4.62798767e+02 2.22441742e+02
    3.92759491e+02 2.62940216e+02 4.67191132e+02 2.56386932e+02
    4.18985077e+02 2.46991730e+02 4.02849213e+02 2.69272247e+02
    3.98129547e+02 2.79461578e+02 3.69705017e+02 2.54035812e+02
    4.07432281e+02 2.83006531e+02 4.79354279e+02 2.59924713e+02
    3.80688446e+02 2.54257584e+02 3.94245667e+02 2.53546875e+02
    3.65490234e+02 2.45038910e+02 3.70321899e+02 2.76490356e+02
    3.95494934e+02 2.55983047e+02 3.86450134e+02 2.41133957e+02
    4.20710510e+02 2.58408081e+02 4.33767975e+02 2.94889923e+02
    4.25407013e+02 2.51493729e+02 4.01073334e+02 2.64478699e+02
    3.97833069e+02 2.89675964e+02 4.54296661e+02 2.84202728e+02
    3.95775696e+02 2.44623215e+02 4.47661011e+02 1.91608337e+02
    4.04920959e+02 2.43756531e+02 3.68442383e+02 1.82339981e+02
    3.72698639e+02 2.14314285e+02 4.53192383e+02 1.96394760e+02
    4.11482605e+02 2.66925323e+02 3.59085419e+02 2.60965881e+02
    3.73227539e+02 2.49508072e+02 4.70660095e+02 2.96205231e+02
    3.97761505e+02 2.35348526e+02 3.89995758e+02 2.78659729e+02
    3.73029419e+02 2.87036530e+02 4.65924011e+02 2.47024338e+02
    3.57905609e+02 2.11500656e+02 4.70324005e+02 2.85748199e+02
    4.23036957e+02 1.85784637e+02 4.21576935e+02 2.97790283e+02
    4.31685333e+02 2.78151855e+02 4.20167633e+02 2.64432983e+02
    4.54620667e+02 2.86974640e+02 4.17854004e+02 2.74439636e+02
    3.87278961e+02 2.53799362e+02 3.90023682e+02 1.85512390e+02
    3.98374695e+02 2.41231216e+02 3.91185303e+02 2.41585434e+02
    3.52096466e+02 2.30634445e+02 3.62327087e+02 2.57002411e+02
    4.13085876e+02 2.93602051e+02 3.85623932e+02 1.83603287e+02
    4.28144348e+02 1.90406082e+02 4.43619385e+02 2.63213135e+02
    4.59727936e+02 2.66025970e+02 4.43417328e+02 1.53971176e+02
    4.18793762e+02 2.38879623e+02 3.89753113e+02 2.49492371e+02
    4.19404480e+02 3.00948639e+02 3.74670502e+02 2.66511169e+02
    4.55558105e+02 1.88241257e+02 4.20000153e+02 2.21253326e+02
    4.40775055e+02 1.79026932e+02 3.49941925e+02 2.07823135e+02
    3.84684906e+02 1.94254944e+02 4.57572693e+02 2.86984344e+02
    4.56731049e+02 2.92511383e+02 3.94841583e+02 1.83597214e+02
    3.53952911e+02 2.19928970e+02 3.98987549e+02 2.79230774e+02
    4.16235779e+02 1.78661499e+02 3.91951599e+02 2.54540619e+02
    4.26169342e+02 2.77526978e+02 3.92964569e+02 2.92559418e+02
    3.83366272e+02 2.92026398e+02 4.53806976e+02 2.95272186e+02
    4.42082428e+02 1.95478622e+02 4.35941223e+02 1.88549393e+02
    3.86045349e+02 2.92539001e+02 3.95564911e+02 2.26575607e+02
    4.15196625e+02 2.83304932e+02 3.79358368e+02 2.92208099e+02
    4.07352325e+02 1.74014633e+02 4.30944763e+02 1.76966522e+02
    4.08643829e+02 1.88684921e+02 4.42658447e+02 2.96653839e+02
    3.97695374e+02 2.10178162e+02 4.28553650e+02 2.80131073e+02
    4.51806824e+02 2.56974182e+02 3.56844635e+02 2.54579437e+02
    4.32489044e+02 2.81887573e+02 3.90195129e+02 2.16532440e+02
    4.01091980e+02 1.96832962e+02 4.01150940e+02 2.84258789e+02
    4.60919556e+02 1.96423416e+02 4.62697845e+02 2.57419312e+02
    4.46314270e+02 2.90615723e+02 3.83088593e+02 2.16054031e+02
    3.93184204e+02 1.71153046e+02 4.67811279e+02 2.53434143e+02
    4.45800476e+02 2.57134796e+02 4.39983795e+02 1.70180710e+02
    4.24842255e+02 2.29729630e+02 4.26180908e+02 1.64548828e+02
    4.64071320e+02 2.89817078e+02 4.13602753e+02 2.62603790e+02
    4.58431519e+02 2.98903839e+02 3.50931458e+02 2.17211334e+02
    3.90492920e+02 1.61832123e+02 4.50099915e+02 1.82101654e+02
    4.04977417e+02 3.02761353e+02 4.27250702e+02 2.12239868e+02
    3.72480469e+02 2.35702957e+02 4.25156525e+02 1.67092926e+02
    3.69176544e+02 1.76261154e+02 4.05426056e+02 1.76944366e+02
    4.18773560e+02 1.75226212e+02 4.40336884e+02 2.47534058e+02
    4.19443237e+02 1.93111252e+02 4.10690186e+02 3.03366364e+02
    4.40370239e+02 2.26599426e+02 4.20681885e+02 1.77219284e+02
    4.38398193e+02 1.66617249e+02 4.68204620e+02 2.67559387e+02
    4.40069550e+02 2.37119263e+02 4.39046051e+02 1.86582336e+02
    4.60638306e+02 1.99757355e+02 4.51880707e+02 1.72474121e+02
    4.30024353e+02 1.99120819e+02 4.05448181e+02 1.63812622e+02
    4.10927338e+02 2.74289062e+02 4.61020782e+02 2.46517227e+02
    4.03285461e+02 1.60588013e+02 4.34510376e+02 2.04083679e+02
    3.80689636e+02 2.06361450e+02 3.63841736e+02 1.94836502e+02
    4.04728485e+02 2.97961548e+02 3.99374420e+02 3.07856201e+02
    4.07319183e+02 2.96143829e+02 3.98356110e+02 2.88635895e+02
    4.29412048e+02 1.68151184e+02 3.85245850e+02 3.06432526e+02
    4.08248138e+02 1.70303070e+02 4.30122253e+02 3.04242615e+02
    4.47661835e+02 1.68520233e+02 4.09188049e+02 2.96485229e+02
    3.92846069e+02 1.89224487e+02 4.58993256e+02 2.90307159e+02
    4.21941437e+02 1.94619339e+02 4.01295502e+02 1.67038513e+02
    4.29718994e+02 2.02779999e+02 4.43932526e+02 2.34749435e+02
    4.03501007e+02 2.56583923e+02 4.51680420e+02 2.49071228e+02
    4.66910004e+02 2.79772217e+02 4.14490173e+02 1.85063644e+02
    4.15116425e+02 3.05395721e+02 4.34435730e+02 2.34394424e+02
    4.06276489e+02 2.26932922e+02 4.16170105e+02 1.94390717e+02
    4.01902313e+02 1.56482254e+02 4.33861969e+02 1.85234146e+02</data></keypoint2d005>
</opencv_storage>
