<?xml version="1.0"?>
<opencv_storage>
<keypoint2d001 type_id="opencv-matrix">
  <rows>374</rows>
  <cols>1</cols>
  <dt>"2f"</dt>
  <data>
    2.92827576e+02 1.77041870e+02 2.51524231e+02 2.35782440e+02
    2.65622131e+02 1.80029099e+02 3.25755554e+02 1.73984024e+02
    2.93473755e+02 1.62940613e+02 2.58196899e+02 1.64578262e+02
    3.30839722e+02 1.79623108e+02 2.75599213e+02 1.78546844e+02
    3.03049744e+02 1.76848328e+02 3.21378754e+02 1.67801086e+02
    3.36016022e+02 1.54177185e+02 3.42507721e+02 2.37470337e+02
    3.42521057e+02 2.36514969e+02 2.47379379e+02 3.42801605e+02
    3.34394562e+02 1.78987213e+02 2.51291626e+02 2.36752975e+02
    3.38571838e+02 1.81705170e+02 2.85608124e+02 1.60775742e+02
    2.80766724e+02 1.68430695e+02 2.45115555e+02 2.67636200e+02
    2.89160492e+02 1.54680878e+02 3.38867828e+02 1.72547592e+02
    2.63332977e+02 1.56906097e+02 2.46585281e+02 2.50849823e+02
    3.36514709e+02 1.78425171e+02 3.33148651e+02 1.50022690e+02
    2.97933838e+02 1.71150864e+02 2.99125763e+02 1.81990723e+02
    2.96879791e+02 3.06878510e+02 2.74330414e+02 1.56293396e+02
    2.48902100e+02 2.41928162e+02 2.76130219e+02 1.58570358e+02
    2.98734772e+02 2.95053436e+02 3.36424896e+02 1.70783356e+02
    3.06834381e+02 1.76113083e+02 2.70278259e+02 2.93877106e+02
    2.53460846e+02 2.94075287e+02 2.79816254e+02 1.73122070e+02
    2.62443573e+02 1.74118576e+02 2.69991425e+02 3.23472748e+02
    2.58933624e+02 1.72711334e+02 2.80006744e+02 1.75495880e+02
    3.07547363e+02 1.73604156e+02 2.98607330e+02 1.54463684e+02
    2.92399811e+02 2.69640961e+02 2.71422791e+02 3.23954651e+02
    2.78024872e+02 3.12184906e+02 3.09735291e+02 1.54596252e+02
    3.03058685e+02 1.57459595e+02 2.69146332e+02 1.62564636e+02
    3.25152313e+02 3.20253204e+02 3.15078827e+02 1.82258438e+02
    3.40480743e+02 2.11749100e+02 2.71708740e+02 1.84725754e+02
    3.16164948e+02 1.73390289e+02 3.38773102e+02 2.69775543e+02
    3.15281738e+02 2.83847717e+02 2.49132156e+02 3.18819427e+02
    3.36989288e+02 2.30898453e+02 2.79976379e+02 2.79077667e+02
    2.46251343e+02 3.23113647e+02 2.99446472e+02 2.86602478e+02
    2.79275635e+02 2.93857941e+02 3.22980988e+02 3.20495636e+02
    2.90870605e+02 2.98043640e+02 3.47192963e+02 2.58899414e+02
    2.78864502e+02 2.81829529e+02 2.88139374e+02 3.07822449e+02
    3.32639648e+02 3.09773895e+02 3.06323181e+02 1.57233612e+02
    3.47021362e+02 2.57403625e+02 3.45319672e+02 2.57808044e+02
    3.25181732e+02 1.83867844e+02 3.23672424e+02 1.58327286e+02
    2.48830124e+02 3.21696045e+02 3.21056061e+02 1.87630020e+02
    3.11996002e+02 1.58864777e+02 3.16527344e+02 1.61321625e+02
    2.76624329e+02 1.60170380e+02 3.45790894e+02 2.47348328e+02
    3.46445923e+02 2.59170197e+02 2.52065582e+02 1.59991348e+02
    3.40788239e+02 3.20310730e+02 3.07951416e+02 1.60958435e+02
    3.44875824e+02 2.00233078e+02 2.59447266e+02 3.17950470e+02
    2.50419540e+02 1.53974274e+02 2.81694061e+02 1.58122528e+02
    2.91771271e+02 2.93978546e+02 3.40826508e+02 3.00528961e+02
    2.55236832e+02 2.51747498e+02 2.67441895e+02 2.85101624e+02
    2.55704941e+02 2.25089188e+02 2.53931366e+02 1.98336227e+02
    3.44316833e+02 2.44938522e+02 2.81349487e+02 1.84272995e+02
    2.65972198e+02 3.03069031e+02 2.63541504e+02 3.11487305e+02
    2.90724091e+02 3.02766266e+02 3.28782715e+02 1.89084702e+02
    2.54719986e+02 2.22602814e+02 2.70720520e+02 3.05108154e+02
    2.69956757e+02 1.62403305e+02 3.36770538e+02 3.23730164e+02
    3.40578156e+02 2.96880005e+02 2.93117310e+02 1.86527695e+02
    2.70854950e+02 3.11260651e+02 3.13135712e+02 1.82045837e+02
    3.02626892e+02 2.44395569e+02 3.32286346e+02 3.13020813e+02
    3.12344208e+02 2.92206299e+02 3.42605408e+02 2.75306213e+02
    2.84867859e+02 2.92469238e+02 3.14591461e+02 2.79108124e+02
    3.18556213e+02 2.78321808e+02 3.10637329e+02 2.03001984e+02
    3.05414001e+02 3.22878082e+02 3.36534454e+02 2.62047729e+02
    2.58438507e+02 2.17874252e+02 2.60641052e+02 1.86087311e+02
    2.57004822e+02 3.07120850e+02 2.60362213e+02 2.38116638e+02
    2.63043427e+02 3.02006317e+02 2.67975433e+02 3.03054871e+02
    3.30140442e+02 1.62749878e+02 3.37475403e+02 2.53082077e+02
    3.07868347e+02 2.13048782e+02 2.83788147e+02 1.88287888e+02
    2.48574997e+02 1.82352707e+02 2.61299561e+02 2.92116516e+02
    2.85166595e+02 2.88821136e+02 3.30041199e+02 3.10994232e+02
    2.46030014e+02 2.78740784e+02 3.06523804e+02 1.93231644e+02
    3.52634369e+02 2.74600098e+02 2.68059692e+02 2.34827332e+02
    2.78659729e+02 2.11820450e+02 2.80337128e+02 3.19851746e+02
    3.19245422e+02 1.99429489e+02 3.24741425e+02 1.60201172e+02
    2.60386932e+02 2.48988052e+02 2.87251221e+02 2.78430603e+02
    2.89475037e+02 2.29516052e+02 2.76073242e+02 2.11166122e+02
    3.02764954e+02 3.14057922e+02 3.29253387e+02 1.98897446e+02
    2.59131104e+02 2.82389557e+02 3.13429901e+02 1.87838196e+02
    3.27470764e+02 2.87392853e+02 3.15273743e+02 1.71323578e+02
    2.88204163e+02 2.87224243e+02 2.85397369e+02 2.64148407e+02
    2.63706757e+02 3.13315979e+02 2.78369904e+02 1.90735565e+02
    3.39895233e+02 1.89984253e+02 2.86594727e+02 2.87201447e+02
    2.90535645e+02 3.23427551e+02 3.34986176e+02 2.93423859e+02
    2.95655365e+02 2.31610764e+02 2.69943390e+02 2.01924393e+02
    2.49082199e+02 1.61991302e+02 2.62410797e+02 1.88937790e+02
    3.43036499e+02 3.15082306e+02 3.10641510e+02 1.84369568e+02
    3.47707214e+02 2.79833038e+02 2.60913574e+02 2.04015869e+02
    3.00110962e+02 2.80603943e+02 2.71989929e+02 1.61830673e+02
    2.95888062e+02 1.93474335e+02 2.40318619e+02 2.41785583e+02
    2.63419830e+02 2.50145401e+02 2.82655151e+02 3.02212891e+02
    2.87165771e+02 3.12250763e+02 2.86761078e+02 3.00024139e+02
    2.83781555e+02 3.33277374e+02 2.60821808e+02 3.07114288e+02
    3.02598297e+02 1.99860992e+02 2.97825531e+02 2.11139313e+02
    2.50320923e+02 3.02233551e+02 2.64172150e+02 2.84259369e+02
    3.17096588e+02 1.94036987e+02 2.75510315e+02 2.60679047e+02
    3.40635895e+02 3.14796356e+02 3.05674438e+02 2.74476685e+02
    2.48826736e+02 1.67750046e+02 2.60795197e+02 2.06196060e+02
    3.24682373e+02 2.88009491e+02 2.51983551e+02 3.06918762e+02
    3.34846924e+02 1.92210480e+02 2.86462067e+02 2.10702454e+02
    2.46819778e+02 2.81011536e+02 3.50851318e+02 3.05083038e+02
    2.76926910e+02 2.28632156e+02 2.91576721e+02 1.90307327e+02
    3.36271454e+02 2.69066498e+02 2.85723999e+02 3.36911072e+02
    2.67332397e+02 2.14315536e+02 3.04672791e+02 2.04052322e+02
    2.60298492e+02 2.78071259e+02 3.31391876e+02 2.07804382e+02
    2.84110992e+02 3.00833282e+02 2.72718658e+02 2.53036423e+02
    2.58568726e+02 1.98825317e+02 2.60164398e+02 2.40532150e+02
    2.93924164e+02 2.12968246e+02 3.03362671e+02 2.21732239e+02
    2.81956268e+02 3.05991974e+02 2.54761765e+02 2.78469696e+02
    2.86688049e+02 2.02334473e+02 2.51963562e+02 1.91031418e+02
    2.86712799e+02 2.85128937e+02 2.93450378e+02 4.01692719e+02
    3.27975464e+02 2.02379272e+02 2.68381805e+02 2.37428314e+02
    3.43646332e+02 1.91457794e+02 3.01326477e+02 1.62259048e+02
    3.27604797e+02 2.31922760e+02 3.33060028e+02 2.79611206e+02
    3.04761627e+02 2.24264877e+02 3.00381073e+02 1.90868744e+02
    3.33004120e+02 2.41553574e+02 3.11805878e+02 2.77982758e+02
    3.20895508e+02 2.83154175e+02 3.38268982e+02 2.81120514e+02
    3.45015411e+02 2.26637466e+02 2.56980103e+02 1.91047836e+02
    2.72113251e+02 2.32681198e+02 2.51873917e+02 1.69540802e+02
    2.49806824e+02 1.53978027e+02 2.92044464e+02 2.17747360e+02
    2.75820618e+02 1.93360291e+02 3.12596375e+02 2.27886475e+02
    3.10161163e+02 3.23008636e+02 3.29649445e+02 1.75395538e+02
    2.76785858e+02 2.32916672e+02 2.81923401e+02 2.25277023e+02
    2.65688446e+02 2.89328857e+02 3.31707153e+02 2.02840820e+02
    2.82951508e+02 3.28928833e+02 3.15541626e+02 4.02804626e+02
    2.86656311e+02 2.95803619e+02 3.29506012e+02 3.04858826e+02
    3.14180542e+02 2.00194077e+02 2.83701935e+02 2.72266174e+02
