<?xml version="1.0"?>
<opencv_storage>
<keypoint3d006 type_id="opencv-matrix">
  <rows>473</rows>
  <cols>3</cols>
  <dt>"3f"</dt>
  <data>
    4.16643843e-02 9.56932269e-03 -4.89999615e-02 5.15512161e+01
    5.70692139e+02 1.56250137e+02 5.56059998e+02 1.79105484e+02
    2.08554153e+02 3.40639725e-02 8.53804126e-03 -4.89999764e-02
    4.39300415e+02 2.02849792e+02 2.65659729e+02 2.36830261e+02
    2.54956085e+02 2.34186737e+02 -2.78609470e-02 -2.46282406e-02
    -4.90000285e-02 2.66296783e+02 5.72083008e+02 1.58343475e+02
    4.17598724e+02 1.35042450e+02 4.09724152e+02 -3.61294523e-02
    -1.27608804e-02 -4.90000248e-02 5.09850739e+02 1.88017746e+02
    5.25018616e+02 2.46623871e+02 4.00690155e+02 2.35027267e+02
    1.02896877e-02 -4.76769507e-02 -4.89999652e-02 8.02826767e+01
    2.04814865e+02 5.74242249e+01 1.54017242e+02 2.05008804e+02
    1.46343491e+02 -4.13405150e-02 3.14225536e-03 -4.90000285e-02
    2.05257065e+02 5.43340988e+01 1.59048981e+02 1.94954300e+02
    2.19090775e+02 9.27598190e+01 3.17435190e-02 8.35821256e-02
    -4.89999577e-02 1.35305588e+02 1.56001465e+02 2.15995712e+02
    2.14924255e+02 9.92518463e+01 4.21527435e+02 3.38521674e-02
    -4.23131213e-02 -4.89999801e-02 1.81198761e+02 1.23287308e+02
    2.01707535e+02 1.27494057e+02 2.34468536e+02 1.10664169e+02
    2.99836099e-02 -4.98526767e-02 -4.89999652e-02 1.06370987e+02
    5.31869934e+02 1.24426842e+02 2.61749481e+02 6.92077332e+01
    1.30865051e+02 1.54578444e-02 -5.21108657e-02 -4.89999764e-02
    2.09133720e+01 2.11122437e+02 3.17558838e+02 1.33039001e+02
    5.72088440e+02 2.17326630e+02 2.26552431e-02 -4.78595644e-02
    -4.89999801e-02 2.08660507e+02 1.70803772e+02 5.89549751e+01
    2.59860260e+02 3.30500183e+02 1.84116821e+02 -4.37579304e-02
    3.60746346e-02 -4.90000099e-02 2.00123917e+02 8.17472458e+01
    2.47780304e+02 1.20786865e+02 2.48503937e+02 1.58650818e+02
    2.38468498e-03 -4.92942259e-02 -4.89999801e-02 2.72148956e+02
    2.98660583e+02 7.75445251e+01 1.47399170e+02 2.53047119e+02
    1.84574402e+02 1.88550297e-02 -4.89574969e-02 -4.89999689e-02
    2.39318634e+02 1.01204712e+02 5.26745178e+02 2.43077362e+02
    2.90907990e+02 1.13105469e+02 4.89999875e-02 -2.66411994e-02
    1.43541396e-03 1.60792068e+02 5.74755676e+02 2.37793533e+02
    1.73780029e+02 3.58349266e+01 1.28812515e+02 4.89999801e-02
    3.06117069e-02 -5.22207022e-02 2.31479721e+02 1.48905182e+02
    3.15632202e+02 1.72743896e+02 1.59905243e+02 2.58176025e+02
    4.06665429e-02 6.98262453e-02 -4.89999875e-02 1.18303085e+02
    3.04617554e+02 9.99317322e+01 2.19071426e+02 8.45267029e+01
    2.25854004e+02 4.10766006e-02 2.63873879e-02 -4.89999689e-02
    3.01213776e+02 1.63269852e+02 2.14603958e+02 1.32364655e+02
    4.95544556e+02 2.08693008e+02 -7.12570921e-03 -4.57766131e-02
    -4.89999838e-02 8.99650421e+01 4.96016083e+02 2.56858459e+02
    1.99844482e+02 8.90469742e+01 1.73691650e+02 -1.27741229e-03
    6.74070343e-02 -4.90000285e-02 3.86760437e+02 1.72497421e+02
    1.72331329e+02 1.19548698e+02 1.70192490e+02 6.94398727e+01
    -1.46162268e-02 -4.54707295e-02 -4.89999913e-02 1.32289108e+02
    1.33550568e+02 1.56233078e+02 5.30880981e+02 1.66172791e+02
    2.33188141e+02 4.89999838e-02 2.80468911e-03 -4.44907174e-02
    2.44679657e+02 1.17247520e+02 6.13926331e+02 1.63225128e+02
    5.10202209e+02 2.56554596e+02 1.25374040e-02 5.67726530e-02
    -4.89999801e-02 2.05642670e+02 4.16035583e+02 1.42522339e+02
    4.97435913e+02 2.06519043e+02 8.64174881e+01 2.53900643e-02
    -4.56323549e-02 -4.89999726e-02 4.75984833e+02 2.15022095e+02
    5.32483826e+02 2.22643799e+02 5.55083862e+02 2.23065094e+02
    4.89999950e-02 9.49467272e-02 3.19492258e-02 1.45641891e+02
    1.26037521e+02 1.48737976e+02 2.09088516e+02 1.08484596e+02
    1.79268661e+02 4.89999764e-02 9.81450826e-03 -4.71866205e-02
    5.75044922e+02 1.67790527e+02 5.76846863e+02 1.10173187e+02
    4.21426361e+02 1.26532631e+02 3.11786197e-02 2.95832995e-02
    -4.89999726e-02 1.62137802e+02 2.42253098e+02 9.40769806e+01
    1.50560883e+02 1.15339973e+02 5.50029602e+02 2.99106967e-02
    -4.66472916e-02 -4.89999838e-02 3.11319794e+02 5.39838676e+01
    5.13523193e+02 2.55801712e+02 1.88975601e+02 1.19138412e+02
    4.07759286e-02 7.05243871e-02 -4.89999726e-02 8.00624313e+01
    4.27033844e+02 1.36649139e+02 2.66539215e+02 2.59907440e+02
    5.37252869e+02 1.37011185e-02 5.43502830e-02 -4.89999652e-02
    3.30808929e+02 2.48651627e+02 1.87510101e+02 1.20023857e+02
    1.90145676e+02 1.49673782e+02 -3.84556241e-02 6.56075925e-02
    -4.90000397e-02 1.18385277e+02 2.51220520e+02 8.38250580e+01
    1.60088226e+02 1.12905190e+02 2.89588623e+02 -1.25054060e-03
    8.10263008e-02 -4.90000211e-02 2.16491257e+02 3.04201660e+02
    4.48199463e+02 1.77307465e+02 1.54871033e+02 2.30573254e+01
    -3.15927900e-03 -4.83983234e-02 -4.89999913e-02 5.74235725e+01
    2.29758224e+02 9.16806412e+01 1.32173508e+02 1.60461426e+02
    3.35542480e+02 4.89999913e-02 9.55962092e-02 -2.81399712e-02
    1.80089920e+02 1.49528244e+02 2.88600800e+02 6.96121979e+01
    6.10744934e+02 1.64689178e+02 2.88909897e-02 4.03828733e-03
    -4.89999875e-02 1.07104614e+02 5.36723083e+02 1.30388779e+02
    2.04385300e+02 9.42684708e+01 1.60938736e+02 -4.00341451e-02
    9.33562070e-02 -4.90000322e-02 2.95436462e+02 7.03161087e+01
    1.69536621e+02 1.42130295e+02 1.94666306e+02 8.45732117e+01
    -4.37113494e-02 9.67674330e-02 -4.90000360e-02 8.79968643e+01
    2.35803146e+02 1.01243843e+02 1.48892395e+02 3.71776733e+01
    2.32306946e+02 4.19469476e-02 2.26932056e-02 -4.89999689e-02
    2.35750381e+02 1.52654877e+02 3.71237907e+01 2.26069534e+02
    6.20958374e+02 1.72026245e+02 2.81155575e-02 -3.51160765e-04
    -4.89999652e-02 8.89729843e+01 2.34888367e+02 6.88463287e+01
    1.77114258e+02 5.18588715e+01 1.29291580e+02 -3.77288088e-02
    6.29380941e-02 -4.90000173e-02 4.41568298e+02 2.20735886e+02
    3.19883179e+02 2.94278442e+02 5.48483215e+02 2.15639145e+02
    4.89999726e-02 -5.44777140e-02 -2.57977527e-02 7.09508209e+01
    5.03484421e+01 1.63479340e+02 2.07879639e+02 8.89871292e+01
    2.44611847e+02 2.60952115e-02 -5.37203774e-02 -4.89999726e-02
    2.05334213e+02 1.08537346e+02 2.77131836e+02 2.37287231e+02
    1.60196533e+02 8.21808701e+01 3.98851559e-02 2.86764689e-02
    -4.89999764e-02 8.94090271e+01 3.14476959e+02 1.08422729e+02
    2.53397263e+02 2.62449371e+02 1.58905121e+02 -2.67565902e-02
    7.50489086e-02 -4.90000136e-02 4.04736267e+02 1.19974167e+02
    2.25988785e+02 1.01718651e+02 9.56104813e+01 1.32278122e+02
    3.81136015e-02 7.61563256e-02 -4.89999950e-02 1.18016518e+02
    2.40483444e+02 8.32026825e+01 1.97943054e+02 1.41341064e+02
    2.33475372e+02 -1.21980440e-02 8.39959830e-04 -4.89999875e-02
    1.47347778e+02 1.60362839e+02 2.85034119e+02 4.43572121e+01
    4.96076874e+02 1.40276688e+02 1.70270912e-02 4.52179164e-02
    -4.89999838e-02 1.45923325e+02 1.64476257e+02 1.37973907e+02
    5.16614014e+02 2.53790054e+02 2.85397034e+02 4.89999801e-02
    5.43467328e-03 -4.21179757e-02 9.20951157e+01 1.38427597e+02
    3.29626190e+02 2.60169769e+02 4.66021088e+02 1.74704636e+02
    4.89999801e-02 7.18292221e-02 -6.39648736e-02 1.34794510e+02
    1.44345840e+02 1.60073257e+02 4.59804993e+02 1.79680283e+02
    1.47691254e+02 4.89999764e-02 -3.20174522e-03 3.31353396e-03
    1.95070236e+02 1.45956650e+02 1.39420670e+02 1.79745377e+02
    4.91801239e+02 1.70285614e+02 3.41061242e-02 -2.73858346e-02
    -4.89999764e-02 2.29982071e+02 3.64603394e+02 1.85130249e+02
    2.93837799e+02 3.33040863e+02 2.47276337e+02 4.89999875e-02
    7.38529190e-02 -4.53317165e-02 3.28281189e+02 1.33053177e+02
    1.61627045e+02 1.21838028e+02 1.32945496e+02 4.45315399e+01
    4.89999801e-02 8.54924694e-03 -4.55666259e-02 1.23370255e+02
    1.74972687e+02 3.26393890e+02 5.67115822e+01 1.79269806e+02
    1.62876709e+02 2.77114790e-02 1.53187662e-03 -4.89999540e-02
    1.71439087e+02 3.29422821e+02 4.64505096e+02 2.10753296e+02
