<?xml version="1.0"?>
<opencv_storage>
<keypoint3d003 type_id="opencv-matrix">
  <rows>166</rows>
  <cols>3</cols>
  <dt>"3f"</dt>
  <data>
    -3.42191532e-02 -1.49391249e-01 -4.89999801e-02 5.31314202e-02
    4.22813091e-03 1.54079190e-02 -6.69029029e-03 6.85016345e-03
    2.47064158e-02 -2.67238989e-02 -9.31540132e-02 -6.04566559e-02
    -2.02629343e-03 1.66351013e-02 -2.55982741e-03 7.26279058e-03
    2.85210484e-03 3.31358262e-03 -4.38382626e-02 -9.81941745e-02
    -4.89999726e-02 1.16296147e-03 -5.37170051e-03 5.50157763e-03
    2.60839444e-02 2.61101853e-02 6.95674855e-04 -3.52204181e-02
    -1.23950094e-01 -4.89999764e-02 -7.73542124e-05 9.48484594e-05
    2.87599713e-01 3.73094559e-01 -1.67346060e-01 1.67346060e-01
    -3.05940397e-03 -8.07542801e-02 -8.47617388e-02 5.51304556e-02
    3.39228250e-02 2.21349388e-01 -2.21115291e-01 2.36021236e-01
    8.45394880e-02 8.85286182e-03 -3.84191908e-02 -1.78813934e-07
    -2.86478680e-02 5.41032478e-02 -1.35607319e-02 2.10834574e-02
    1.95846613e-03 5.29132038e-03 -2.31686700e-02 -1.42082304e-01
    -4.89999875e-02 1.17782429e-02 -6.45814324e-03 9.86325834e-03
    2.74974317e-03 3.41746351e-03 -2.15907255e-03 2.69529335e-02
    -9.43398327e-02 -9.11427960e-02 1.80609822e-01 4.38603282e-01
    -1.16405673e-01 1.16405673e-01 -9.88355130e-02 1.29264250e-01
    -9.72803310e-03 -8.19136873e-02 -8.24892893e-02 2.85438508e-01
    9.85745434e-03 4.95935790e-02 -9.41424295e-02 9.41424295e-02
    -7.96043407e-03 5.42044900e-02 -6.01390675e-02 -1.30385160e-07
    -7.27020530e-03 1.57783106e-02 1.24524590e-02 2.69860514e-02
    1.29331124e-03 1.30129093e-03 4.11452577e-02 -1.03007562e-01
    3.19987759e-02 2.63761176e-04 -1.09945657e-03 1.10743626e-03
    -1.77986603e-02 3.67290527e-02 2.22511776e-02 5.50634079e-02
    -5.90555407e-02 -1.04308128e-07 6.35751896e-03 8.99138115e-03
    2.04765070e-02 3.02595645e-02 -2.45926827e-02 3.25621143e-02
    1.30932266e-02 -3.26458551e-02 -1.90921128e-07 2.00687386e-02
    7.47421698e-04 3.68589535e-03 -5.00301248e-04 3.10352398e-03
    -3.79229937e-06 -1.73296314e-02 -2.83699129e-02 2.66823918e-07
    7.39885589e-43 0. 7.39885589e-43 0. 2.99958396e-04 3.46805580e-04
    -3.89779359e-02 -1.29161403e-01 -4.89999689e-02 1.04116695e-02
    -9.19489714e-04 1.36164716e-03 -1.55730860e-03 5.69880800e-03
    -8.01081490e-03 -2.12660059e-03 -8.87644887e-02 -6.90489560e-02
    -5.35248183e-02 5.47549501e-02 4.50004973e-02 4.50004973e-02
    1.80909690e-02 1.95325464e-02 5.63097335e-02 -7.67400563e-02
    -2.60770321e-08 4.26720420e-04 -6.66422723e-03 6.66422723e-03
    -6.95691793e-04 6.97470387e-04 1.40683260e-05 -2.63844840e-02
    -8.26470107e-02 -8.10519531e-02 1.56416884e-03 1.66300335e-03
    2.24728836e-03 2.63444427e-03 -3.88211594e-03 5.24848932e-03
    3.59500572e-02 -5.07747047e-02 -1.19209290e-07 1.07661374e-01
    5.13539873e-02 7.98605308e-02 -1.01912196e-03 2.71836035e-02
    2.99942866e-02 -3.27971503e-02 -8.83561373e-02 -6.98621497e-02
    5.44851601e-01 5.59939861e-01 -6.39869422e-02 6.42180070e-02
    -8.99919216e-03 8.99919216e-03 2.70167794e-02 -4.49392311e-02
    -1.60187483e-07 3.46379541e-03 -2.69563054e-03 3.82565893e-03
    4.42546699e-03 4.51554637e-03 9.02497675e-03 -4.04941216e-02
    -1.19512491e-01 -4.89999801e-02 2.93537267e-02 2.93879136e-02
    -6.58802036e-03 6.68685464e-03 3.21050622e-02 1.45211011e-01
    3.31727713e-02 -5.17160408e-02 -1.17346644e-07 2.65938073e-01
    5.69331162e-02 7.86374062e-02 8.67771432e-02 1.78258985e-01
    2.45941967e-01 2.88799256e-02 -4.31357399e-02 -1.75088644e-07
    6.89008310e-02 1.11326791e-01 -2.46353950e-02 2.46843323e-02
    -6.02844218e-03 3.27737853e-02 -2.78635509e-02 -1.08265348e-01
    -4.90000099e-02 1.10320644e-02 0. 0. -2.05743336e-03 2.05743336e-03
    0. 3.34830955e-02 -5.53011224e-02 -1.32247806e-07 0. 0.
    1.25362221e-02 1.42591726e-02 -1.48813268e-02 1.48813268e-02
    2.11172253e-02 -5.35188243e-02 2.04890966e-07 4.24505997e-05
    4.18934785e-02 5.38735315e-02 -4.82728444e-02 4.83152941e-02
    -1.30836200e-02 -2.93498375e-02 -2.76831221e-02 2.40397640e-07
    2.16003298e-03 3.21577606e-03 -3.97994998e-04 2.91172764e-03
    2.06317753e-03 3.44743277e-03 -5.77233173e-03 -1.15669467e-01
    -4.89999875e-02 0. 1.28312397e-03 1.97807141e-03 1.21352321e-03
    1.76612486e-03 -1.91319629e-03 5.64895943e-02 -7.58350417e-02
    -4.09781933e-08 -1.71023894e-05 1.71023894e-05 -7.68899801e-04
    2.82119848e-02 -1.72433127e-02 1.72433127e-02 -7.58847222e-04
    -1.20124772e-01 -4.89999801e-02 1.46199774e-03 1.21804327e-02
    1.85844358e-02 -1.95832029e-02 2.01124456e-02 -1.93163455e-02
    3.61346453e-02 -1.13058150e-01 -2.14486457e-02 5.30750817e-03
    5.70433261e-03 -1.55969092e-03 1.55969092e-03 6.11388870e-03
    6.28042361e-03 -2.13877466e-02 -8.69246647e-02 -7.26678446e-02
    9.45323426e-03 1.49372988e-03 1.49372988e-03 4.74717421e-03
    2.07441039e-02 -5.64952828e-02 3.35620567e-02 -5.42114824e-02
    -8.56816769e-08 -1.52806155e-02 8.81881118e-02 -6.56678453e-02
    1.76952928e-01 1.17440008e-01 1.31094843e-01 4.70819026e-02
    -9.63742733e-02 -5.41462526e-02 1.54446557e-01 1.29209831e-03
    2.39845961e-02 -4.02894579e-02 4.16377895e-02 5.37223695e-03
    2.62582209e-02 -9.54385996e-02 -8.89889747e-02 1.69596449e-02
    1.74983721e-02 1.56952944e-02 1.71424691e-02 -3.55787463e-02
    3.55787463e-02 2.28931028e-02 -1.02118447e-01 -7.59175718e-02
    2.25931015e-02 1.32860288e-01 3.40565950e-01 -9.90824923e-02
    1.12568036e-01 2.57268339e-01 -3.98285687e-03 -3.35812382e-02
    2.30967999e-07 1.11900046e-01 4.11898732e-01 5.75429611e-02
    6.07402623e-02 6.81004301e-02 1.09736167e-01 -4.57030348e-03
    -3.06481384e-02 2.18860805e-07 1.16039431e-02 1.24063401e-03
    1.82283390e-03 -3.61869461e-04 1.13111665e-03 3.61776608e-03
    -1.06486306e-03 -8.46129954e-02 -7.71986842e-02 -4.18715738e-03
    4.53819986e-03 8.13117775e-04 8.67724302e-04 -1.19188009e-03
    1.86192920e-03 4.01872769e-03 -8.26879814e-02 -2.61406973e-02
    6.49088994e-03 1.69559699e-02 1.70113146e-02 -7.18858652e-03
    7.18858652e-03 -1.18701868e-02 1.60365552e-02 -1.00960739e-01
    -7.81603754e-02 -8.55384918e-04 1.47199165e-03 4.01089620e-03
    4.01089620e-03 -1.44679594e-04 2.42578739e-04 -1.97857842e-02
    -9.39519703e-02 -5.88924140e-02 4.08833032e-04 -9.67974847e-05
    4.21771925e-04 2.21965677e-42 0. 7.39885589e-43 2.76696496e-03
    -8.27105641e-02 -8.09274539e-02 -1.99336253e-04 2.02943469e-04
    -7.92479386e-06 1.01113592e-05 5.37187443e-04 6.31240779e-04
    -1.99119858e-02 -8.69223326e-02 -7.26723522e-02 4.77049798e-02
    -1.10636279e-02 1.12268161e-02 0. 0. 1.23031565e-03 -3.20464894e-02
    -8.69947374e-02 -7.25304633e-02 1.24702579e-03 2.51491973e-03
    -5.77790663e-03 8.86640325e-03 -3.57997371e-03 3.79288988e-03
    -7.83055089e-03 -8.78435597e-02 -7.08667934e-02 6.21013751e-04
    3.62216099e-03 5.52381156e-03 -3.88229615e-03 3.88229615e-03
    -2.43759924e-03 1.72422826e-03 -8.25512558e-02 -8.12397599e-02
    -9.04505607e-04 2.31470517e-03 6.35770038e-02 6.35770038e-02
    1.62348673e-01 1.62348673e-01 -1.32150240e-02 -3.44416834e-02
    2.22586095e-07 0. 9.04824063e-02 2.63257563e-01 -1.27957612e-01
    1.87539950e-01 7.81951994e-02 -7.93717057e-03 -8.41500536e-02
    -7.81060830e-02 -3.54317650e-02 3.54317650e-02 6.80667022e-03
    1.48506761e-02 -8.35862104e-03 8.35862104e-03 1.43041462e-02
    -9.71384197e-02 -8.56524855e-02 3.82617489e-03 -1.23088714e-03
    5.36144990e-03 1.39040584e-02 1.79283582e-02 -1.76353811e-03
    -9.69936699e-03 -8.88827816e-02 -6.88185915e-02 3.45656782e-01
    3.46824110e-01 -3.82557288e-02 9.32189673e-02 1.40474513e-02
    1.52467256e-02 1.62355099e-02 -9.94952023e-02 -8.10448602e-02
    3.27398568e-01 5.04105687e-02 5.85407615e-02 -5.51179238e-02
    5.78352772e-02 -1.17467176e-02 -3.00717968e-02 -9.17484313e-02
    -6.32072836e-02 8.76258593e-04 8.76258593e-04 6.53794315e-03
    1.61658227e-02 2.43009126e-05 6.41764433e-04 9.95111279e-03
