<?xml version="1.0"?>
<opencv_storage>
<keypoint3d005 type_id="opencv-matrix">
  <rows>202</rows>
  <cols>3</cols>
  <dt>"3f"</dt>
  <data>
    -3.22242454e-02 -1.48537219e-01 -4.90000695e-02 2.92719668e-03
    -2.42540915e-03 7.36915320e-03 -6.63602259e-03 9.13085882e-03
    3.39509770e-02 -2.76643969e-02 -8.87255594e-02 -4.90000024e-02
    -1.41969416e-03 1.14715435e-02 -3.53885916e-05 3.63777130e-04
    -6.36475952e-03 7.06103351e-03 -2.79173627e-02 -7.95431584e-02
    -8.71352628e-02 1.62456080e-03 4.90221288e-03 6.13319734e-03
    1.59260922e-03 5.02273394e-03 -1.68134994e-03 -3.12569179e-03
    -8.09643343e-02 -8.43344107e-02 1.00795850e-02 2.25034114e-02
    3.72451633e-01 3.77697110e-01 1.06257834e-02 1.06257834e-02
    1.99700892e-02 -8.70767832e-02 -1.05375603e-01 1.49284313e-02
    -1.05559584e-02 2.65857279e-01 1.22784756e-01 1.22784756e-01
    3.06379888e-02 -3.34952101e-02 -1.23635262e-01 -4.90000732e-02
    -1.74254775e-02 2.22191606e-02 -1.61176827e-02 2.22145803e-02
    1.70027977e-03 6.65736059e-03 -4.17205654e-02 -9.85945612e-02
    -4.90000360e-02 4.56897588e-03 -2.70894496e-04 7.33441091e-04
    7.90872425e-03 1.31797688e-02 1.79645303e-03 1.93228386e-02
    -2.69958097e-02 -1.13621354e-07 2.14213505e-01 2.38644212e-01
    -1.01419665e-01 1.26973510e-01 1.41579693e-03 2.38389540e-02
    -2.16566399e-02 -1.41016349e-01 -4.90000695e-02 4.25186574e-01
    -4.30672020e-02 5.75871319e-02 -1.75101265e-01 1.98052362e-01
    -3.11290706e-03 -1.41660869e-03 -7.51466900e-02 -9.57522541e-02
    2.65265070e-03 2.65265070e-03 7.79481314e-04 7.78029440e-03
    3.78910976e-04 7.93054001e-04 2.38007437e-02 -8.47380459e-02
    -1.09959207e-01 9.18847218e-04 5.66347953e-05 2.50235113e-04
    -2.46518455e-03 3.68722319e-03 1.44560239e-03 2.64355913e-02
    -9.42007750e-02 -9.13995132e-02 9.10642277e-03 1.05275894e-02
    -2.47161537e-02 2.47161537e-02 5.50389141e-02 6.80080354e-02
    -9.47230682e-03 -8.20841789e-02 -8.21411163e-02 6.97865989e-03
    7.74045911e-05 4.19749820e-04 -1.69931178e-03 1.81740778e-03
    4.42877295e-04 2.28242576e-02 -2.72685885e-02 -5.11296093e-07
    7.39885589e-43 0. 7.39885589e-43 0. -8.58079467e-04 3.15046404e-03
    5.47490083e-02 -8.78112987e-02 -7.09298104e-02 1.77766033e-03
    6.34761062e-04 2.03895988e-03 6.24494511e-04 7.74411438e-03
    9.34843067e-03 -1.63945742e-03 -8.88099372e-02 -6.89772069e-02
    -4.65721823e-04 4.49843565e-03 2.12942105e-05 2.12942105e-05
    7.23360777e-02 7.23360777e-02 3.92868370e-02 -8.42760801e-02
    -7.78588206e-02 0. 0. 0. 0. 0. 0. -2.57091299e-02 -8.27743709e-02
    -8.07916895e-02 -6.08239044e-03 1.53369457e-02 -5.32753626e-03
    5.67445438e-03 6.53069234e-03 8.45072139e-03 -3.71210240e-02
    -1.28098235e-01 -4.90000546e-02 7.07421601e-02 2.85157412e-02
    4.04438004e-02 8.17435421e-03 2.61447188e-02 6.10785559e-03
    3.75762433e-02 -8.46154913e-02 -7.71935135e-02 4.75801528e-01
    4.75801528e-01 -3.85299698e-02 3.85299698e-02 1.23422046e-03
    1.23422046e-03 -3.61838564e-02 -7.99502879e-02 -4.90000322e-02 0. 0.
    0. 0. 0. -6.14278542e-04 3.64517756e-02 -8.82247984e-02
    -7.01193511e-02 2.09462214e-02 3.26931365e-02 4.01909873e-02
    5.46367876e-02 2.06851736e-02 6.46024942e-02 2.98200678e-02
    -4.22684774e-02 -1.19209290e-07 3.61361355e-01 9.89272743e-02
    1.18888848e-01 7.22572953e-02 8.06898996e-02 -9.39129200e-03
    -3.88747305e-02 -1.19055398e-01 -4.90000732e-02 -1.33071110e-01
    2.94883370e-01 8.44904862e-05 1.35212162e-04 -1.78811047e-03
    1.14086028e-02 3.28641422e-02 -8.15865695e-02 -8.31302255e-02
    3.56075093e-02 1.24528042e-05 8.72139644e-04 1.80102466e-03
    2.42202706e-03 -4.96399880e-04 3.08720209e-02 -3.04224193e-02
    -4.63798642e-07 -3.70231364e-03 4.04784223e-03 -1.76839810e-03
    2.39115744e-03 3.47859546e-04 6.86993240e-04 -2.51184888e-02
    -7.59047270e-02 -9.42664966e-02 5.37877195e-02 -3.59291048e-03
    5.52808680e-03 2.54766382e-02 2.69579403e-02 2.08636187e-02
    -2.68246476e-02 -1.08345345e-01 -4.90000509e-02 -1.78217506e-05
    2.55825173e-04 5.27862646e-03 7.63942394e-03 4.96811513e-03
    6.40143827e-03 -1.11725405e-02 -7.84635991e-02 -8.92511234e-02 0.
    -4.77760332e-04 1.02761074e-03 1.39386323e-03 6.53837621e-03
    -1.58195861e-03 2.86388695e-02 -9.31425542e-02 -9.34850574e-02
    -6.14403980e-03 6.14403980e-03 1.32793915e-02 4.97690290e-02
    -2.85737533e-02 2.85737533e-02 6.44108057e-02 -5.30690700e-02
    -4.02331352e-07 2.79330518e-02 3.09084430e-02 6.14407435e-02
    -4.79812594e-03 2.03588307e-02 -6.66693179e-03 -4.87975217e-03
    -1.15176365e-01 -4.90000434e-02 1.35166076e-04 7.20856665e-03
    -6.62904349e-04 2.47444049e-03 -4.82139876e-03 4.85926913e-03
    -2.81859189e-04 -1.19105965e-01 -4.90000285e-02 7.60745816e-03
    8.41644593e-04 1.63148250e-02 -1.68732979e-04 2.73029646e-03
    1.01715192e-01 -2.07155496e-02 -8.70299488e-02 -7.24599063e-02
    8.23253021e-02 1.24551728e-01 6.22122437e-02 1.11423492e-01
    3.07300929e-02 4.01354879e-01 -1.63055509e-02 -8.21894035e-02
    -8.19361955e-02 2.39984438e-01 8.74062255e-02 1.01060964e-01
    -8.53005704e-03 2.59011760e-02 -1.98226050e-02 1.83607079e-02
    -5.23752235e-02 1.06141819e-02 9.80294310e-03 1.34220496e-02
    -8.91456439e-04 1.07111167e-02 1.05220340e-02 1.70260351e-02
    -1.07051842e-02 -7.49267861e-02 -9.61832106e-02 1.32901408e-02
    9.00441781e-02 1.58195168e-01 1.04078420e-01 2.67191499e-01
    -1.17035946e-02 2.40625087e-02 -3.44036184e-02 -9.31322575e-08
    1.57664597e-01 3.08370829e-01 -1.26054004e-01 4.35919046e-01
    4.50560264e-02 1.30519390e-01 2.65656952e-02 -2.53371131e-02
    -4.73111868e-07 3.96431498e-02 1.50746340e-02 5.60774393e-02
    -3.10717374e-02 3.66000868e-02 9.71885026e-03 -1.06035471e-02
    -7.61951357e-02 -9.36972946e-02 3.26433073e-04 6.06519170e-04
    2.44256051e-04 7.26616243e-04 6.17947837e-04 1.29829184e-03
    2.13380978e-02 -9.44390371e-02 -5.79340905e-02 4.06304933e-02
    -1.08544864e-02 1.66792870e-02 -1.11381644e-02 1.30076818e-02
    4.14027721e-02 3.74995470e-02 -1.20404497e-01 -4.90000173e-02
    1.62995663e-02 1.75780691e-02 -1.91588281e-03 4.54475079e-03
    -8.58198013e-03 8.58198013e-03 -7.47620873e-03 -8.44274089e-02
    -7.75715187e-02 1.41189535e-04 1.10774464e-03 2.31048535e-03
    2.21965677e-42 0. 7.39885589e-43 4.67567220e-02 -9.55214202e-02
    -5.58179915e-02 -9.31569608e-04 9.58050718e-04 5.01479022e-04
    5.25998592e-04 2.03520525e-03 2.47004814e-03 8.21165740e-03
    -9.47874784e-02 -5.72561063e-02 9.52982437e-03 1.33916576e-04
    7.72437267e-03 -4.33385139e-03 1.06766904e-02 5.99913904e-03
    -5.04889525e-03 -5.99438623e-02 -3.07637155e-02 1.02558788e-02
    2.18281243e-02 -2.34436546e-03 4.72988328e-03 7.60781812e-04
    1.37971062e-03 9.40714031e-04 -7.76534900e-02 -9.08389539e-02
    1.75436563e-03 3.18071543e-04 4.00141784e-04 -1.24102151e-02
    1.73170902e-02 -1.80355180e-02 -2.77143754e-02 -8.60152245e-02
    -7.45113865e-02 8.43833573e-03 5.12783676e-02 3.68176587e-02
    9.00616869e-02 -3.30013633e-02 5.61468005e-02 1.06992535e-02
    -8.52742791e-02 -1.08907297e-01 3.72263730e-01 8.09102729e-02
    1.49442598e-01 3.85374837e-02 1.21388510e-01 1.73326001e-01
    4.90000248e-02 -1.15732372e+00 -2.74278331e+00 1.17437716e-03
    3.49302753e-03 1.79576653e-03 5.71290776e-03 2.51108538e-02
    2.89991181e-02 -1.91887747e-02 -8.71127397e-02 -7.22960681e-02
    2.16387361e-02 -1.26381451e-02 1.47067746e-02 -1.33337948e-04
    3.53433454e-04 -7.78773625e-04 -8.98418576e-03 -8.89558718e-02
    -6.87447116e-02 -9.78342891e-02 2.70607173e-01 6.92407563e-02
    2.37370417e-01 -5.45403063e-02 1.27504453e-01 -3.78659889e-02
    -8.22444335e-02 -4.90000471e-02 1.30491436e-01 -1.71354394e-02
    1.56799391e-01 1.12200091e-02 1.39943674e-01 -1.28954754e-03
    -2.04157159e-02 -7.59387687e-02 -9.41997841e-02 -3.81183974e-03
    3.81183974e-03 -3.88658256e-03 3.96708632e-03 -6.22134795e-03
    6.36159908e-03 -7.34488666e-03 -8.79386067e-02 -7.06851110e-02
