<?xml version="1.0"?>
<opencv_storage>
<keypoint3d004 type_id="opencv-matrix">
  <rows>201</rows>
  <cols>3</cols>
  <dt>"3f"</dt>
  <data>
    -3.59628573e-02 -1.47646591e-01 -4.89999838e-02 3.87891149e-03
    -3.50794964e-03 6.13324344e-03 -9.88412928e-03 1.21855950e-02
    3.72319035e-02 -2.99491808e-02 -8.69733319e-02 -4.89999950e-02
    -4.20123618e-03 1.09133068e-02 8.30577628e-04 9.97981871e-04
    -7.26922182e-03 7.94152822e-03 -2.89726891e-02 -7.79510960e-02
    -9.02557373e-02 5.12326951e-04 7.41406949e-03 9.09411255e-03
    1.06610416e-03 5.31840138e-03 -9.23736137e-04 -3.78329679e-03
    -7.95749128e-02 -8.70730504e-02 9.16707050e-03 1.45947244e-02
    3.67399067e-01 3.67399067e-01 1.61746535e-02 1.61746535e-02
    -4.47383225e-02 -9.65161026e-02 -4.89999689e-02 0. 8.12759064e-03
    2.52264768e-01 1.24107704e-01 1.24406241e-01 4.65251058e-02
    -1.79747492e-03 -7.35611022e-02 -9.88600701e-02 -1.44594703e-02
    2.59370469e-02 -2.30702329e-02 2.87322942e-02 5.56863798e-03
    8.22149217e-03 -3.66899148e-02 -1.22412615e-01 -4.89999428e-02
    4.98843100e-03 -3.27071379e-04 1.18606852e-03 1.26245003e-02
    1.47800148e-02 4.58453869e-04 -2.49369685e-02 -1.40565425e-01
    -4.89999689e-02 2.05083787e-01 2.26888165e-01 -8.79874751e-02
    1.30044594e-01 2.65043374e-04 1.74827781e-02 2.00420581e-02
    -8.55586082e-02 -1.08350791e-01 4.36827302e-01 -5.07825091e-02
    6.90959468e-02 -1.81195036e-01 2.01768368e-01 -1.97976897e-03
    1.87116172e-02 -2.80450378e-02 5.11296093e-07 5.80313324e-04
    6.80050638e-04 -1.23593782e-03 8.27783719e-03 1.95847795e-04
    4.01806697e-04 2.59025563e-02 -9.30659994e-02 -9.36366320e-02
    5.48022799e-04 -4.01633515e-05 3.15850892e-04 -2.33211694e-03
    4.64508915e-03 8.78032646e-04 3.96490544e-02 -8.36005509e-02
    -7.91831464e-02 9.53393802e-03 1.15193343e-02 -2.33258214e-02
    2.34705210e-02 5.19053787e-02 6.65365532e-02 1.35477372e-02
    -3.25227790e-02 5.09433448e-07 5.31040877e-03 2.05797245e-04
    7.07687112e-04 -1.58584362e-03 1.58584362e-03 6.75485353e-04
    -1.03566833e-02 -8.07216242e-02 -8.48116353e-02 7.39885589e-43 0.
    7.39885589e-43 0. -9.30379797e-03 9.47976578e-03 5.40939905e-02
    -5.93504794e-02 3.72529030e-07 9.87483654e-04 1.61725120e-03
    1.98380742e-03 1.90137431e-03 1.92436867e-03 -1.85096040e-02
    2.24531423e-02 -2.82144658e-02 1.17346644e-07 -2.08611209e-02
    2.09301021e-02 4.74541001e-02 5.16682118e-02 -2.47245096e-02
    2.47245096e-02 -2.67632268e-02 -8.11534971e-02 -8.39790702e-02
    8.93920381e-03 5.39221335e-03 5.39221335e-03 -9.18620382e-04
    2.20225239e-03 2.12033605e-03 -2.76066735e-03 -8.77912790e-02
    -7.09749833e-02 -3.73768173e-02 4.09512073e-02 8.13637336e-04
    2.14448925e-02 -9.32748336e-03 1.30557325e-02 3.48821729e-02
    -3.99564356e-02 1.28522515e-07 3.36938202e-01 -9.06616636e-03
    2.12695286e-01 8.32328349e-02 1.74950093e-01 -2.83256993e-02
    3.73223312e-02 -8.38161409e-02 -7.87606388e-02 -2.71995425e-01
    2.76710093e-01 4.59396839e-02 5.46086989e-02 -1.07022591e-01
    1.18684083e-01 5.52316010e-02 -5.82328439e-02 3.57627869e-07
    4.20588441e-02 -9.68605001e-03 1.63253490e-02 -8.37349985e-03
    8.75158794e-03 1.23558566e-03 -4.08891961e-02 -1.26409814e-01
    -4.89999689e-02 -3.85376699e-02 3.97821292e-02 -2.49337754e-03
    3.74757173e-03 -9.97962952e-02 1.10286273e-01 3.58410291e-02
    -8.76225829e-02 -7.12999851e-02 1.75605759e-01 6.48738593e-02
    8.16476569e-02 6.66954666e-02 2.10134745e-01 -1.98844671e-01
    4.90000360e-02 -1.85210794e-01 -2.59035110e-01 -1.27451941e-01
    1.98357537e-01 -3.43997441e-02 3.52660455e-02 -3.21653718e-03
    6.94818841e-03 2.92995498e-02 -4.34157960e-02 4.60073352e-07
    1.54376747e-02 1.14272116e-03 1.77661097e-03 3.82146070e-04
    7.48331659e-04 5.75807026e-05 -3.84174027e-02 -7.78833553e-02
    -4.89999503e-02 -2.31929962e-03 8.98903701e-03 1.37078045e-02
    2.62242667e-02 -1.35708479e-02 2.40555052e-02 -4.16976698e-02
    -1.17968433e-01 -4.89999726e-02 6.23948760e-02 3.29679460e-03
    1.11296633e-02 6.44242112e-03 1.18655898e-02 3.91617650e-03
    3.03424988e-02 -3.18257809e-02 1.13621354e-07 -7.67717487e-04
    8.77174200e-04 2.40123536e-05 6.56238481e-05 1.72365457e-03
    1.83368567e-03 5.61086088e-02 -9.58522558e-02 -5.51698953e-02 0.
    3.66347413e-05 1.06923433e-03 -3.56767327e-04 4.78603033e-04
    1.51180523e-03 -2.87341364e-02 -1.06398135e-01 -4.90000099e-02
    -3.65487213e-04 5.19930338e-03 9.50061064e-03 1.82062071e-02
    -1.92453060e-03 5.10282908e-03 -1.12827271e-02 -7.31813982e-02
    -9.96043086e-02 0. 6.96079209e-02 6.96079209e-02 -8.60401150e-03
    8.60401150e-03 0. 3.26374248e-02 -8.07290226e-02 -8.48113447e-02 0.
    0. 0. 0. 0. 0. 6.40386418e-02 -5.54480925e-02 9.31322575e-08
    5.25091169e-03 8.05754401e-03 1.15364827e-02 3.59189871e-04
    1.27330841e-02 3.92486565e-02 -1.73806604e-02 -8.06919485e-02
    -8.48836899e-02 9.87701397e-03 2.36755870e-02 1.56963407e-03
    1.22144558e-02 -2.82727089e-03 2.82727089e-03 -6.84333593e-03
    -1.14442602e-01 -4.89999428e-02 5.28238975e-02 1.17014698e-03
    1.17014698e-03 0. 0. 0. -2.62330472e-03 -1.18366204e-01
    -4.89999577e-02 0. 0. 2.57285498e-03 3.75641882e-03 -4.86328499e-03
    9.83009767e-03 2.82511804e-02 -9.21048671e-02 -9.55204219e-02
    1.19042620e-02 4.21669967e-02 6.03336617e-02 -4.82873153e-03
    5.26440796e-03 3.78639042e-01 2.58770380e-02 -3.55649553e-02
    5.04776835e-07 7.22586885e-02 7.80586228e-02 -1.99031085e-02
    2.71041036e-01 1.31552666e-01 2.53212541e-01 -2.21932251e-02
    -8.55717361e-02 -7.53181726e-02 8.20440939e-04 -6.79517630e-03
    1.23816719e-02 -6.23620627e-03 9.40417871e-03 -5.46860658e-02
    2.62517631e-02 -2.60899700e-02 1.06170774e-07 1.61307596e-03
    2.73156515e-03 -5.15330117e-04 1.04686641e-03 -4.65606543e-04
    6.49353315e-04 8.19356926e-03 -7.57158250e-02 -9.46368873e-02
    1.29959849e-03 3.75234726e-04 9.98541247e-04 3.03613284e-04
    1.63285108e-03 -3.73036116e-02 3.71894762e-02 -1.20568976e-01
    -4.89999354e-02 2.39839703e-02 2.55833659e-02 1.99249536e-02
    2.68855561e-02 -1.72034313e-04 8.07498582e-04 4.69318666e-02
    -9.55162048e-02 -5.58285341e-02 8.80439393e-03 9.07520473e-04
    3.45474947e-03 2.21965677e-42 0. 7.39885589e-43 -4.35773768e-02
    -1.15991116e-01 -4.89999987e-02 -2.58379558e-04 5.81878412e-04
    -1.54085385e-04 1.48855418e-03 -6.18064601e-04 7.64279219e-04
    9.91633162e-04 -8.13739896e-02 -8.36174786e-02 3.85320857e-02
    -8.47446080e-03 1.55391246e-02 -5.09254402e-04 1.96163333e-03 0.
    5.60754016e-02 -9.52273011e-02 -5.63948303e-02 -1.03571657e-02
    1.03571657e-02 0. 0. -9.04259286e-05 9.04259286e-05 2.02477109e-02
    -9.39080417e-02 -5.89742474e-02 0. 4.41473749e-05 7.33934357e-05
    2.78396951e-03 7.81478919e-03 7.58099882e-03 -8.50399584e-03
    -8.30393285e-02 -8.02903622e-02 2.20769481e-03 3.04404995e-03
    1.84249859e-02 2.47092862e-02 5.88143095e-02 9.41853896e-02
    5.99734392e-03 -6.93026781e-02 -1.90979540e-02 2.70481165e-02
    8.23567563e-04 8.23567563e-04 5.29300332e-01 5.29300332e-01
    -1.22629501e-01 -2.06717942e-02 -7.41904527e-02 -9.76265967e-02 0.
    0. -5.30507423e-05 6.60841470e-05 -4.56169146e-05 4.56169146e-05
    -1.04365088e-02 -8.79107043e-02 -7.08169490e-02 2.55112443e-02
    1.25349658e-02 1.39610618e-02 -6.62292447e-03 3.41053680e-02
    4.29860801e-02 -1.76396035e-03 -8.34461376e-02 -7.94835389e-02
    4.42074686e-02 8.77884254e-02 5.78644685e-02 1.42837122e-01
    7.86632672e-02 9.52653363e-02 -1.10320523e-02 -7.45017827e-02
    -9.70163867e-02 1.06990352e-01 1.96798258e-02 2.83137739e-01 0. 0.
    -4.63837932e-04 -2.03888845e-02 -8.57737511e-02 -7.49106333e-02
    -6.10966561e-03 6.10966561e-03 3.98065968e-05 4.84776567e-04
    -2.80440156e-03 3.18735256e-03 1.30690914e-02 -9.27677155e-02
    -6.12161532e-02 4.07557003e-03 4.32274584e-03 5.59860887e-03
    -2.23091757e-03 4.33520563e-02 8.09322484e-03 -4.00387347e-02
