<?xml version="1.0"?>
<opencv_storage>
<orange_juice_carton_flo_obj type_id="opencv-matrix">
  <rows>639</rows>
  <cols>3</cols>
  <dt>f</dt>
  <data>
    81. 119. 119. -4.89999987e-02 9.89999995e-02 -4.89999987e-02
    -4.89999987e-02 9.89999995e-02 -4.89999987e-02 -4.89999987e-02
    9.89999995e-02 -4.89999987e-02 4.89999987e-02 9.89999995e-02
    -4.89999987e-02 4.89999987e-02 9.89999995e-02 -4.89999987e-02
    4.89999987e-02 -9.89999995e-02 -4.89999987e-02 4.89999987e-02
    -9.89999995e-02 -4.89999987e-02 4.89999987e-02 -9.89999995e-02
    -4.89999987e-02 4.89999987e-02 -9.89999995e-02 -4.89999987e-02
    -4.89999987e-02 -9.89999995e-02 -4.89999987e-02 -4.89999987e-02
    -9.89999995e-02 -4.89999987e-02 -4.89999987e-02 -9.89999995e-02
    -4.89999987e-02 -4.89999987e-02 9.89999995e-02 4.89999987e-02
    -4.89999987e-02 9.89999995e-02 4.89999987e-02 4.89999987e-02
    9.89999995e-02 4.89999987e-02 -4.89999987e-02 -9.89999995e-02
    4.89999987e-02 -4.89999987e-02 -9.89999995e-02 4.89999987e-02
    -4.89999987e-02 -9.89999995e-02 4.89999987e-02 4.89999987e-02
    -9.89999995e-02 4.89999987e-02 -9.02388999e-17 -1.23999998e-01
    -9.02388999e-17 -9.02388999e-17 -1.23999998e-01 -9.02388999e-17
    -4.89999987e-02 -1.23999998e-01 -3.38396015e-17 -4.89999987e-02
    -1.23999998e-01 -3.38396015e-17 4.89999987e-02 -1.23999998e-01
    -1.01519003e-16 4.89999987e-02 -1.42000005e-01 -9.02388999e-17
    1.32491002e-02 -1.14696003e-01 -1.82352997e-02 1.32491002e-02
    -1.14696003e-01 -1.82352997e-02 1.46179004e-02 -1.13029003e-01
    -2.15032995e-02 1.49395000e-02 -1.11500002e-01 -2.44999994e-02
    1.49905002e-02 -1.11257002e-01 -2.49754991e-02 1.43414997e-02
    -1.09502003e-01 -2.84153000e-02 1.27152000e-02 -1.07883997e-01
    -3.15883011e-02 1.02223996e-02 -1.06510997e-01 -3.42781991e-02
    7.03294994e-03 -1.05479002e-01 -3.63017991e-02 3.36420001e-03
    -1.04856998e-01 -3.75210010e-02 -5.33819024e-04 -1.04686998e-01
    -3.78529988e-02 3.36420001e-03 -1.18217997e-01 -4.43380997e-02
    3.36420001e-03 -1.18217997e-01 -4.43380997e-02 3.36420001e-03
    -1.18217997e-01 -4.43380997e-02 -6.76792030e-17 -1.18072003e-01
    -4.46246006e-02 7.03294994e-03 -1.18840002e-01 -4.31188010e-02
    1.02223996e-02 -1.19873002e-01 -4.10953015e-02 1.27152000e-02
    -1.21244997e-01 -3.84052992e-02 1.43414997e-02 -1.22864000e-01
    -3.52323987e-02 1.49905002e-02 -1.24619000e-01 -3.17925997e-02
    1.49395000e-02 -1.24861002e-01 -3.13170999e-02 1.46179004e-02
    -1.26389995e-01 -2.83204000e-02 1.32491002e-02 -1.28058001e-01
    -2.50524003e-02 1.09772999e-02 -1.16145998e-01 -1.53943002e-02
    1.09772999e-02 -1.29507005e-01 -2.22113002e-02 7.95754977e-03
    -1.17279001e-01 -1.31737003e-02 4.39545978e-03 -1.18018001e-01
    -1.17250998e-02 5.33819024e-04 -1.18313000e-01 -1.11469999e-02
    -1.69198008e-17 -1.18290000e-01 -1.11924997e-02 -3.36420001e-03
    -1.18143000e-01 -1.14789996e-02 -7.03294994e-03 -1.17521003e-01
    -1.26981996e-02 -1.02223996e-02 -1.16489001e-01 -1.47217996e-02
    -1.27152000e-02 -1.15116000e-01 -1.74116995e-02 -1.43414997e-02
    -1.13498002e-01 -2.05847006e-02 -1.49905002e-02 -1.11743003e-01
    -2.40244996e-02 -1.49395000e-02 -1.11500002e-01 -2.44999994e-02
    -1.46179004e-02 -1.09971002e-01 -2.74966992e-02 -1.32491002e-02
    -1.08304001e-01 -3.07647008e-02 -1.09772999e-02 -1.06853999e-01
    -3.36056985e-02 -7.95754977e-03 -1.05720997e-01 -3.58262993e-02
    -5.33819024e-04 -1.18049003e-01 -4.46700007e-02 -4.39545978e-03
    -1.18344001e-01 -4.40919995e-02 7.95754977e-03 -1.30640000e-01
    -1.99907999e-02 4.39545978e-03 -1.31378993e-01 -1.85422003e-02
    5.33819024e-04 -1.31674007e-01 -1.79641005e-02 2.25597002e-17
    -1.31650999e-01 -1.80095006e-02 -3.36420001e-03 -1.31504998e-01
    -1.82959996e-02 -7.03294994e-03 -1.30882993e-01 -1.95153002e-02
    -1.02223996e-02 -1.29850000e-01 -2.15389002e-02 -1.27152000e-02
    -1.28478006e-01 -2.42288001e-02 -1.43414997e-02 -1.26858994e-01
    -2.74017993e-02 -1.49905002e-02 -1.25103995e-01 -3.08414996e-02
    -1.49395000e-02 -1.24861002e-01 -3.13170999e-02 -1.46179004e-02
    -1.23333000e-01 -3.43138017e-02 -1.32491002e-02 -1.21665001e-01
    -3.75817008e-02 -1.09772999e-02 -1.20215997e-01 -4.04228009e-02
    4.89999987e-02 9.89999995e-02 -4.89999987e-02 -4.89999987e-02
    -9.89999995e-02 -4.89999987e-02 -4.89999987e-02 9.89999995e-02
    4.89999987e-02 4.89999987e-02 -9.89999995e-02 -4.89999987e-02
    4.89999987e-02 9.89999995e-02 4.89999987e-02 -4.89999987e-02
    -9.89999995e-02 -4.89999987e-02 4.89999987e-02 -9.89999995e-02
    4.89999987e-02 -9.02388999e-17 -1.23999998e-01 -9.02388999e-17
    4.89999987e-02 -1.23999998e-01 -1.01519003e-16 -4.89999987e-02
    -9.89999995e-02 4.89999987e-02 -9.02388999e-17 -1.23999998e-01
    -9.02388999e-17 -4.89999987e-02 -1.23999998e-01 -3.38396015e-17
    4.89999987e-02 9.89999995e-02 4.89999987e-02 -4.89999987e-02
    -9.89999995e-02 4.89999987e-02 4.89999987e-02 -9.89999995e-02
    4.89999987e-02 4.89999987e-02 -9.89999995e-02 4.89999987e-02
    -9.02388999e-17 -1.23999998e-01 -9.02388999e-17 -4.89999987e-02
    -1.23999998e-01 -3.38396015e-17 4.89999987e-02 -1.23999998e-01
    -1.01519003e-16 -4.89999987e-02 -1.23999998e-01 -3.38396015e-17
    4.89999987e-02 -1.23999998e-01 -1.01519003e-16 4.89999987e-02
    -1.23999998e-01 -1.01519003e-16 -4.89999987e-02 -1.42000005e-01
    -2.25597002e-17 4.89999987e-02 -1.42000005e-01 -9.02388999e-17
    -4.89999987e-02 -1.42000005e-01 -2.25597002e-17 1.46179004e-02
    -1.13029003e-01 -2.15032995e-02 1.09772999e-02 -1.16145998e-01
    -1.53943002e-02 1.49395000e-02 -1.11500002e-01 -2.44999994e-02
    1.49905002e-02 -1.11257002e-01 -2.49754991e-02 1.43414997e-02
    -1.09502003e-01 -2.84153000e-02 1.27152000e-02 -1.07883997e-01
    -3.15883011e-02 1.02223996e-02 -1.06510997e-01 -3.42781991e-02
    7.03294994e-03 -1.05479002e-01 -3.63017991e-02 3.36420001e-03
    -1.04856998e-01 -3.75210010e-02 -5.33819024e-04 -1.04686998e-01
    -3.78529988e-02 -4.39545978e-03 -1.04982004e-01 -3.72749008e-02
    -6.76792030e-17 -1.18072003e-01 -4.46246006e-02 7.03294994e-03
    -1.18840002e-01 -4.31188010e-02 -5.33819024e-04 -1.18049003e-01
    -4.46700007e-02 -5.33819024e-04 -1.18049003e-01 -4.46700007e-02
    1.02223996e-02 -1.19873002e-01 -4.10953015e-02 1.27152000e-02
    -1.21244997e-01 -3.84052992e-02 1.43414997e-02 -1.22864000e-01
    -3.52323987e-02 1.49905002e-02 -1.24619000e-01 -3.17925997e-02
    1.49395000e-02 -1.24861002e-01 -3.13170999e-02 1.46179004e-02
    -1.26389995e-01 -2.83204000e-02 1.32491002e-02 -1.28058001e-01
    -2.50524003e-02 1.09772999e-02 -1.29507005e-01 -2.22113002e-02
    7.95754977e-03 -1.17279001e-01 -1.31737003e-02 7.95754977e-03
    -1.30640000e-01 -1.99907999e-02 4.39545978e-03 -1.18018001e-01
    -1.17250998e-02 5.33819024e-04 -1.18313000e-01 -1.11469999e-02
    -1.69198008e-17 -1.18290000e-01 -1.11924997e-02 -3.36420001e-03
    -1.18143000e-01 -1.14789996e-02 -7.03294994e-03 -1.17521003e-01
    -1.26981996e-02 -1.02223996e-02 -1.16489001e-01 -1.47217996e-02
    -1.27152000e-02 -1.15116000e-01 -1.74116995e-02 -1.43414997e-02
    -1.13498002e-01 -2.05847006e-02 -1.49905002e-02 -1.11743003e-01
    -2.40244996e-02 -1.49395000e-02 -1.11500002e-01 -2.44999994e-02
    -1.46179004e-02 -1.09971002e-01 -2.74966992e-02 -1.32491002e-02
    -1.08304001e-01 -3.07647008e-02 -1.09772999e-02 -1.06853999e-01
    -3.36056985e-02 -7.95754977e-03 -1.05720997e-01 -3.58262993e-02
    -4.39545978e-03 -1.04982004e-01 -3.72749008e-02 -4.39545978e-03
    -1.18344001e-01 -4.40919995e-02 -7.95754977e-03 -1.19083002e-01
    -4.26433012e-02 4.39545978e-03 -1.31378993e-01 -1.85422003e-02
    5.33819024e-04 -1.31674007e-01 -1.79641005e-02 2.25597002e-17
    -1.31650999e-01 -1.80095006e-02 -3.36420001e-03 -1.31504998e-01
    -1.82959996e-02 -7.03294994e-03 -1.30882993e-01 -1.95153002e-02
    -1.02223996e-02 -1.29850000e-01 -2.15389002e-02 -1.27152000e-02
