<?xml version="1.0"?>
<opencv_storage>
<pose002 type_id="opencv-matrix">
  <rows>4</rows>
  <cols>4</cols>
  <dt>f</dt>
  <data>
    9.91394579e-01 -1.09355569e-01 -7.19610825e-02 -3.19922380e-02
    6.11004084e-02 8.72697055e-01 -4.84424144e-01 -3.69988196e-02
    1.15774691e-01 4.75858480e-01 8.71868610e-01 5.65907478e-01 0. 0. 0.
    1.</data></pose002>
</opencv_storage>
