<?xml version="1.0"?>
<opencv_storage>
<pose006 type_id="opencv-matrix">
  <rows>4</rows>
  <cols>4</cols>
  <dt>f</dt>
  <data>
    9.41912711e-01 3.18759903e-02 3.34341705e-01 -5.38296029e-02
    1.06775403e-01 9.15417492e-01 -3.88084859e-01 -3.51653062e-02
    -3.18432808e-01 4.01241541e-01 8.58839810e-01 4.04662877e-01 0. 0.
    0. 1.</data></pose006>
</opencv_storage>
