<?xml version="1.0"?>
<opencv_storage>
<pose004 type_id="opencv-matrix">
  <rows>4</rows>
  <cols>4</cols>
  <dt>f</dt>
  <data>
    9.26086128e-01 -1.27161384e-01 3.55238587e-01 8.83369818e-02
    2.41266012e-01 9.23439980e-01 -2.98411310e-01 7.23743066e-02
    -2.90095121e-01 3.62061560e-01 8.85864675e-01 5.39195538e-01 0. 0.
    0. 1.</data></pose004>
</opencv_storage>
