<?xml version="1.0"?>
<opencv_storage>
<pose001 type_id="opencv-matrix">
  <rows>4</rows>
  <cols>4</cols>
  <dt>f</dt>
  <data>
    9.91275549e-01 -8.84243175e-02 -9.77437124e-02 -2.57953703e-02
    3.91627699e-02 9.05677974e-01 -4.22153682e-01 -2.59896070e-02
    1.25852942e-01 4.14642692e-01 9.01239455e-01 5.70373356e-01 0. 0. 0.
    1.</data></pose001>
</opencv_storage>
