<?xml version="1.0"?>
<opencv_storage>
<pose003 type_id="opencv-matrix">
  <rows>4</rows>
  <cols>4</cols>
  <dt>f</dt>
  <data>
    9.26213205e-01 -1.15693338e-01 3.58809441e-01 8.35681856e-02
    2.32803494e-01 9.24125731e-01 -3.02975535e-01 8.00015628e-02
    -2.96532780e-01 3.64152014e-01 8.82871270e-01 5.40926158e-01 0. 0.
    0. 1.</data></pose003>
</opencv_storage>
