<?xml version="1.0"?>
<opencv_storage>
<pose005 type_id="opencv-matrix">
  <rows>4</rows>
  <cols>4</cols>
  <dt>f</dt>
  <data>
    9.30524826e-01 -9.89658087e-02 3.52603614e-01 8.99733603e-02
    2.22034812e-01 9.18120086e-01 -3.28262091e-01 7.10504428e-02
    -2.91245759e-01 3.83746326e-01 8.76307428e-01 5.31348526e-01 0. 0.
    0. 1.</data></pose005>
</opencv_storage>
