<?xml version="1.0"?>
<opencv_storage>
<keypoint2d003 type_id="opencv-matrix">
  <rows>230</rows>
  <cols>1</cols>
  <dt>"2f"</dt>
  <data>
    2.84434906e+02 1.91562897e+02 2.78608032e+02 1.60586395e+02
    2.97649445e+02 2.35229263e+02 2.94450409e+02 2.46532715e+02
    2.79241394e+02 1.46375534e+02 2.53258896e+02 2.83021545e+02
    2.55391235e+02 3.09781250e+02 2.95645630e+02 1.41235184e+02
    2.68763763e+02 3.24195648e+02 2.93641479e+02 1.49744324e+02
    3.02765228e+02 1.58732391e+02 2.77880768e+02 3.03178314e+02
    3.00244568e+02 1.58361298e+02 2.94710052e+02 2.92887268e+02
    3.17972839e+02 2.06334000e+02 2.47724030e+02 2.41878189e+02
    2.87391205e+02 1.38078598e+02 2.96837830e+02 3.01116669e+02
    2.89630829e+02 1.36357666e+02 2.64559631e+02 1.39579453e+02
    3.10246918e+02 2.05071747e+02 3.00478882e+02 2.39679703e+02
    2.85122467e+02 3.21403107e+02 2.79790405e+02 3.04394623e+02
    2.88404022e+02 1.89812454e+02 2.51184753e+02 2.89981537e+02
    2.42599380e+02 1.80292603e+02 3.10421967e+02 1.74227966e+02
    2.64671570e+02 2.78996796e+02 2.50478455e+02 1.81914505e+02
    2.39960541e+02 1.79183212e+02 2.87019196e+02 2.83445435e+02
    2.42205032e+02 2.88164703e+02 2.53437881e+02 1.53003937e+02
    2.64645569e+02 2.89707886e+02 2.68152985e+02 3.12876099e+02
    2.90361542e+02 2.92453369e+02 2.75476135e+02 2.00854202e+02
    2.50024414e+02 2.41329514e+02 3.09387817e+02 1.75748611e+02
    2.97969269e+02 1.85199112e+02 2.43353973e+02 2.55711853e+02
    2.46557892e+02 2.75438690e+02 2.45149323e+02 2.58971130e+02
    2.84792267e+02 3.36334229e+02 2.57301300e+02 2.76934723e+02
    2.64181885e+02 3.30966644e+02 2.29418655e+02 2.02687347e+02
    2.76181702e+02 3.22781586e+02 2.54513000e+02 2.45574921e+02
    2.80401001e+02 1.88459091e+02 2.80515594e+02 2.83328705e+02
    2.65505280e+02 3.31188385e+02 2.59593872e+02 3.03999603e+02
    2.98538116e+02 2.85217407e+02 3.08858154e+02 2.60508545e+02
    2.71445007e+02 2.36914658e+02 2.73843109e+02 2.44392929e+02
    2.68693665e+02 1.96642227e+02 2.60763794e+02 2.10048080e+02
    2.77299805e+02 1.95820282e+02 2.98935547e+02 1.87058319e+02
    2.99069977e+02 1.90532913e+02 2.52278915e+02 2.69817261e+02
    3.12452057e+02 2.26861816e+02 2.99166595e+02 1.93541595e+02
    2.58369446e+02 1.46651443e+02 2.41352386e+02 2.64787811e+02
    2.60671051e+02 2.39864594e+02 2.88788269e+02 3.10958801e+02
    2.77542480e+02 2.79763672e+02 2.63171448e+02 3.18455383e+02
    2.57127960e+02 2.40948914e+02 2.70706146e+02 1.89743118e+02
    2.61895813e+02 2.37940414e+02 2.71191895e+02 1.90457230e+02
    2.80392822e+02 2.87593994e+02 2.88086853e+02 3.15987274e+02
    2.90941986e+02 3.08721344e+02 2.50265579e+02 3.00718689e+02
    2.51957062e+02 2.93155853e+02 2.78238739e+02 2.91885437e+02
    2.59269012e+02 3.16938873e+02 3.05534546e+02 2.44389969e+02
    2.87776093e+02 3.06474945e+02 2.62023468e+02 2.94174896e+02
    2.76224213e+02 2.84464722e+02 2.73125854e+02 2.90623810e+02
    2.71559540e+02 2.74309814e+02 2.72484772e+02 1.83500656e+02
    3.00874969e+02 2.62874451e+02 2.75964386e+02 2.70924164e+02
    3.17010498e+02 2.74108002e+02 2.70685455e+02 2.40820175e+02
    2.74277283e+02 3.30100067e+02 2.60610535e+02 2.60144989e+02
    2.63598816e+02 1.51403091e+02 2.52726761e+02 2.99835907e+02
    2.50617737e+02 3.03643036e+02 2.51038269e+02 2.49306717e+02
    2.74259125e+02 2.40087128e+02 2.47183594e+02 2.94779541e+02
    2.60570709e+02 2.68938629e+02 2.92074463e+02 3.21007355e+02
    2.84328918e+02 2.75882416e+02 2.70636414e+02 2.99826355e+02
    2.94716736e+02 2.73073151e+02 2.72237457e+02 3.06133759e+02
    2.46243896e+02 2.79929626e+02 2.49782440e+02 2.97372986e+02
    2.61895416e+02 1.63864594e+02 3.05424561e+02 1.61695084e+02
    2.74013916e+02 2.62842468e+02 2.68181915e+02 2.73761719e+02
    2.88303162e+02 2.64237244e+02 2.90791656e+02 2.08407883e+02
    2.72358673e+02 2.26959579e+02 2.90872589e+02 2.05643799e+02
    2.41158020e+02 1.86013199e+02 2.65004578e+02 3.00611725e+02
    2.82620850e+02 2.48507996e+02 2.81741455e+02 2.05885345e+02
    2.65293427e+02 2.42557236e+02 2.78861816e+02 2.61812866e+02
    2.68155243e+02 2.98340668e+02 2.99883453e+02 2.53975555e+02
    2.80688538e+02 2.34920441e+02 2.39277054e+02 2.37946045e+02
    2.87198303e+02 2.74241913e+02 2.28965637e+02 2.37422791e+02
    2.87085815e+02 2.71928528e+02 2.74931580e+02 2.96714966e+02
    2.47714645e+02 1.75202042e+02 2.30379562e+02 2.39637131e+02
    2.84803436e+02 2.53548981e+02 2.60896332e+02 3.20769257e+02
    2.94714386e+02 1.86845444e+02 2.92793060e+02 3.12948761e+02
    2.84100830e+02 2.64776367e+02 3.02156464e+02 2.17779099e+02
    2.69179962e+02 1.68856827e+02 2.51701828e+02 1.59485016e+02
    2.88062317e+02 1.99914200e+02 2.80452209e+02 2.54925095e+02
    2.82315338e+02 2.25021851e+02 3.08412262e+02 1.63364456e+02
    2.78095978e+02 2.54798050e+02 2.76115021e+02 2.49240707e+02
    3.05869446e+02 2.54254944e+02 2.94074646e+02 1.30165833e+02
    2.79619690e+02 1.78845917e+02 2.80820679e+02 2.67053070e+02
    3.11905670e+02 1.65346909e+02 3.01116333e+02 2.01655396e+02
    2.62296875e+02 2.54284149e+02 2.28554688e+02 2.37791061e+02
    2.74453857e+02 1.36852295e+02 2.94906708e+02 2.04942841e+02
    2.47414078e+02 2.66237396e+02 3.05998016e+02 2.56913910e+02
    2.80236938e+02 2.07680542e+02 2.79632812e+02 2.70326202e+02
    2.79631775e+02 2.31575256e+02 2.82414337e+02 2.70551147e+02
    2.92224121e+02 2.77040009e+02 2.95140808e+02 2.70427643e+02
    2.84790070e+02 2.61038391e+02 2.39202866e+02 2.25792358e+02
    2.80981110e+02 2.62300232e+02 2.84246643e+02 2.56825317e+02
    2.29872223e+02 2.20110306e+02 2.42654175e+02 1.66851822e+02
    2.57846497e+02 2.55940659e+02 2.31654999e+02 2.16888931e+02
    2.66691254e+02 3.05694763e+02 2.81203156e+02 1.75493927e+02
    2.71191284e+02 2.50465714e+02 3.05178619e+02 2.67830933e+02
    2.90815338e+02 1.72815964e+02 2.44503494e+02 2.96179382e+02
    2.81794403e+02 3.17927734e+02 2.82884094e+02 2.38795349e+02
    2.99594208e+02 2.04060959e+02 2.72885925e+02 2.24246399e+02
    2.97363495e+02 2.56256317e+02 2.75349976e+02 3.12991058e+02
    2.24948746e+02 2.29282532e+02 2.39936584e+02 1.67799057e+02
    3.16755768e+02 1.94274628e+02 2.64486786e+02 2.26220917e+02
    2.63517731e+02 2.28750839e+02 2.85560242e+02 1.77721695e+02
    2.28384262e+02 2.23573761e+02 2.76297821e+02 1.80420486e+02
    2.56600189e+02 1.34513596e+02 2.66221924e+02 2.51034897e+02
    3.05115784e+02 2.79627563e+02 3.17872070e+02 2.39916229e+02
    2.92759613e+02 2.19212952e+02 2.80842682e+02 2.40690628e+02
    2.29005249e+02 2.42956345e+02 2.84878204e+02 2.20887405e+02
    2.91069916e+02 2.70830505e+02 2.67381287e+02 2.27753998e+02
    2.86100555e+02 1.79593811e+02 2.31678696e+02 1.86110596e+02
    2.67090790e+02 2.33921646e+02 2.75002686e+02 2.13882614e+02
    2.80138794e+02 3.37651733e+02 2.77725281e+02 2.23197159e+02
    2.36688568e+02 2.44828751e+02 2.76201202e+02 2.31920975e+02
    2.62943756e+02 2.33066498e+02 2.49871582e+02 2.00292755e+02
    2.46460602e+02 2.28126312e+02 2.34780762e+02 2.20188705e+02
    2.32978027e+02 2.12863174e+02 2.71128113e+02 1.23892448e+02
    2.70937897e+02 2.49065781e+02 2.81475983e+02 1.51314148e+02
    2.73965729e+02 1.60340851e+02 2.70606812e+02 1.61903961e+02
    2.62538361e+02 2.51634872e+02 2.76374756e+02 3.16422943e+02
    2.40191345e+02 1.28673035e+02 2.46532578e+02 2.22562866e+02
    2.71114471e+02 1.51752991e+02 2.52870758e+02 2.24780472e+02
    2.49603271e+02 1.93851685e+02 2.31965805e+02 2.27555405e+02</data></keypoint2d003>
</opencv_storage>
