<?xml version="1.0"?>
<opencv_storage>
<keypoint3d005 type_id="opencv-matrix">
  <rows>215</rows>
  <cols>3</cols>
  <dt>"3f"</dt>
  <data>
    3.70031148e-02 2.16137804e-03 2.09772810e-01 2.07868908e-02
    -1.28698945e-02 1.39110973e-02 -2.66997493e-03 9.41695925e-03
    4.89246175e-02 5.59419841e-02 1.65800229e-02 1.76136062e-01
    1.26838852e-02 2.02432889e-02 3.76271503e-03 1.19862622e-02
    6.28259324e-04 1.27911766e-03 2.21504681e-02 1.29327737e-03
    2.28464514e-01 2.98335357e-03 3.59274913e-04 1.11815205e-03
    -1.86055526e-03 1.86055526e-03 2.80025182e-03 2.23591961e-02
    1.47349574e-03 2.42920071e-01 -8.37276166e-04 5.21041499e-03
    -2.44022328e-02 1.20091952e-01 5.24264872e-02 6.41612560e-02
    8.42876732e-02 9.75268520e-03 1.74526319e-01 2.81302035e-02
    3.51164192e-01 3.62127453e-01 2.08482489e-01 2.31481940e-01
    2.37896368e-02 2.08020173e-02 1.40447114e-02 2.48336822e-01
    3.83342989e-03 4.31414926e-03 -6.66274643e-03 6.79449365e-03
    2.84274272e-03 3.10667418e-03 1.62994228e-02 2.47655716e-03
    2.36799747e-01 1.93550885e-02 -4.47163312e-03 4.77027893e-03
    -5.06762008e-04 5.06762008e-04 1.75186023e-02 2.99880356e-02
    1.92042720e-02 2.35398009e-01 2.49618720e-02 1.07536033e-01
    1.38729602e-01 3.20184708e-01 -3.07327304e-02 9.87069085e-02
    2.32118554e-02 9.18908045e-03 2.51822680e-01 3.28089595e-01
    -7.06497654e-02 1.34920821e-01 -1.36150628e-01 2.47337371e-01
    3.45302396e-03 2.72426866e-02 3.94787602e-02 1.95233971e-01
    8.74460209e-03 8.74460209e-03 -9.04803649e-02 9.42094252e-02
    -2.15485721e-04 6.51126786e-04 1.54037289e-02 -1.05747394e-02
    2.48824641e-01 2.45142123e-03 4.82186500e-04 1.41176698e-03
    -4.35188675e-04 1.40617369e-03 1.01153133e-03 3.29174511e-02
    3.13949436e-02 1.98116615e-01 -7.54057569e-03 1.03507536e-02
    1.20043149e-02 1.22336475e-02 8.29455035e-04 5.12607349e-03
    1.93831511e-02 -1.96198057e-02 2.12551072e-01 3.09931231e-03
    3.53093562e-03 3.53170559e-03 -3.50211235e-03 3.69882304e-03
    2.83138943e-03 2.86690556e-02 3.78902890e-02 1.95639282e-01
    7.39885589e-43 0. 7.39885589e-43 0. -3.63568688e-04 8.48607975e-04
    6.19677268e-02 -6.31795637e-03 1.70639545e-01 2.17906796e-04
    -8.57157866e-04 1.28000800e-03 -7.22244848e-04 2.61345389e-03
    -4.39772120e-04 3.56255434e-02 2.73404736e-02 2.23971575e-01
    6.52056653e-03 1.39976963e-02 -1.05231768e-03 1.60851085e-03
    -2.48110085e-03 5.76876942e-03 1.62424035e-02 -9.18135606e-03
    2.47511536e-01 1.39038349e-02 -6.60680453e-05 8.30767603e-05
    -1.02530688e-03 2.18340545e-03 -9.67339787e-04 3.73203717e-02
    9.71702300e-03 2.07433179e-01 -9.21223400e-05 1.77219755e-03
    -2.79781036e-03 4.59527969e-03 -1.94581202e-03 8.22368637e-03
    5.81362024e-02 -1.97775662e-04 1.72251850e-01 8.30815956e-02
    4.40310203e-02 7.11976439e-02 -2.21387111e-02 9.09457728e-02
    -1.29474811e-02 3.19916345e-02 1.81902200e-04 1.97934628e-01
    1.61408484e-01 2.29312107e-01 7.69226626e-02 2.53487319e-01
    -3.02061923e-02 3.72146554e-02 9.23216194e-02 1.25798285e-02
    1.81715816e-01 9.11289677e-02 1.38715617e-02 1.39330775e-02
    -1.47599727e-02 2.85749100e-02 -6.07550815e-02 1.09552406e-02
    -1.94603428e-02 2.35645339e-01 1.07851569e-02 1.57239717e-02
    3.00334934e-02 4.53816652e-02 -3.68237376e-01 5.01105547e-01
    -3.50737944e-03 -2.57790498e-02 2.10712761e-01 1.97271481e-01
    1.32766157e-01 1.32766157e-01 1.58416018e-01 2.38917172e-01
    1.76479772e-01 1.74960457e-02 -7.43560214e-03 2.46902123e-01
    -4.04940872e-03 4.11703140e-02 -4.37281057e-02 4.45813984e-02
    -2.26484928e-02 4.83547039e-02 -6.09211624e-03 -2.77131647e-02
    2.11171091e-01 6.72472967e-03 -8.26450298e-04 1.10229105e-03
    1.37037612e-04 1.13283913e-03 -1.56267823e-04 5.18502183e-02
    1.12311319e-02 1.73436254e-01 -4.77724187e-02 5.81484362e-02
    3.34782265e-02 3.46834473e-02 -9.32341721e-03 1.38505092e-02
    3.57128009e-02 2.70132776e-02 2.23010242e-01 3.64171714e-02
    3.18285823e-02 4.27377746e-02 -1.17371446e-02 1.70308650e-02
    3.31448391e-04 3.43869478e-02 3.43981385e-03 2.01216340e-01
    -3.24494997e-03 3.74352839e-03 1.03651102e-04 3.64865351e-04
    -1.29707740e-04 5.71948150e-03 6.47984594e-02 -6.30296022e-03
    1.62849501e-01 0. -1.09746447e-03 1.25360652e-03 -1.18071364e-06
    1.36707808e-04 9.19557497e-05 3.71646360e-02 1.10398103e-02
    2.08312839e-01 -3.42910248e-03 5.31818951e-03 -5.51466597e-03
    8.51379242e-03 -1.19871763e-03 2.76241847e-03 1.16677135e-02
    -1.41760884e-02 2.33319148e-01 5.13043068e-03 2.33152937e-02
    2.78002471e-02 -6.69951877e-03 1.24034788e-02 5.64231072e-04
    3.72528136e-02 3.01069766e-03 2.09084511e-01 -2.99118576e-04
    3.87167762e-04 1.19106995e-03 1.75719173e-03 1.11727777e-03
    1.59581646e-03 3.52766812e-02 4.59299795e-03 2.04777405e-01
    8.94124899e-03 7.02339858e-02 7.06563592e-02 -4.85620238e-02
    4.92233150e-02 -2.21232727e-01 3.05217952e-02 -5.36694098e-03
    2.01336384e-01 -3.15362811e-01 3.22514951e-01 2.95405477e-01
    3.10067594e-01 -3.92126739e-02 6.52350858e-02 3.43341529e-02
    2.82501616e-03 2.03179538e-01 9.57800671e-02 -3.35462647e-03
    4.06389758e-02 -1.49704528e-03 2.50169262e-03 3.31549183e-03
    3.11151780e-02 -4.01592720e-03 1.99991390e-01 -5.43127535e-04
    4.79371753e-03 5.04251337e-03 6.48415834e-03 1.11008845e-02
    1.16805099e-02 1.26307011e-02 -1.05586834e-02 2.36849174e-01
    1.13377511e-03 -5.12014516e-02 3.33033890e-01 -1.83852881e-01
    1.85304821e-01 3.56704965e-02 3.76628116e-02 1.72962677e-02
    2.12999701e-01 6.25240654e-02 2.47047499e-01 7.78215230e-02
    8.09342265e-02 -1.44449081e-02 1.05491415e-01 6.41236007e-02
    -3.09602171e-03 1.69856593e-01 5.76400850e-03 -2.08802568e-03
    5.64154936e-03 3.83827975e-03 1.23633752e-02 3.43842432e-03
    3.11826002e-02 -7.56070577e-03 1.86470672e-01 3.33918637e-04
    1.55898335e-03 1.10147288e-03 1.09660989e-02 -6.69407425e-03
    1.27230342e-02 5.24176508e-02 -2.93445773e-03 1.73137322e-01
    6.76240819e-03 4.95349728e-02 5.14917374e-02 -2.00107079e-02
    3.84130329e-02 -1.22537080e-03 3.42179686e-02 -2.91157328e-03
    2.07486391e-01 -2.84000169e-02 4.36193086e-02 4.91432613e-03
    3.20455134e-02 -1.22880927e-04 5.05634758e-04 6.97052926e-02
    7.43470900e-03 1.72798917e-01 7.14308163e-03 4.17435018e-04
    1.20440032e-03 2.21965677e-42 0. 7.39885589e-43 3.78374308e-02
    1.88864265e-02 2.05091953e-01 -1.83580804e-03 3.08636017e-03
    2.56960839e-03 3.28197726e-03 -2.43964372e-03 2.77788588e-03
    3.55398469e-02 3.09022814e-02 2.10617602e-01 5.69469063e-03
    1.86184421e-02 3.14707123e-02 4.22454439e-03 8.15653428e-03
    -4.11382038e-03 4.49738018e-02 2.91235913e-02 1.81301817e-01
    -1.89744383e-02 2.26200875e-02 -4.18912107e-03 9.72661376e-03
    -9.35034081e-03 9.89977736e-03 4.02692296e-02 1.79880969e-02
    2.09425271e-01 3.55362223e-04 3.29973758e-03 3.89124057e-03
    2.22937372e-02 2.22937372e-02 -1.03535233e-02 5.08657023e-02
    3.85338627e-03 1.74132317e-01 -1.72343682e-02 1.72343682e-02
    1.25340402e-01 3.73968124e-01 -5.12818955e-02 7.83701986e-02
    3.59771587e-02 7.62023963e-03 2.00956106e-01 1.93320051e-01
    1.49832328e-03 2.10875988e-01 4.06917781e-02 2.89870262e-01
    -6.46483377e-02 6.77490458e-02 -6.64164498e-03 1.58450752e-01
    -2.44659930e-02 2.44659930e-02 6.78191483e-02 6.78191483e-02
    -2.32721847e-02 2.32721847e-02 3.78454924e-02 2.16206536e-03
    2.13936806e-01 4.03868668e-02 -1.51633983e-03 1.80140305e-02
    1.03480257e-02 2.38154624e-02 1.48328524e-02 1.64612383e-02
    -1.16654634e-02 2.29162589e-01 -9.72487479e-02 2.32651487e-01
    3.46870609e-02 1.19174764e-01 5.45765646e-02 1.34231120e-01
    5.91335148e-02 5.76650910e-03 1.73736751e-01 2.67895848e-01
    4.28147912e-02 1.13777965e-01 3.08967568e-02 2.16358289e-01
    -2.18133405e-02 6.38903081e-02 2.74166018e-02 1.86381668e-01
    -3.46211866e-02 3.46211866e-02 9.41640791e-03 1.06788864e-02
