<?xml version="1.0"?>
<opencv_storage>
<keypoint3d004 type_id="opencv-matrix">
  <rows>229</rows>
  <cols>3</cols>
  <dt>"3f"</dt>
  <data>
    2.76780110e-02 9.89592634e-03 2.09127828e-01 1.93829590e-03
    2.85023190e-02 3.38106938e-02 -6.57874625e-03 6.57874625e-03
    6.93590343e-02 3.81533243e-02 2.18723938e-02 1.73071533e-01
    6.38345024e-03 6.94135018e-03 1.00782118e-03 3.37625016e-03
    -3.53730656e-03 4.84488625e-03 2.39971317e-02 5.45748137e-03
    2.27499619e-01 5.57296153e-04 -6.12652570e-04 9.49065143e-04
    2.35542702e-03 5.18407440e-03 -2.25306698e-03 2.63803154e-02
    6.98767044e-03 2.36882672e-01 -1.48450704e-02 1.66693646e-02
    5.53204529e-02 9.70964432e-02 -2.14041229e-02 5.15516363e-02
    2.35847794e-02 7.95170479e-03 2.46130109e-01 3.07738841e-01
    2.28286117e-01 2.98494577e-01 2.41127580e-01 3.47001165e-01
    -5.59635879e-03 4.82064486e-02 1.72087308e-02 1.66260645e-01
    -1.76657345e-02 3.20265256e-02 -5.15034981e-02 6.15999885e-02
    -3.66906199e-04 4.42265486e-03 3.10621262e-02 2.55201086e-02
    2.35458627e-01 1.50626022e-02 -1.66373246e-03 9.13114101e-03
    1.19761117e-02 1.87079310e-02 4.08601423e-04 2.96711251e-02
    1.84471551e-02 2.42217466e-01 -4.52625602e-02 9.04797614e-02
    1.01100795e-01 1.93565518e-01 -5.56625500e-02 1.25657067e-01
    3.18248048e-02 1.39196925e-02 2.52846509e-01 3.93797547e-01
    4.41090353e-02 8.50896984e-02 -3.00492235e-02 7.75328651e-02
    -2.98846345e-02 5.00538051e-02 2.18159761e-02 1.72026977e-01
    -1.07923325e-03 3.04625975e-03 -4.17210953e-03 5.01093501e-03
    -1.25725474e-03 1.28276565e-03 2.36322675e-02 4.29661237e-02
    1.94908097e-01 9.25699074e-04 -1.52615504e-03 3.32283648e-03
    8.42968933e-03 1.47859864e-02 -3.90212447e-03 2.88278181e-02
    -1.70795247e-02 1.66528746e-01 -1.82958669e-03 1.24095557e-02
    2.60551702e-02 2.63240039e-02 5.43146804e-02 6.41743615e-02
    1.58443414e-02 -3.30317020e-03 2.48945430e-01 3.02063045e-03
    -3.37559753e-03 5.68494294e-03 -8.28388892e-03 1.09678525e-02
    1.05447449e-04 3.32446396e-02 3.39102373e-02 1.98111802e-01
    7.39885589e-43 0. 7.39885589e-43 0. -2.55588279e-03 2.79046292e-03
    1.43060125e-02 -1.39667131e-02 2.14399382e-01 7.87883624e-03
    4.24040155e-03 4.70346631e-03 3.93737154e-03 1.77361500e-02
    2.23336630e-02 2.46118065e-02 3.50491181e-02 2.22523108e-01
    -1.44908379e-03 1.04002692e-02 -1.36288337e-03 1.79542750e-02
    2.05431343e-03 8.31995904e-03 1.69227533e-02 -1.20499479e-02
    2.38209322e-01 1.80213936e-02 2.35227048e-02 2.35466901e-02
    7.64493416e-06 1.86625275e-05 2.72240397e-03 2.92136297e-02
    1.53331552e-02 2.08399385e-01 -3.90563323e-03 1.12285325e-02
    1.59164995e-03 2.45118886e-03 2.46088416e-03 5.72866434e-03
    7.68369809e-02 -8.26083682e-03 1.44352123e-01 3.49583954e-01
    -4.73192409e-02 1.31942898e-01 5.19213558e-04 1.51838481e-01
    8.44975114e-02 1.22353770e-02 -2.03049500e-02 2.15559334e-01
    -2.29199212e-02 3.08416467e-02 -3.45500186e-02 8.82804245e-02
    1.63705215e-01 2.76877433e-01 1.25253960e-01 -4.76965308e-03
    1.59370005e-01 1.55080779e-04 1.11778257e-02 1.13125686e-02
    7.19813215e-06 1.82618707e-04 -1.97075284e-03 6.28332049e-02
    1.95902847e-02 1.67208716e-01 -6.76591545e-02 6.79348782e-02
    1.13124102e-02 1.13124102e-02 6.97959438e-02 1.35147661e-01
    2.93469727e-02 -1.66865736e-02 1.66267440e-01 1.72639042e-01
    -7.44620115e-02 1.61265746e-01 3.50881308e-01 3.86953712e-01
    2.54989974e-02 6.15985133e-02 -2.49527879e-02 1.62728295e-01
    -1.89497806e-02 9.99353081e-02 7.99084024e-04 8.69008421e-04
    1.22829497e-05 3.13976489e-05 1.08178742e-02 -2.21827347e-02
    2.16392890e-01 4.45194783e-05 -1.60518300e-03 1.62129616e-03
    3.79537028e-04 3.79537028e-04 -3.52475699e-03 3.25558744e-02
    2.96685845e-03 2.00392291e-01 -8.74397159e-03 9.01805982e-03
    1.48661470e-03 1.90196955e-03 -9.81926546e-03 1.88641865e-02
    5.26893362e-02 -4.41381335e-03 1.58808067e-01 8.56682733e-02
    7.90334307e-04 2.80031026e-03 1.11323111e-02 1.88975986e-02
    2.56694760e-02 6.42446280e-02 -2.42875200e-02 1.60945117e-01
    -9.30366223e-05 1.59685442e-04 -7.87829504e-06 7.14714843e-05
    -9.24520555e-06 9.19117592e-05 -2.20560785e-02 -2.58001927e-02
    1.91760331e-01 0. -7.10672059e-04 2.09077518e-03 -2.63690890e-04
    2.21975171e-03 5.94702142e-05 7.27429315e-02 -1.07821822e-02
    1.47596925e-01 2.36162706e-03 4.02399851e-03 -5.42935857e-04
    6.72013441e-04 1.86822400e-03 1.99730159e-03 3.42739373e-02
    6.12313487e-03 2.03889281e-01 2.76475903e-02 -1.00538903e-03
    1.00538903e-03 3.28802271e-03 3.28802271e-03 7.95678701e-04
    4.14485633e-02 1.67493522e-03 1.66229889e-01 -9.57121840e-04
    1.26879755e-03 1.69798641e-05 4.25214857e-05 3.45207968e-06
    3.71505565e-04 2.72376984e-02 8.77062604e-03 2.09651336e-01
    1.10508827e-02 1.25366857e-03 2.88678962e-03 -5.93572482e-03
    1.31199574e-02 -1.18954154e-02 9.53472257e-02 -1.57571938e-02
    1.45962253e-01 9.89756268e-03 1.05263311e-02 -2.37448916e-01
    2.45952144e-01 2.85190493e-01 2.94961661e-01 3.05738449e-02
    -1.18976273e-03 2.03854859e-01 7.01555833e-02 -7.01244622e-02
    7.23417550e-02 -6.38467493e-03 6.65616291e-03 -1.59150269e-02
    3.35504189e-02 -1.38865737e-02 1.63223118e-01 -3.21711530e-03
    3.89185036e-03 2.61946046e-03 2.61946046e-03 -1.48797203e-02
    1.68288331e-02 3.19050588e-02 2.20240075e-02 2.13511929e-01
    3.68797034e-02 -1.51406685e-02 3.69760208e-02 -7.69883841e-02
    8.82148668e-02 2.38554794e-02 3.38090584e-02 1.38006173e-03
    1.71111479e-01 5.04121721e-01 5.47942400e-01 -2.77139507e-02
    2.77139507e-02 3.86327133e-02 3.86327133e-02 6.03287555e-02
    -1.44924223e-02 1.45455718e-01 6.89434446e-03 -2.10655294e-02
    2.10655294e-02 0. 0. -2.23684590e-03 6.70270249e-02 3.07505019e-03
    1.42391622e-01 -7.60602066e-04 1.58079306e-03 1.42953149e-03
    6.48530805e-03 -3.22709209e-04 2.26591132e-03 7.31632113e-02
    -1.32488180e-02 1.44659206e-01 6.19996758e-03 -4.59651812e-04
    6.23148633e-03 3.58197764e-02 3.69545296e-02 8.36067870e-02
    3.81323472e-02 -2.90278904e-03 1.68403655e-01 7.81542994e-03
    7.81542994e-03 -2.41730486e-05 1.08302548e-03 -8.91877979e-04
    9.93980328e-04 2.00726047e-01 -4.07072827e-02 1.90385044e-01
    4.86552199e-05 -1.35328097e-04 1.96790468e-04 2.21965677e-42 0.
    7.39885589e-43 4.59992625e-02 8.48695450e-03 1.67435840e-01
    -1.00471091e-03 1.81219925e-03 -6.48545611e-05 4.41990240e-04
    -2.22341027e-04 9.81758931e-04 3.55658345e-02 2.22796705e-02
    2.06814095e-01 4.45980653e-02 -2.13626714e-04 3.12734977e-03
    1.83300828e-04 3.51370149e-03 -7.71356653e-03 3.20287049e-02
    2.25917511e-02 2.12754905e-01 1.84565466e-02 1.84565466e-02
    7.15116272e-03 1.57332066e-02 3.90957808e-03 4.27284744e-03
    3.37195843e-02 4.60940972e-03 2.05041170e-01 1.74123619e-03
    -2.04635988e-04 2.19166788e-04 -3.18363914e-03 9.01336037e-03
    -9.72770154e-03 3.09891924e-02 2.33871900e-02 2.07776502e-01
    -1.68374099e-03 7.42669078e-03 1.38574839e-01 3.26278746e-01
    9.69511867e-02 2.59052455e-01 6.05641082e-02 9.41393897e-03
    1.65842146e-01 4.92599756e-02 -1.11231513e-01 2.89924055e-01
    -1.92010379e-03 2.79441446e-01 -1.02236860e-01 3.02268937e-02
    -4.12158668e-03 1.90338612e-01 1.68987695e-04 3.47000100e-02
    7.00856512e-03 2.89485399e-02 -1.39777001e-03 1.50623359e-02
    6.84260949e-02 -6.77149743e-04 1.41442627e-01 1.14707183e-02
    -9.87339113e-03 1.19033298e-02 -2.51918973e-04 1.91991916e-03
    -1.15359988e-04 9.98714864e-02 -2.45999843e-02 1.62044957e-01
    6.46917894e-02 2.77712584e-01 2.69612903e-03 1.32395234e-02
    7.07565853e-03 2.98775397e-02 2.43620481e-02 2.53973715e-03
    2.13042378e-01 3.64250243e-01 7.23368898e-02 1.36195362e-01
    -2.21070126e-02 6.43802881e-02 1.50519435e-03 1.16646558e-01
    -6.70394301e-03 1.53977901e-01 -2.03970913e-03 2.21559890e-02
    1.46350721e-04 5.33509592e-04 -1.00272405e-03 1.42692204e-03
