<?xml version="1.0"?>
<opencv_storage>
<keypoint3d006 type_id="opencv-matrix">
  <rows>414</rows>
  <cols>3</cols>
  <dt>"3f"</dt>
  <data>
    2.97364648e-02 -1.05007179e-02 9.99185517e-02 1.05874881e-03
    3.68256209e-04 1.48871681e-03 3.65057308e-03 3.81752313e-03
    4.76896986e-02 1.71521548e-02 -2.95895599e-02 9.31717232e-02
    -8.19495996e-04 5.11044683e-03 -5.58151514e-04 5.58151514e-04
    -1.23909442e-02 1.24010434e-02 2.06164941e-02 -3.08939144e-02
    7.77343512e-02 4.54492838e-05 7.42871896e-04 1.33746781e-03
    1.84231147e-03 2.53854995e-03 -1.48269755e-04 9.01263282e-02
    1.95233896e-03 1.67592809e-01 7.94884108e-05 7.89832906e-04
    -4.16147523e-03 1.10284891e-02 -3.61942011e-03 1.70204341e-02
    2.99881902e-02 -1.19048227e-02 1.32737741e-01 1.80836096e-02
    2.76426822e-01 2.96944708e-01 3.20987731e-01 4.50954258e-01
    4.37692227e-03 3.53319123e-02 4.25700322e-02 4.32764478e-02
    -1.63891155e-03 2.20498722e-03 -1.41312599e-01 1.41793102e-01
    3.66676904e-05 2.12662329e-04 3.08235511e-02 -8.71798676e-03
    1.11046202e-01 1.66849641e-03 -1.62962257e-04 5.27737895e-04
    -4.37101757e-04 1.70182413e-03 -1.91408821e-04 3.54091264e-02
    4.46960889e-02 4.50689569e-02 -1.17435015e-03 8.86199530e-03
    4.42556525e-03 1.05225425e-02 1.23461336e-03 6.67760614e-03
    2.07263529e-02 -3.08619924e-02 7.73187205e-02 3.38190377e-01
    1.57375596e-02 4.13029790e-02 -8.54980666e-04 1.32705783e-02
    -4.12218571e-02 3.28986757e-02 4.87244986e-02 4.65425327e-02
    -4.05386345e-05 2.71725876e-04 -2.17690761e-03 6.89318171e-03
    -4.32267756e-04 4.58288909e-04 2.04616636e-02 -2.43024994e-02
    1.20983057e-01 2.86346331e-04 1.58745461e-04 2.31301223e-04
    5.90307231e-04 5.15753403e-03 -6.09638118e-05 3.53479199e-02
    -4.67399508e-03 6.90183043e-02 1.83174328e-03 2.17367220e-03
    5.94426580e-02 8.27690959e-02 1.74387507e-02 2.43599359e-02
    4.15952876e-02 2.15587579e-02 1.20425642e-01 7.12052395e-04
    -9.68917832e-03 9.69046354e-03 -7.15498440e-03 7.16508413e-03
    5.88318358e-07 1.86766032e-02 -1.63853243e-02 1.64922118e-01
    7.39885589e-43 0. 7.39885589e-43 0. 2.41960050e-03 3.20468051e-03
    1.99866407e-02 -2.86523607e-02 8.63527730e-02 5.11395338e-04
    3.17594750e-05 1.06023428e-04 1.58793256e-02 1.58793256e-02
    6.52288198e-02 4.50887568e-02 1.84055381e-02 1.27594396e-01 0. 0.
    1.22481585e-02 1.22481585e-02 6.81439089e-03 6.81439089e-03
    2.39412114e-02 -1.99387446e-02 1.01953380e-01 0. 4.69650666e-04
    4.69650666e-04 3.90291767e-04 3.90291767e-04 1.26782426e-04
    3.76876891e-02 -1.47927925e-03 1.33707136e-01 1.15944594e-02
    1.53602893e-02 2.36008298e-02 2.71980762e-02 -1.43384456e-03
    4.47191903e-03 1.92858651e-02 -2.70248577e-02 1.09293394e-01
    2.74115086e-01 3.48931164e-01 3.48931164e-01 -9.45309084e-03
    3.78375016e-02 0. 4.30571884e-02 4.98822331e-02 5.28441854e-02
    4.62584943e-02 4.62584943e-02 1.27262957e-02 3.11199948e-02 0. 0.
    4.02136669e-02 1.34515278e-02 1.34201899e-01 1.58332649e-03
    2.50529847e-03 2.99952179e-03 0. 0. 2.32271608e-02 3.71355303e-02
    -3.78046557e-03 1.37199759e-01 1.53488084e-03 3.92025011e-03
    2.42481983e-04 8.17298365e-04 1.72039255e-01 1.72039255e-01
    2.31995247e-02 -2.23267972e-02 1.13746151e-01 3.75543647e-02 0. 0.
    8.59954506e-02 8.59954506e-02 3.91386710e-02 2.29654536e-02
    -2.27394886e-02 1.14635296e-01 0. 0. 3.72553477e-03 4.33973176e-03
    2.21045525e-03 3.36700422e-03 4.09805253e-02 2.05533542e-02
    9.81361642e-02 9.41209320e-04 4.69939318e-03 5.03366301e-03
    4.22449782e-04 7.06473831e-04 5.59851644e-04 5.10665961e-02
    2.35021953e-02 7.18956515e-02 5.19946143e-02 5.19946143e-02
    4.20240127e-02 4.20240127e-02 -8.64309666e-04 4.49095992e-03
    2.10364517e-02 -2.85069123e-02 8.39710757e-02 1.53021850e-02
    8.67316499e-03 8.67316499e-03 1.25167682e-03 5.06130606e-03 0.
    2.32901983e-02 -2.10328493e-02 1.10080376e-01 9.75422790e-06
    9.75422790e-06 3.13922385e-04 3.41967767e-04 1.23476028e-04
    1.23476028e-04 2.92410851e-02 -5.81194647e-03 1.59291506e-01 0.
    -1.85099139e-03 2.17145402e-03 -8.60782282e-04 8.93070828e-04
    2.03272226e-04 2.99741365e-02 -3.41067165e-02 1.91551715e-01
    6.14131317e-02 6.88829124e-02 2.60307230e-02 3.18124965e-02
    2.52570445e-03 8.58374778e-03 1.94093250e-02 -1.88475903e-02
    1.53544769e-01 1.61088526e-03 4.34053276e-04 5.88614086e-04
    2.89635209e-04 1.89180276e-03 1.04857003e-03 3.47770602e-02
    -3.69451568e-03 1.27799839e-01 4.46208083e-04 4.84769349e-04
    -6.39382866e-04 6.61497412e-04 -1.22534484e-05 1.49722291e-05
    2.41177324e-02 -1.95203610e-02 1.27725318e-01 5.63246617e-03
    -1.79406744e-03 2.29681586e-03 -1.72862178e-03 4.87849955e-03
    3.34564477e-01 3.62760723e-02 -1.47291087e-03 9.49597135e-02
    -3.70787014e-03 5.81532866e-02 -5.63072320e-03 2.73940805e-02
    2.84011709e-03 3.30533949e-03 4.04393896e-02 1.57155599e-02
    1.05185494e-01 1.06664533e-02 -1.58972701e-03 2.05494952e-03
    3.18152201e-03 3.18152201e-03 3.89103428e-04 3.63604091e-02
    -7.20019452e-04 7.36651719e-02 0. 0. -8.26474186e-03 1.01105673e-02
    -3.64154321e-03 5.38344728e-03 3.36370543e-02 -5.57226129e-03
    9.67575908e-02 4.57655871e-03 4.76074964e-01 5.35507262e-01
    9.11302641e-02 1.84432909e-01 2.21952759e-02 3.81045379e-02
    -9.34001058e-04 1.71606526e-01 4.04821197e-03 1.09528042e-02
    4.38275794e-03 4.99553233e-03 -4.01634211e-03 1.04633383e-02
    3.32768336e-02 -5.99977653e-03 1.52478412e-01 8.12854967e-04
    1.99177465e-03 1.99177465e-03 -1.38181448e-03 1.63338310e-03 0.
    3.14993784e-02 -3.22782397e-02 1.89219728e-01 -2.18687477e-04
    2.34183288e-04 1.03857543e-04 1.19353354e-04 -4.14680471e-06
    6.41194580e-04 2.02982649e-02 -2.33686306e-02 1.36508912e-01
    5.41639328e-02 -2.23031244e-03 6.56075263e-03 5.45905903e-04
    2.22270424e-03 6.21926330e-04 1.95244346e-02 -2.60337703e-02
    9.87267792e-02 6.47956564e-04 6.47956564e-04 1.11580870e-04
    1.11580870e-04 4.12938563e-04 4.12938563e-04 2.44309176e-02
    -1.24064442e-02 1.61062017e-01 1.80587376e-04 0. 0. 2.21965677e-42
    0. 7.39885589e-43 3.51919755e-02 5.98294660e-04 1.09534763e-01
    -2.18503323e-04 2.18503323e-04 0. 0. 1.91853859e-03 2.20065145e-03
    2.44206861e-02 -1.70972981e-02 1.37726545e-01 6.77492395e-02
    -2.16401997e-03 8.93569738e-03 -1.18423995e-04 6.39307022e-04
    1.19830517e-03 2.24431735e-02 -2.37199198e-02 1.17795654e-01
    -5.09783218e-04 1.60045049e-03 -1.44558464e-04 1.17092230e-03
    2.54024599e-05 1.25298437e-04 4.53762524e-02 7.57696014e-03
    4.31088805e-02 1.75147419e-04 -1.02863632e-04 1.03207654e-04
    -3.49417888e-02 3.49417888e-02 -5.58302854e-04 2.91740540e-02
    4.70701568e-02 9.11962166e-02 1.32295061e-02 2.03389898e-02
    1.29137248e-01 1.60007149e-01 4.98642713e-01 5.13267577e-01
    3.12835760e-02 -8.71795043e-03 1.38021618e-01 1.05157699e-02
    1.47437409e-03 1.25798676e-02 1.78337330e-03 1.91445425e-02
    7.70509883e-04 2.29555536e-02 -1.78787261e-02 1.51371017e-01
    -1.35109760e-03 3.32166394e-03 -1.10350076e-04 1.25601131e-03
    -2.33485698e-04 1.24443148e-03 1.96422338e-02 -2.58558672e-02
    1.00278638e-01 3.13243195e-02 5.34653896e-03 2.10434459e-02
    -1.22726597e-02 2.02945340e-02 1.01199765e-02 -6.19292259e-05
    -3.66233923e-02 1.64555579e-01 2.62276977e-01 2.76785940e-01
    1.62511505e-02 6.45749047e-02 2.45889854e-02 3.06271520e-02
    1.00268051e-02 2.78679840e-02 2.19870135e-02 2.41816025e-02
    3.49258794e-03 1.11196488e-02 -4.85486863e-03 9.79915448e-03
    3.61759710e-04 9.27148014e-03 -5.75711057e-02 1.76276475e-01
    -6.62170583e-04 1.21619739e-03 -1.11058692e-03 1.11914519e-03
    -9.30690952e-03 1.44288531e-02 1.60231479e-02 -4.65285778e-02
    1.79549187e-01 1.66469964e-03 1.37492351e-03 2.56871711e-03
    6.54417649e-02 6.74365833e-02 1.89461540e-02 2.74338815e-02
    2.05906853e-02 3.08638439e-02 -8.74088786e-04 1.92742178e-03
    6.77737000e-04 1.25458650e-03 -3.82644241e-04 3.39646079e-03
