<?xml version="1.0"?>
<opencv_storage>
<keypoint3d003 type_id="opencv-matrix">
  <rows>239</rows>
  <cols>3</cols>
  <dt>"3f"</dt>
  <data>
    3.68783325e-02 -5.77827683e-03 9.31441709e-02 1.90511830e-02
    -1.67214326e-04 1.21779589e-03 -1.78174756e-03 1.82990800e-03
    5.57435967e-04 1.45406611e-02 -2.99667213e-02 6.75546303e-02
    -1.06742443e-03 7.53540266e-03 -3.17651336e-03 4.55949130e-03
    2.35354659e-04 2.53942853e-04 1.01245698e-02 -3.04184668e-02
    8.29403028e-02 3.04144691e-04 1.93506867e-06 1.66531336e-05
    1.34998700e-02 1.87974907e-02 3.00765387e-03 4.76900935e-02
    -2.67268531e-03 1.05545364e-01 -7.11313915e-05 4.44167847e-04
    -1.48037458e-02 2.64325440e-02 -1.01156227e-01 1.18031070e-01
    2.93352693e-01 2.36586034e-02 1.47759870e-01 1.24458261e-02
    9.20965448e-02 3.82141858e-01 5.80349639e-02 4.60241377e-01
    2.77994983e-02 -1.22447759e-02 5.85510097e-02 3.06155942e-02
    8.83869885e-04 1.40175142e-03 -6.74390467e-04 7.50614447e-04
    6.06371032e-04 6.82594895e-04 6.51575625e-02 1.68463178e-02
    1.14204675e-01 8.84677749e-03 2.62527424e-03 1.25176189e-02
    -4.84696403e-03 5.29177580e-03 -2.81764398e-04 2.85712704e-02
    -1.77028514e-02 9.35944244e-02 -1.05149589e-01 1.15476854e-01
    -1.10634754e-03 4.19351459e-03 -1.35914665e-02 1.43484632e-02
    5.44818379e-02 2.23338120e-02 9.89838243e-02 3.72953504e-01
    3.43070254e-02 4.30678204e-02 -1.52755203e-02 4.99193333e-02
    -4.56278940e-04 8.03959146e-02 -1.13439942e-02 1.14473462e-01
    6.74628129e-04 7.38063361e-04 5.72742138e-04 6.82797632e-04
    -2.04652184e-04 2.04652184e-04 1.43137649e-02 -2.69455854e-02
    7.33089149e-02 1.38791581e-03 -3.12588410e-04 3.83774459e-04
    1.30740681e-03 1.30740681e-03 -5.97141357e-03 4.85030413e-02
    2.90144030e-02 9.32081342e-02 -2.57029152e-03 2.57029152e-03
    2.71329675e-02 5.46124130e-02 -4.57902206e-03 1.07222162e-01
    1.36503903e-02 5.07948548e-02 2.97208019e-02 6.80003595e-03
    -1.68530270e-04 2.13141408e-04 3.05776739e-05 3.05776739e-05
    4.78816546e-05 4.99229059e-02 2.76684817e-02 9.24058706e-02
    7.39885589e-43 0. 7.39885589e-43 0. 1.30283239e-04 1.68904720e-04
    3.65506150e-02 -1.64456703e-02 1.02886237e-01 2.96344078e-04
    4.01810030e-05 4.38988063e-05 -5.49630029e-04 1.38199562e-03
    -1.25477909e-05 4.46584560e-02 2.42949873e-02 2.76576243e-02
    6.88821601e-04 8.28439370e-04 4.68410030e-02 6.64470345e-02
    -4.54638444e-04 2.50409432e-02 3.58922780e-02 3.73998610e-03
    8.71330798e-02 4.51865420e-03 -4.39357478e-03 5.75065799e-03
    -8.19614157e-03 9.34891403e-03 5.20231624e-05 8.11530501e-02
    -1.13227759e-02 1.16261326e-01 -7.60140392e-05 1.02803088e-03
    2.81447228e-05 4.74888293e-05 2.38517503e-04 4.31844936e-04
    4.41215299e-02 2.20867153e-02 2.90938690e-02 8.49797949e-03
    2.13280995e-03 3.98360658e-03 2.85176531e-04 7.24184373e-03
    1.47608598e-03 3.99528705e-02 1.56202242e-02 3.68637480e-02
    1.07199930e-01 4.92662340e-01 9.00102593e-03 6.27051443e-02
    -8.72705318e-03 2.55710371e-02 2.69965269e-02 -1.63043197e-02
    8.54520649e-02 6.03933595e-02 6.54943069e-05 9.27001704e-04
    -4.53336583e-03 5.73807536e-03 -3.22636304e-04 3.98392417e-02
    -5.31965867e-04 9.88097638e-02 -2.19104579e-04 3.27475078e-04
    -1.28958927e-04 4.44959092e-04 -3.98404384e-03 7.10020121e-03
    4.87574227e-02 7.94907287e-03 1.04084224e-01 3.19226342e-03
    1.11301779e-03 5.33746136e-03 3.32367420e-01 4.42527562e-01
    -5.28173968e-02 6.82548434e-02 2.91303471e-02 1.10877238e-01
    -2.35221647e-02 3.10166366e-02 -2.22706366e-02 3.39518338e-02
    -1.34169012e-02 1.63059365e-02 3.47434640e-01 3.52091417e-02
    1.57104284e-01 4.23276611e-03 -4.21977784e-05 1.14537695e-04
    -2.14949050e-05 9.63197017e-05 -2.76920891e-05 3.83018479e-02
    5.87955536e-03 6.59458116e-02 -5.86686947e-04 9.32412921e-04
    -1.19536556e-03 1.46232161e-03 3.28069669e-04 5.95025544e-04
    4.63378802e-02 -5.66100888e-03 1.12279147e-01 6.37738183e-02
    1.35242473e-02 6.10719584e-02 -5.04792808e-03 1.48019977e-02
    -7.30791269e-03 2.91608386e-02 -2.33474337e-02 9.30631012e-02
    -1.76989881e-03 2.23326171e-03 1.45979866e-03 1.52599334e-03
    -2.98324245e-04 7.67569058e-04 1.01062041e-02 -3.75833102e-02
    5.35312481e-02 0. 2.21594819e-03 3.15888994e-03 5.28719800e-04
    1.98403909e-03 1.45849408e-04 6.73599821e-03 -3.93460281e-02
    7.88064152e-02 1.20488636e-03 1.23509252e-03 -1.90775376e-02
    2.17927191e-02 -1.80068208e-04 6.10627118e-04 6.78827688e-02
    2.62504108e-02 1.10995471e-01 4.95321415e-02 -1.78106334e-02
    5.45118414e-02 2.89983116e-03 7.29461247e-03 -2.95781484e-03
    4.06892300e-02 2.40171794e-02 4.80897427e-02 -1.45926433e-05
    1.67883991e-05 2.06373894e-04 2.19570255e-04 1.71847114e-05
    4.85657583e-05 9.13563520e-02 -4.58259694e-03 1.23918198e-01
    1.14166914e-02 -5.74058248e-03 7.48757366e-03 -6.39415113e-04
    9.15522338e-04 3.53199732e-03 4.04055826e-02 2.76235621e-02
    7.32152537e-02 -8.82397778e-03 1.19902743e-02 -2.13569310e-02
    2.22155303e-02 3.22941035e-01 3.98522556e-01 4.65788767e-02
    1.96061693e-02 8.52807835e-02 4.20306772e-02 -2.65437365e-02
    2.80596986e-02 -3.29920149e-04 8.49244068e-04 -1.08282955e-04
    3.11849732e-02 -1.13907401e-02 9.63072330e-02 1.06337677e-04
    3.22903594e-04 2.14857049e-03 5.77319972e-03 -8.34716670e-03
    1.16477646e-02 3.63456644e-02 -2.84002200e-02 2.43450962e-02
    4.70038969e-03 1.32811088e-02 1.32811088e-02 -1.40589979e-02
    2.96306070e-02 -6.34980388e-04 1.61424130e-02 -3.98889259e-02
    8.23513940e-02 2.94620335e-01 6.02158844e-01 -1.61516741e-01
    2.94528782e-01 3.61506306e-02 4.58098091e-02 1.60051771e-02
    -2.27920879e-02 7.52339363e-02 1.44963339e-03 0. 0. 7.88817822e-04
    8.16373911e-04 6.54510921e-04 4.08531800e-02 1.63965486e-02
    6.24263249e-02 -3.37535952e-04 3.62624472e-04 1.76429967e-04
    1.91483094e-04 2.56825099e-03 2.65977765e-03 2.11971272e-02
    -2.89068762e-02 2.14809589e-02 1.64277200e-03 8.26589356e-04
    1.06398354e-03 2.06734776e-03 2.68720277e-03 6.30024225e-02
    9.14660469e-03 5.33066876e-02 4.93866764e-02 6.63983356e-03
    8.18768796e-03 -3.75531032e-03 3.97575833e-03 -7.12683177e-05
    2.30354868e-04 3.67227234e-02 3.41163799e-02 6.20168224e-02
    7.46458463e-05 6.79277437e-05 6.90823290e-05 2.21965677e-42 0.
    7.39885589e-43 4.31437651e-03 -4.18727621e-02 5.60987033e-02
    3.33757838e-04 2.72459979e-03 -4.97066183e-04 6.42062514e-04
    -5.99034072e-04 9.59115510e-04 4.76060249e-02 5.36717940e-03
    9.84807163e-02 2.35883496e-03 8.49804189e-03 8.49804189e-03
    -7.23863777e-04 1.25124748e-03 4.31498326e-02 -3.95498648e-02
    -6.77110776e-02 5.69797084e-02 1.83011834e-02 1.83011834e-02
    -3.33093829e-03 3.39430990e-03 8.20714515e-03 8.69212113e-03
    4.08909470e-02 1.39152091e-02 6.73441812e-02 4.63705091e-03
    6.52554736e-04 6.52554736e-04 1.21524464e-03 1.48727046e-03
    -1.10046694e-03 -1.86898410e-02 -5.78274392e-02 6.41693845e-02
    -3.12957098e-03 3.69473896e-03 2.22838148e-02 1.11106113e-01
    3.18960026e-02 6.78195208e-02 1.69176966e-01 2.85589695e-02
    1.36632919e-01 1.82786584e-02 3.67124617e-01 3.67124617e-01
    1.71347365e-01 2.45089322e-01 -1.06025124e-02 3.52206081e-02
    -9.55505297e-04 8.48327428e-02 6.89885055e-05 6.89885055e-05
    5.18440793e-04 5.18440793e-04 -4.49452287e-04 5.87429327e-04
    4.07923758e-02 1.95987783e-02 5.90163134e-02 4.07796493e-03
    2.79004988e-03 2.79004988e-03 1.57598592e-03 5.83549496e-03 0.
    7.32570142e-03 -5.00924364e-02 7.15804398e-02 -5.25354780e-02
    1.81736201e-01 -2.22451780e-02 7.57802650e-02 -1.62994526e-02
    5.11629581e-02 5.52188754e-02 2.44197473e-02 1.07275978e-01
    1.91286415e-01 -6.52925894e-02 4.64408100e-01 -3.36741433e-02
    8.02382752e-02 1.43426470e-03 4.73650210e-02 1.61173772e-02
    9.17427242e-02 -1.01503596e-01 1.15792923e-01 1.20620206e-02
    1.20620206e-02 2.48781149e-03 4.54917224e-03 3.47507372e-02
