<?xml version="1.0"?>
<opencv_storage>
<keypoint3d002 type_id="opencv-matrix">
  <rows>304</rows>
  <cols>3</cols>
  <dt>"3f"</dt>
  <data>
    9.12924670e-03 -4.07563522e-02 1.29554227e-01 1.09665850e-02
    -1.69996667e-04 6.32619660e-04 -4.41990705e-04 2.14825291e-03
    5.37832081e-02 7.20205903e-03 -5.09239733e-02 1.59373060e-01
    1.23215122e-02 1.87826902e-02 7.33309751e-03 8.27523135e-03
    -8.46581592e-04 8.56889004e-04 4.51951381e-03 -4.61136177e-02
    1.23402357e-01 1.97919671e-05 -3.86679400e-04 4.27482009e-04
    -3.55000305e-03 3.60834692e-03 -6.08644681e-03 3.90786901e-02
    5.17184027e-02 3.61564904e-02 -3.58445197e-03 3.90642649e-03
    1.26384478e-02 1.48210391e-01 -6.30097464e-02 6.30097464e-02
    2.79963929e-02 3.66115477e-04 1.47398904e-01 2.31514629e-02
    1.69745520e-01 2.34649971e-01 2.67486751e-01 6.55688703e-01
    -3.07933353e-02 4.38325666e-03 -4.09221016e-02 1.36395633e-01
    -8.42035806e-04 9.54761694e-04 -2.30389740e-02 2.32229941e-02
    -4.58380673e-05 1.38179399e-04 1.42511576e-02 -1.84638277e-02
    1.68056220e-01 7.57421507e-03 -4.18174634e-04 4.18174634e-04
    -6.36786281e-05 6.36786281e-05 2.30529651e-04 1.11738101e-01
    -1.45181958e-02 1.73296437e-01 -2.11061388e-02 1.37573123e-01
    2.10607648e-02 2.19778307e-02 -1.53233595e-02 1.76077876e-02
    2.06042137e-02 -1.60477720e-02 1.64302021e-01 2.45428622e-01
    3.86136733e-02 5.95147610e-02 -9.32621397e-03 9.85480379e-03
    -4.25369805e-03 1.10970408e-01 -1.34942280e-02 1.73942313e-01
    -6.52378949e-05 2.24546529e-04 -2.41946126e-03 2.97501124e-03 0. 0.
    1.77322999e-02 -1.37118418e-02 1.59739077e-01 1.12097427e-04
    -3.23975633e-04 3.23975633e-04 4.54815738e-02 5.99564090e-02
    -5.25769312e-03 4.92956676e-03 -4.02265340e-02 1.40123039e-01
    1.64516200e-03 3.19478055e-03 2.56993696e-02 4.35103625e-02
    -1.95670314e-02 2.37370189e-02 1.14677064e-02 5.25834486e-02
    6.98128045e-02 1.21653313e-03 -8.35704966e-04 8.51357356e-04
    -3.19208513e-04 3.26823938e-04 4.01847774e-06 2.59916652e-02
    -3.22883800e-02 1.71864718e-01 7.39885589e-43 0. 7.39885589e-43 0.
    1.47387356e-04 6.19112980e-04 2.26578545e-02 5.26713133e-02
    6.23246804e-02 1.43047029e-04 1.38491683e-04 1.38491683e-04
    -4.32479195e-03 1.10967783e-02 5.28035234e-05 2.42328029e-02
    -3.47619504e-02 1.69092476e-01 2.87666102e-04 2.87666102e-04
    8.74842107e-02 8.74842107e-02 1.04483580e-02 1.04483580e-02
    4.21494991e-02 1.33389141e-02 1.37151539e-01 0. 0. 0. 0. 0. 0.
    4.92334105e-02 1.78965554e-02 1.56197727e-01 8.76773265e-04
    4.88355523e-03 5.09728538e-03 5.09728538e-03 -1.22625695e-03
    3.12018534e-03 3.97551730e-02 1.84729230e-02 1.28795266e-01
    6.68421239e-02 -1.40810721e-02 1.40810721e-02 4.69161198e-03
    4.69161198e-03 1.77976629e-03 2.15341356e-02 5.32885119e-02
    5.90659566e-02 2.48125002e-01 2.48125002e-01 6.75360160e-03
    1.19851410e-01 0. 0. 3.56068797e-02 6.02601329e-03 1.51590168e-01 0.
    0. 0. 0. 0. -1.67107757e-03 2.05084532e-02 5.46371676e-02
    5.51336594e-02 -1.75965950e-04 2.75669503e-03 1.24288665e-03
    1.24288665e-03 -1.96658131e-02 5.42592406e-02 1.72973815e-02
    -2.95371320e-02 1.21668346e-01 7.05516664e-03 2.48048501e-03
    4.54445835e-03 4.10949707e-01 4.10949707e-01 2.54172176e-01
    1.72367506e-02 -3.18194889e-02 1.26699850e-01 0. 0. -3.65717169e-05
    2.85247137e-04 -1.18231634e-04 1.18231634e-04 4.56422120e-01
    4.82519008e-02 1.69058204e-01 2.79141037e-04 1.45066506e-03
    2.19034078e-03 -6.39661273e-04 6.92785950e-04 4.38766414e-03
    6.99326489e-03 -3.92503664e-02 9.54826549e-02 -3.30031081e-03
    6.52741734e-03 -1.70273765e-03 4.95436555e-03 1.71916317e-02
    2.39645969e-02 5.38255684e-02 3.15447785e-02 -4.39197943e-03
    4.46268953e-02 3.22036706e-02 3.25471275e-02 2.05601398e-02
    4.68834527e-02 -7.68261845e-04 5.01525179e-02 1.15381163e-02
    -6.82814652e-03 3.25491361e-04 3.70772934e-04 -3.24575021e-03
    3.40341660e-03 -5.48723547e-05 8.09723788e-05 1.51132746e-02
    3.49187339e-03 -1.94277447e-02 0. 2.31306563e-04 2.89898075e-04
    -2.70504272e-04 2.70504272e-04 5.68605377e-04 1.14360387e-02
    -1.26661989e-03 -1.98656730e-02 1.54717723e-04 4.31008812e-04
    -7.64729863e-04 1.32681499e-03 8.67900526e-05 3.57398135e-03
    1.93934161e-02 -4.20891214e-03 -1.58727523e-02 1.10095297e-03
    6.47722045e-04 1.03609404e-03 -1.20988942e-03 5.18575078e-03
    -7.96756707e-04 1.95846800e-02 2.83749737e-02 -1.16277356e-02
    -1.91552608e-04 1.91552608e-04 5.07713012e-05 1.15878043e-04
    3.25526722e-04 6.65332831e-04 1.59457568e-02 4.81332140e-03
    -1.94411818e-02 7.61199510e-04 6.24266220e-03 6.47150399e-03
    -3.74144968e-03 3.77854262e-03 4.80013015e-03 4.55215573e-02
    3.82371712e-03 2.22501215e-02 3.09702028e-02 4.61355820e-02
    -9.45061632e-03 1.29179182e-02 1.02274075e-01 2.13019550e-01
    2.01122537e-02 -2.57217418e-02 1.22546524e-01 2.15484664e-01
    5.03146313e-02 7.76735768e-02 -8.56375247e-02 8.93298015e-02
    -4.33105193e-02 4.70157042e-02 1.47228669e-02 1.55513942e-01
    2.45608818e-02 3.16845626e-02 -3.08541610e-04 1.14355178e-03
    -1.39040159e-04 2.78878957e-04 4.10258472e-02 -5.25583280e-03
    -9.49669443e-03 8.58624815e-04 -7.32708897e-04 1.43986298e-02
    2.26060860e-03 3.51398531e-03 3.94721515e-03 9.18567739e-03
    -3.74955274e-02 8.46943632e-02 2.10296705e-01 4.15979415e-01
    3.29566985e-01 4.30174410e-01 -1.42575018e-02 5.97706661e-02
    2.13089567e-02 -3.68584096e-02 7.44042024e-02 1.47200555e-01
    -1.19361449e-02 1.39887929e-02 4.96625900e-04 1.07372820e-03
    1.38739021e-02 4.48923633e-02 3.44109954e-03 2.63579916e-02
    1.19876000e-04 1.35154114e-04 -5.45801049e-05 6.04915367e-05
    4.54499677e-05 5.36249099e-05 4.39333580e-02 -2.79564038e-03
    3.87850218e-02 1.07291027e-03 -5.63794572e-04 1.05868105e-03
    -4.59708594e-04 8.19104025e-04 2.17635613e-02 2.51547992e-02
    -1.86029430e-02 1.00473091e-01 -8.46403127e-04 8.56939331e-03
    1.87941256e-03 3.91455041e-03 -2.23149415e-02 2.28872187e-02
    2.64114849e-02 -1.56133920e-02 1.10525221e-01 3.73589573e-05
    1.80051103e-03 1.84810592e-03 2.21965677e-42 0. 7.39885589e-43
    3.09091248e-02 2.38928311e-02 1.31452866e-02 -1.25178043e-03
    1.25178043e-03 -2.43527320e-05 3.97202639e-05 -5.55298524e-04
    6.30220398e-04 4.03281674e-02 1.83288977e-02 9.75160301e-02
    3.81872356e-02 -7.43979122e-04 1.16305100e-03 -1.62739288e-02
    2.87159756e-02 1.37574160e-02 1.35344137e-02 -2.02087369e-02
    1.62293807e-01 -7.08026066e-03 1.41799226e-02 -1.96971092e-03
    9.00003128e-03 6.18764199e-04 3.20141646e-03 7.26858573e-03
    -3.95197831e-02 8.25437829e-02 2.14415649e-03 -4.20183002e-04
    1.08110474e-03 -2.64815893e-02 4.05844599e-02 -3.32565159e-02
    2.24952288e-02 -2.04384942e-02 1.18450545e-01 -1.87469739e-02
    2.47013867e-02 -6.60437196e-02 2.00907797e-01 4.71751962e-04
    2.04277888e-01 3.51990759e-02 2.55044550e-03 1.59305871e-01
    8.04121345e-02 -1.39244094e-01 2.55056739e-01 2.66891688e-01
    3.24206680e-01 -2.86326371e-02 1.20901978e-02 -3.50632332e-02
    8.24211687e-02 7.58883450e-03 5.83106168e-02 5.13382116e-03
    2.81328261e-02 5.51526854e-03 1.40280472e-02 2.65044104e-02
    -8.02350696e-03 1.64388195e-01 4.42947410e-02 4.65987436e-03
    5.54645434e-03 3.69938603e-03 5.53213479e-03 2.08533090e-02
    4.04624306e-02 2.46160990e-03 5.26934750e-02 -7.31450319e-02
    2.57002860e-01 7.50372112e-02 9.94748175e-02 2.94368956e-02
    3.95625681e-02 2.40685940e-02 3.17734145e-02 1.98477926e-03
    1.39259592e-01 7.33801052e-02 8.48172903e-02 7.60669410e-02
    8.54838789e-02 -2.45414255e-03 4.42088693e-02 8.05255026e-03
    4.50380705e-02 8.63038842e-03 9.10262484e-03 1.66938584e-02
    1.74640901e-02 -3.43609415e-03 4.27652197e-03 5.07919751e-02
    1.10062193e-02 3.82153615e-02 7.83763593e-04 1.19382329e-03
    1.62171514e-03 1.04299816e-03 1.04299816e-03 -1.32283720e-04
    1.40193291e-02 -3.24816778e-02 1.00236662e-01 -3.10677476e-03
