<?xml version="1.0"?>
<opencv_storage>
<keypoint2d003 type_id="opencv-matrix">
  <rows>239</rows>
  <cols>1</cols>
  <dt>"2f"</dt>
  <data>
    3.26919464e+02 2.01468506e+02 3.01752991e+02 2.18948105e+02
    3.05001465e+02 2.02722870e+02 3.30754974e+02 1.90305359e+02
    3.15730316e+02 1.76053177e+02 3.86221161e+02 2.68635193e+02
    3.51406006e+02 1.87462997e+02 3.16093903e+02 1.97145142e+02
    3.55795441e+02 2.04313660e+02 3.16223572e+02 1.82422302e+02
    3.05854980e+02 2.13792892e+02 3.62732239e+02 2.11237305e+02
    3.76080322e+02 2.74315491e+02 3.60887360e+02 2.12043854e+02
    3.17586823e+02 1.88645782e+02 3.44268768e+02 2.78589691e+02
    3.35994080e+02 2.09840073e+02 3.16457550e+02 1.80425690e+02
    3.42309265e+02 2.76431427e+02 3.37739288e+02 2.65797791e+02
    3.16313446e+02 2.05714691e+02 3.33114380e+02 1.97020325e+02
    3.41874817e+02 1.94482178e+02 3.64299500e+02 1.94638321e+02
    3.22632111e+02 1.71591003e+02 3.33584595e+02 2.33053925e+02
    3.29131989e+02 1.82065735e+02 3.10004639e+02 1.96544510e+02
    2.92752838e+02 2.30402878e+02 2.96154663e+02 2.04479630e+02
    3.61059174e+02 1.93757446e+02 3.48777649e+02 2.56415222e+02
    3.23785797e+02 1.74150299e+02 3.57944275e+02 2.30888855e+02
    3.50970306e+02 2.17306534e+02 3.22697083e+02 1.96045807e+02
    2.90642731e+02 2.67183624e+02 2.94078552e+02 2.02160065e+02
    3.10024963e+02 2.13026657e+02 3.43604553e+02 2.39719009e+02
    2.93215942e+02 2.66085083e+02 3.83169891e+02 2.54392151e+02
    3.62985535e+02 2.43391388e+02 2.90338013e+02 2.25914795e+02
    3.38070831e+02 1.99857254e+02 2.76600159e+02 2.12756912e+02
    3.41964050e+02 2.33984955e+02 2.81851593e+02 2.11120941e+02
    3.54438995e+02 1.76080948e+02 3.30677124e+02 2.11098724e+02
    3.46321899e+02 2.44025238e+02 2.84213165e+02 2.09469498e+02
    3.59857605e+02 1.95687653e+02 3.48422180e+02 2.09635483e+02
    3.24138855e+02 2.41662460e+02 3.60139923e+02 2.26151031e+02
    3.34762329e+02 1.99582260e+02 3.07618103e+02 2.11571823e+02
    3.56542664e+02 2.46026276e+02 3.27983765e+02 2.43101089e+02
    3.36000031e+02 2.33929688e+02 3.14297913e+02 2.23901520e+02
    3.15856903e+02 2.24081680e+02 3.30710388e+02 1.75415344e+02
    3.36657410e+02 2.38295349e+02 3.59083221e+02 2.40392883e+02
    2.97407532e+02 2.08322739e+02 3.39152344e+02 2.09293076e+02
    3.15214264e+02 2.19318878e+02 2.98477692e+02 2.63922638e+02
    3.02157867e+02 2.00913208e+02 3.08232208e+02 1.86246704e+02
    3.10838654e+02 2.09696106e+02 3.07013550e+02 1.97486206e+02
    3.09972229e+02 2.00684937e+02 3.49229736e+02 2.28387070e+02
    3.50721649e+02 2.29495041e+02 3.42051666e+02 1.87545532e+02
    3.24507477e+02 2.46501434e+02 3.03898346e+02 2.34595047e+02
    3.24465363e+02 2.24217453e+02 2.91808960e+02 2.19930405e+02
    2.87796295e+02 2.23059189e+02 3.45100159e+02 2.96078827e+02
    3.28940613e+02 2.24594742e+02 3.37667358e+02 1.79725403e+02
    3.06507599e+02 1.86872940e+02 3.03012909e+02 1.91463287e+02
    3.43799164e+02 2.27100052e+02 3.14853821e+02 2.32963257e+02
    3.57912079e+02 2.17173492e+02 2.92886536e+02 2.13820435e+02
    3.46161346e+02 2.27243652e+02 3.26908539e+02 2.29376968e+02
    2.98335602e+02 1.88280212e+02 3.18522766e+02 2.29757156e+02
    3.36437866e+02 3.06933563e+02 3.56132782e+02 2.73318420e+02
    3.51114746e+02 3.04740814e+02 3.49161377e+02 3.03723938e+02
    3.27904907e+02 2.48684814e+02 2.93664795e+02 2.53616241e+02
    3.74201141e+02 2.48054321e+02 3.44132751e+02 1.80527176e+02
    3.68975372e+02 2.23774780e+02 3.35896393e+02 2.20218079e+02
    3.02703827e+02 1.84407486e+02 3.47977600e+02 1.76889023e+02
    3.30543640e+02 3.12950623e+02 3.27300446e+02 2.33976532e+02
    3.17901428e+02 2.76596344e+02 3.60276764e+02 2.67577576e+02
    3.02067169e+02 3.04970245e+02 3.19160278e+02 3.09964264e+02
    3.09076935e+02 2.56760010e+02 3.40506470e+02 2.46255249e+02
    3.22755127e+02 2.30830887e+02 3.75971161e+02 2.40415909e+02
    3.23823761e+02 3.11222076e+02 3.48078156e+02 3.00397552e+02
    2.81102234e+02 1.99843048e+02 3.51386902e+02 3.12083923e+02
    3.32216187e+02 2.79059875e+02 3.59471466e+02 2.61186401e+02
    3.08125732e+02 3.06799377e+02 3.12282104e+02 3.07997192e+02
    3.25983765e+02 2.20887558e+02 3.39417511e+02 3.01998413e+02
    3.06007721e+02 2.28133865e+02 3.26330200e+02 2.98953522e+02
    3.31121307e+02 3.00164337e+02 3.38094452e+02 3.14650574e+02
    3.25477905e+02 3.11654114e+02 3.42699341e+02 2.89253845e+02
    3.69922028e+02 2.19456894e+02 3.16315002e+02 2.72612244e+02
    3.58057465e+02 2.66669128e+02 3.70234497e+02 2.26555115e+02
    3.19335938e+02 2.97080078e+02 3.48909668e+02 1.82111008e+02
    3.06313019e+02 3.06294830e+02 3.53487030e+02 3.02104889e+02
    3.08249298e+02 2.93905640e+02 3.12741302e+02 2.95216614e+02
    3.16209106e+02 3.09228760e+02 3.38390259e+02 2.26668350e+02
    3.29477661e+02 3.25613037e+02 3.35051056e+02 3.01026978e+02
    3.23651184e+02 2.98292084e+02 3.02911621e+02 2.92224426e+02
    3.77380432e+02 2.34760254e+02 3.07137756e+02 2.50071182e+02
    3.48558685e+02 2.18617676e+02 3.15278015e+02 2.95919617e+02
    3.41409454e+02 2.13384537e+02 3.46437836e+02 2.18716125e+02
    3.23576752e+02 2.19995117e+02 3.49874817e+02 2.64997681e+02
    3.12716705e+02 3.21453308e+02 3.65851257e+02 2.23177032e+02
    3.27635895e+02 2.92673004e+02 3.24940308e+02 3.14362091e+02
    3.42763672e+02 2.46802582e+02 3.96004974e+02 3.70838287e+02
    3.74768646e+02 2.37548843e+02 3.54473511e+02 2.18811035e+02
    2.98587219e+02 2.90985077e+02 3.00786713e+02 1.87231781e+02
    3.33562012e+02 3.20402863e+02 3.18069244e+02 3.12432343e+02
    3.59605499e+02 2.58360504e+02 3.79095337e+02 2.80220490e+02
    3.23979462e+02 1.91270767e+02 3.35185181e+02 2.45108032e+02
    3.48209900e+02 2.65521606e+02 3.11071503e+02 3.10398438e+02
    3.43500305e+02 3.32142242e+02 3.14686371e+02 2.93100891e+02
    3.46931000e+02 2.69741730e+02 3.04965637e+02 3.08552399e+02
    3.16249634e+02 3.29225922e+02 3.82112671e+02 2.81698730e+02
    3.37499725e+02 2.51264954e+02 3.37418732e+02 2.85617096e+02
    3.45558655e+02 2.36564651e+02 3.23025085e+02 2.51006088e+02
    3.29816681e+02 2.96779297e+02 3.33156921e+02 3.16408417e+02
    3.20520111e+02 2.30512054e+02 3.66134338e+02 2.32082306e+02
    3.64145416e+02 3.20286194e+02 2.96951111e+02 2.90574158e+02
    3.61243378e+02 2.56076141e+02 3.23909515e+02 2.54943848e+02
    3.05824371e+02 2.50374283e+02 3.48108704e+02 2.39735168e+02
    3.77822235e+02 2.53697525e+02 3.45926331e+02 2.35098206e+02
    3.02070312e+02 2.36898743e+02 3.26116913e+02 2.52029892e+02
    3.72707092e+02 2.53974976e+02 3.09909729e+02 2.25816055e+02
    3.21977356e+02 3.36930206e+02 3.08206757e+02 1.78577881e+02
    3.62329498e+02 2.52858902e+02 3.05344666e+02 2.72785797e+02
    3.57292786e+02 1.90484772e+02 3.68269409e+02 3.25169464e+02
    3.46293060e+02 3.35208801e+02 2.99217316e+02 1.88027573e+02
    3.68149567e+02 2.28840271e+02 3.63685791e+02 3.07257050e+02
    3.15902191e+02 2.98970581e+02 3.71101837e+02 2.60212555e+02
    3.16046356e+02 3.06064941e+02 2.95963623e+02 2.39229752e+02
    3.44863495e+02 3.16170349e+02 3.63321564e+02 1.88175323e+02
    3.73105927e+02 3.67875397e+02 3.40548859e+02 1.83217590e+02
    3.50650238e+02 3.38701233e+02 2.87225525e+02 2.38981995e+02
    3.29750977e+02 2.87243835e+02 3.61135803e+02 3.57204712e+02
    3.60861542e+02 3.14145264e+02 3.14045746e+02 2.51664230e+02
    3.06300598e+02 2.31271881e+02 2.96064545e+02 2.60492706e+02
    3.45899353e+02 2.62313293e+02 3.00360016e+02 2.80059723e+02
    3.19981598e+02 2.33099564e+02 3.08733185e+02 2.96750671e+02
    3.27077393e+02 3.01871338e+02 3.88177094e+02 2.83134674e+02
    3.27049683e+02 3.53835022e+02 3.41133667e+02 3.67689392e+02
    2.93851135e+02 1.92579529e+02 2.86206116e+02 2.40594070e+02
    3.23144043e+02 2.86027832e+02</data></keypoint2d003>
</opencv_storage>
