<?xml version="1.0"?>
<opencv_storage>
<keypoint2d004 type_id="opencv-matrix">
  <rows>229</rows>
  <cols>1</cols>
  <dt>"2f"</dt>
  <data>
    2.42495453e+02 2.09504257e+02 2.60471680e+02 2.58975922e+02
    2.35952820e+02 1.84482788e+02 2.38751694e+02 1.72115860e+02
    2.39450867e+02 1.59389786e+02 2.57211395e+02 2.71065369e+02
    2.64604645e+02 1.74816330e+02 2.55018295e+02 1.65406708e+02
    2.49834991e+02 1.50861282e+02 2.64088562e+02 2.63683960e+02
    2.83278229e+02 2.26772537e+02 2.06272308e+02 2.66737457e+02
    2.22592743e+02 1.54784454e+02 2.75164093e+02 2.24714539e+02
    2.07813293e+02 2.00523315e+02 2.74483063e+02 1.91364792e+02
    2.11013229e+02 1.69102951e+02 2.50061905e+02 2.10684967e+02
    2.29400177e+02 3.13226715e+02 1.98960464e+02 1.98694199e+02
    2.49834808e+02 3.11940094e+02 2.65107941e+02 2.74196289e+02
    2.06904099e+02 2.67211212e+02 2.01619400e+02 2.82739838e+02
    1.96198059e+02 1.97390045e+02 2.34412003e+02 2.22119385e+02
    2.28855835e+02 2.83777191e+02 2.03121277e+02 2.86141968e+02
    1.86482956e+02 2.23279205e+02 2.24706039e+02 3.07174652e+02
    2.39144379e+02 2.17714844e+02 2.34448441e+02 2.69891479e+02
    2.40901413e+02 2.08744446e+02 2.23058334e+02 3.19751923e+02
    2.28382156e+02 2.17168228e+02 2.11529007e+02 2.72316101e+02
    2.59738129e+02 2.04295334e+02 2.32198837e+02 2.61261108e+02
    2.16366043e+02 3.05516174e+02 2.42904495e+02 3.10911194e+02
    2.21181854e+02 3.11700989e+02 2.27472443e+02 2.66262604e+02
    2.08583771e+02 2.98469360e+02 2.44877640e+02 2.69293762e+02
    2.61032318e+02 2.13833832e+02 2.60500824e+02 2.05319550e+02
    2.36985107e+02 2.16084381e+02 2.61100952e+02 2.11740082e+02
    2.50325806e+02 2.75931824e+02 2.24206223e+02 2.35181519e+02
    2.37987869e+02 3.13111877e+02 2.10487549e+02 2.98307281e+02
    2.31968491e+02 2.03811356e+02 2.43667603e+02 3.16571594e+02
    2.21550797e+02 1.67447006e+02 2.69686340e+02 2.24419651e+01
    2.77712860e+02 2.48503372e+02 2.19907944e+02 1.79314301e+02
    2.34942749e+02 2.61132629e+02 2.49355835e+02 2.13185654e+02
    2.17792404e+02 2.64281128e+02 2.20135452e+02 2.87296570e+02
    2.64705444e+02 2.88866241e+02 2.80608337e+02 2.45435257e+02
    2.46348236e+02 2.19779312e+02 2.39116562e+02 2.57075867e+02
    2.33332458e+02 3.01501648e+02 2.37601700e+02 2.63167999e+02
    2.37154205e+02 2.98553497e+02 2.39352798e+02 2.14617371e+02
    2.52437408e+02 2.26496643e+02 2.52878265e+02 2.29006012e+02
    2.48608734e+02 2.30118027e+02 2.67420563e+02 1.77758484e+02
    2.34622177e+02 2.88770172e+02 2.49529144e+02 2.20504288e+02
    2.05354218e+02 1.92660645e+02 2.09598572e+02 2.66092957e+02
    2.22162704e+02 2.62219635e+02 2.56799011e+02 1.81875671e+02
    2.19689392e+02 2.69005524e+02 2.39034042e+02 2.98642181e+02
    2.44157898e+02 2.97803925e+02 2.07168793e+02 1.91543976e+02
    2.15835754e+02 2.65580933e+02 2.23080002e+02 2.16911667e+02
    1.97036697e+02 2.63112152e+02 2.41026443e+02 2.97959381e+02
    2.19206039e+02 3.18992981e+02 1.98027740e+02 2.05677353e+02
    2.45978439e+02 2.58776947e+02 2.44425552e+02 2.73431976e+02
    2.42128983e+02 2.26871292e+02 2.03175171e+02 1.94150864e+02
    2.30433060e+02 2.89891571e+02 2.06685410e+02 1.78949051e+02
    2.62180573e+02 2.81756927e+02 2.69666565e+02 1.79096695e+02
    2.09742477e+02 1.81594284e+02 2.73339630e+02 1.81234985e+02
    2.10568039e+02 1.89175674e+02 2.23894531e+02 1.59801025e+02
    2.41681854e+02 2.59411041e+02 2.18106186e+02 2.95913055e+02
    2.46184677e+02 2.67253815e+02 2.29899414e+02 2.86894135e+02
    2.30707550e+02 2.86674774e+02 2.52398148e+02 2.89397125e+02
    2.13982956e+02 2.74075806e+02 2.37869843e+02 2.71749146e+02
    2.23989334e+02 3.03960205e+02 2.25452820e+02 2.52311920e+02
    2.31074646e+02 2.50844955e+02 2.40324814e+02 1.98344147e+02
    2.43299316e+02 2.86718170e+02 2.46088455e+02 2.82929230e+02
    2.60600830e+02 2.40756927e+02 2.44945160e+02 2.87899597e+02
    2.40148712e+02 2.29142319e+02 2.61029236e+02 2.24663635e+02
    2.42832245e+02 1.96219360e+02 2.36794601e+02 1.96621857e+02
    2.44832291e+02 3.16008881e+02 2.37796204e+02 2.81102478e+02
    2.20188629e+02 2.65132874e+02 2.57052856e+02 2.25416565e+02
    2.45322388e+02 2.91873322e+02 2.03933609e+02 2.94856415e+02
    2.36182510e+02 2.00849915e+02 2.46193604e+02 1.97094498e+02
    1.91978058e+02 2.32068695e+02 2.18456955e+02 2.53919022e+02
    2.66473419e+02 2.39489258e+02 2.22923752e+02 2.50242416e+02
    2.15825012e+02 2.52169464e+02 2.70960327e+02 2.12746002e+02
    2.70078583e+02 2.78247650e+02 2.18310608e+02 2.82446960e+02
    2.34578156e+02 1.42780121e+02 1.95631668e+02 2.50223007e+02
    2.44519333e+02 2.77440155e+02 1.88865494e+02 1.54719086e+02
    2.71216217e+02 2.11358566e+02 2.31652176e+02 2.34840393e+02
    1.85920197e+02 1.99332901e+02 2.69575745e+02 3.44931831e+01
    2.30266922e+02 1.45060776e+02 2.41300171e+02 2.55167953e+02
    2.39531189e+02 2.49000488e+02 1.95997955e+02 1.86421555e+02
    2.59160767e+02 1.98093536e+02 1.89980438e+02 2.36531006e+02
    2.20177536e+02 2.66532074e+02 1.97518188e+02 1.85480469e+02
    2.43670944e+02 1.99570328e+02 2.68436829e+02 4.36810722e+01
    2.58905457e+02 3.47880783e+01 2.01284439e+02 2.30672150e+02
    2.36221268e+02 2.44659897e+02 2.60095062e+02 2.30029175e+02
    2.65918030e+02 2.13923813e+02 2.81684509e+02 2.12898834e+02
    2.52592209e+02 2.49089645e+02 2.27457657e+02 1.45699951e+02
    2.34704620e+02 3.24490173e+02 1.92874207e+02 2.62813812e+02
    2.76272614e+02 2.01633453e+02 2.10993103e+02 2.42518936e+02
    2.31150116e+02 2.77326691e+02 2.31538651e+02 2.47986496e+02
    2.32447037e+02 2.47957214e+02 2.14665543e+02 1.48843185e+02
    2.30793137e+02 2.74860779e+02 2.85344299e+02 1.94726410e+02
    1.99728104e+02 1.84055191e+02 2.01812500e+02 2.53632324e+02
    2.53421692e+02 2.41565125e+02 2.54934448e+02 2.93438751e+02
    2.14071304e+02 2.08505768e+02 2.29709335e+02 1.39414536e+02
    2.80782745e+02 1.62155273e+02 2.79344940e+02 2.10937271e+02
    2.28774261e+02 3.85921059e+01 2.35397629e+02 2.81264069e+02
    2.37133789e+02 1.67979080e+02 2.66517090e+02 2.23277985e+02
    2.24517746e+02 1.65221619e+02 2.35676819e+02 2.36017242e+02
    2.11667984e+02 1.54911331e+02 2.40737701e+02 1.67608734e+02
    2.27487366e+02 2.58620209e+02 2.07794464e+02 2.21929596e+02
    1.77482132e+02 2.00456116e+02 1.89412476e+02 2.10454071e+02
    2.24793594e+02 3.09912148e+01 1.63811386e+02 3.11626244e+01
    2.46894745e+02 2.53705566e+02 2.25982513e+02 2.76866119e+02
    1.78053116e+02 2.19139347e+01 2.30051620e+02 1.68160614e+02
    2.05802155e+02 2.50900131e+02 2.72288544e+02 3.71410103e+01
    2.46189667e+02 2.14876068e+02 2.33732666e+02 1.77559586e+02
    2.46558121e+02 2.43598251e+02 2.43406128e+02 1.67499329e+02
    1.94683548e+02 2.69982910e+02 2.18160767e+02 2.80012268e+02
    2.35998810e+02 2.47130585e+02 2.64720612e+02 1.88159882e+02
    1.96732483e+02 1.58568850e+01 2.25492172e+02 1.80056488e+02
    2.39319916e+02 2.45136230e+02 1.87053223e+02 3.85644379e+01
    2.14215042e+02 2.81737671e+02 2.63118408e+02 2.43616837e+02
    2.60562927e+02 5.11183929e+01 2.33902313e+02 1.68062241e+02
    2.62378937e+02 1.50108475e+02 1.92779221e+02 2.73090515e+02
    2.23599747e+02 1.86500034e+01 2.20282806e+02 2.87804596e+02
    2.41855469e+02 2.44568420e+02 1.99938782e+02 1.61121540e+01
    2.26862381e+02 1.64526794e+02 2.32796234e+02 1.69816269e+02
    2.06060471e+02 3.81463470e+01 2.04045639e+02 2.46905197e+02
    1.86934372e+02 3.51208534e+01</data></keypoint2d004>
</opencv_storage>
