<?xml version="1.0"?>
<opencv_storage>
<keypoint2d005 type_id="opencv-matrix">
  <rows>215</rows>
  <cols>1</cols>
  <dt>"2f"</dt>
  <data>
    2.51676437e+02 2.21094513e+02 2.76086609e+02 2.76572815e+02
    2.48272568e+02 1.90923615e+02 2.49184021e+02 1.69797302e+02
    2.73062286e+02 2.90300964e+02 2.67347626e+02 1.62364746e+02
    2.49216141e+02 1.78129211e+02 2.76401428e+02 1.82554321e+02
    2.61031982e+02 1.57141602e+02 3.02058807e+02 2.40177261e+02
    2.30568832e+02 1.59884674e+02 2.92591095e+02 2.37473969e+02
    2.16664429e+02 2.12890106e+02 3.00311401e+02 2.39959320e+02
    2.41915039e+02 2.87589417e+02 2.89103729e+02 2.00512115e+02
    2.32692642e+02 1.61952408e+02 2.62853455e+02 2.24755951e+02
    2.50770859e+02 2.83513123e+02 2.47246506e+02 2.37225311e+02
    2.80515869e+02 2.81953094e+02 2.16571274e+02 1.78213730e+02
    2.05409348e+02 2.11003342e+02 2.35427322e+02 1.63042068e+02
    2.02480743e+02 2.09859253e+02 2.66837982e+02 2.79181793e+02
    2.88597382e+02 2.01930359e+02 2.52660324e+02 2.33083496e+02
    2.42148102e+02 3.00647919e+02 2.64813538e+02 2.23448807e+02
    2.24278717e+02 1.81881424e+02 2.52963547e+02 2.22184998e+02
    2.54706909e+02 2.28102524e+02 2.38932739e+02 2.31856171e+02
    2.51828476e+02 2.30193649e+02 2.40980255e+02 2.33974564e+02
    2.29774185e+02 1.77061295e+02 2.74384735e+02 2.16779922e+02
    2.47376236e+02 2.89573120e+02 2.35244598e+02 2.53552856e+02
    2.45442978e+02 2.80083466e+02 2.43475845e+02 2.23755508e+02
    2.65376770e+02 2.87049377e+02 2.76332062e+02 2.28454422e+02
    2.93413452e+02 2.20092041e+02 2.91860474e+02 2.65095520e+02
    2.75882812e+02 2.22631195e+02 2.55511520e+02 2.77918945e+02
    2.59148102e+02 2.33905487e+02 2.41989563e+02 3.08689178e+02
    2.52035172e+02 2.15091827e+02 2.28462616e+02 1.88613174e+02
    2.60270630e+02 2.81535583e+02 2.95471558e+02 2.63793549e+02
    2.82817688e+02 2.16894379e+02 2.34231430e+02 2.82200195e+02
    2.65809875e+02 2.41067978e+02 2.45591537e+02 3.07107178e+02
    2.50975143e+02 2.82741425e+02 2.38234177e+02 3.09556458e+02
    2.70229736e+02 2.35274185e+02 2.41338120e+02 2.85967377e+02
    2.48333649e+02 3.10756805e+02 2.62930054e+02 2.73025757e+02
    2.43182892e+02 2.17532898e+02 2.31953186e+02 2.88774933e+02
    2.27811005e+02 2.87999268e+02 2.45236664e+02 3.11441650e+02
    2.46256424e+02 2.89291290e+02 2.59881256e+02 2.77328857e+02
    2.64491516e+02 2.44349823e+02 2.34679031e+02 2.88863129e+02
    2.48888321e+02 3.06092896e+02 2.56227081e+02 1.47559128e+01
    2.47762619e+02 2.41847046e+02 2.36033859e+02 2.88149292e+02
    2.58717743e+02 2.92721710e+02 2.09051559e+02 2.06843918e+02
    2.57304688e+02 3.20924561e+02 2.65550659e+02 2.00366165e+02
    2.49032791e+02 3.02391724e+02 2.58656860e+02 3.20179901e+02
    2.59414886e+02 3.10342957e+02 2.54792114e+02 2.73652344e+02
    2.60780823e+02 2.86964844e+02 2.94893433e+02 2.01150131e+01
    2.30025406e+02 2.84258057e+02 2.51775024e+02 2.11972458e+02
    2.54667770e+02 2.43968704e+02 2.74835724e+02 1.89281197e+01
    2.02261673e+02 2.19235184e+02 2.58129883e+02 2.83220825e+02
    2.56581238e+02 3.08366241e+02 2.04811554e+02 2.19199478e+02
    2.37540192e+02 2.94100281e+02 2.55479172e+02 2.86998657e+02
    2.31913818e+02 1.67541428e+02 2.51615250e+02 2.74249268e+02
    2.73973358e+02 2.30324249e+02 2.32233139e+02 1.74343033e+02
    2.18279633e+02 1.91980423e+02 2.15308746e+02 1.89173706e+02
    2.56598785e+02 2.09577408e+02 2.59722473e+02 3.14094421e+02
    2.80523071e+02 2.19126724e+02 2.17692963e+02 2.00507828e+02
    2.51431534e+02 3.01755676e+02 2.32244003e+02 2.86698029e+02
    2.32705551e+02 2.95669250e+02 2.52428177e+02 3.01654144e+02
    2.42576599e+02 3.07038116e+02 3.02998383e+02 2.10416382e+02
    2.59635529e+02 3.06699097e+02 2.58115601e+02 2.80012115e+02
    2.43935562e+02 1.56370407e+02 2.50622253e+02 2.09363464e+02
    2.48435562e+02 3.06116119e+02 2.56030151e+02 3.00955353e+02
    2.88543274e+02 1.90751022e+02 2.65969421e+02 2.66143341e+02
    2.60062134e+02 3.03747711e+02 2.65738403e+02 2.08086349e+02
    2.84679993e+02 1.88710312e+02 2.35150589e+02 2.71687775e+02
    2.41380051e+02 2.69916443e+02 2.59240082e+02 2.99413635e+02
    2.84251892e+02 2.56397461e+02 2.56018890e+02 3.08281921e+02
    2.03709106e+02 1.98976456e+02 2.69388245e+02 2.38613834e+01
    2.73742950e+02 2.57079559e+02 2.20666870e+02 1.62023697e+02
    2.71403412e+02 2.42868698e+02 2.32689896e+02 3.00201416e+02
    2.68342712e+02 3.10647827e+02 2.57569641e+02 2.67891022e+02
    2.86641266e+02 2.54359970e+02 2.60252899e+02 2.90065796e+02
    2.04798141e+02 1.97165314e+02 2.77039795e+02 2.52713642e+01
    2.64098694e+02 3.09787567e+02 2.31055283e+02 3.17885189e+01
    2.36416351e+02 2.66521027e+02 2.09272003e+02 2.47173004e+02
    2.97914978e+02 1.98686157e+02 3.01401215e+02 2.06509354e+02
    2.93632782e+02 2.16200638e+02 3.04471069e+02 2.14363724e+02
    2.52771057e+02 2.61994781e+02 2.98525452e+02 2.31959106e+02
    2.65193024e+02 2.88647346e+01 2.69228027e+02 2.57759735e+02
    2.45861252e+02 2.75712128e+02 2.74905029e+02 2.46030518e+02
    2.56337616e+02 2.61191589e+02 2.91144287e+02 2.10761963e+02
    2.96200195e+02 3.05103321e+01 2.34754913e+02 1.72073776e+02
    2.30048111e+02 2.70003845e+02 2.58036682e+02 2.64166870e+02
    2.06756744e+02 2.62389709e+02 2.26722198e+02 2.70901031e+02
    2.11882584e+02 1.23338499e+01 2.62945557e+02 1.87157120e+02
    2.44714188e+02 2.95093628e+02 2.93003082e+02 2.14937637e+02
    2.34275436e+02 1.89822098e+02 2.16327789e+02 1.62718094e+02
    2.39911057e+02 1.77380264e+02 2.24371964e+02 2.22579773e+02
    2.31917770e+02 2.69918488e+02 2.61388458e+02 2.70094543e+02
    2.43445160e+02 1.77389679e+02 2.30108917e+02 3.56844177e+01
    2.43239212e+02 2.51109497e+02 2.87601349e+02 2.52312057e+02
    2.72128296e+02 2.64820023e+01 2.47732559e+02 2.73279633e+02
    2.24163147e+02 2.72037140e+02 2.09180099e+02 2.73923737e+02
    2.43933502e+02 2.74366272e+02 2.60981201e+02 2.60755798e+02
    2.43571472e+02 1.79516602e+02 2.62944916e+02 2.59808899e+02
    2.87218475e+02 3.46014595e+01 2.65478424e+02 2.39030411e+02
    2.60965118e+02 2.59288971e+02 2.23655197e+02 2.74827667e+02
    2.25051514e+02 2.36314964e+01 2.67042328e+02 2.07452332e+02
    2.00300873e+02 1.70452385e+01 2.54467163e+02 1.77151245e+02
    2.25601089e+02 2.53754520e+01 1.76797379e+02 2.69287815e+01
    2.51449448e+02 1.77604874e+02 2.14415863e+02 2.70532471e+02
    2.44328384e+02 2.50719070e+01 2.08459152e+02 2.55820023e+02
    2.17238495e+02 2.69596344e+02 2.12333588e+02 2.71807037e+02
    2.46866165e+02 1.76974945e+02 2.23053238e+02 2.28809692e+02
    2.00330841e+02 2.85938625e+01 2.50795837e+02 2.52843628e+02
    2.40733063e+02 3.01114349e+02 2.40817993e+02 2.59065971e+01
    2.16616486e+02 2.73758728e+02 2.08153732e+02 2.36795044e+01
    2.56582520e+02 3.91729774e+01 2.66709503e+02 2.48260834e+02
    2.56486420e+02 4.25920792e+01 2.49224854e+02 2.69409698e+02
    2.51326691e+02 2.66804260e+02 2.48395081e+02 1.52629833e+01
    2.74341583e+02 4.01590691e+01</data></keypoint2d005>
</opencv_storage>
