<?xml version="1.0"?>
<opencv_storage>
<keypoint3d003 type_id="opencv-matrix">
  <rows>230</rows>
  <cols>3</cols>
  <dt>"3f"</dt>
  <data>
    3.49250250e-02 1.40754040e-02 2.03137949e-01 1.44073740e-02
    2.87867594e-03 1.10611990e-02 -3.23836766e-02 3.94249894e-02
    1.97106525e-02 3.63366902e-02 7.75793754e-03 2.28424996e-01
    1.76874537e-03 3.27663845e-03 -4.31170547e-03 7.03983894e-03
    1.81429298e-03 2.12670886e-03 3.51565629e-02 2.70775668e-02
    1.67335287e-01 2.33778002e-04 -3.11052609e-05 4.46885533e-05
    1.11337267e-02 1.13736521e-02 1.89958401e-02 3.53215560e-02
    2.48923544e-02 1.57747433e-01 -9.88866389e-03 1.00140683e-02
    -2.31870059e-02 5.64573109e-02 -9.34462100e-02 1.34764612e-01
    3.92936431e-02 7.49322353e-03 2.39795834e-01 2.12119460e-01
    3.06444675e-01 3.55607212e-01 1.93085283e-01 2.44602099e-01
    -1.55715388e-03 3.33796665e-02 -7.63611263e-03 1.25600144e-01
    1.42708039e-02 1.42708039e-02 -2.69351434e-03 7.67259486e-03
    4.66102327e-04 9.73663060e-04 8.64818171e-02 -6.10791473e-03
    1.09651506e-01 1.19578019e-02 3.80420522e-03 1.27915293e-02
    -2.92499387e-03 1.21216271e-02 5.26922871e-04 3.99832912e-02
    2.07749549e-02 2.44937226e-01 -1.35773897e-01 1.92316443e-01
    8.61405805e-02 1.29182026e-01 -2.94843744e-02 1.91512555e-01
    8.74758959e-02 4.34889738e-03 9.94216502e-02 2.37160355e-01
    7.19326129e-03 5.34237251e-02 1.93894058e-02 1.93894058e-02
    1.10878609e-02 4.37969789e-02 1.92046314e-02 2.37201139e-01
    1.16922070e-04 2.99789570e-03 -5.24446194e-04 5.24446194e-04
    6.51351293e-04 2.30761198e-03 5.08104712e-02 2.64689233e-02
    2.29395181e-01 2.83773523e-03 3.24618974e-04 2.38233316e-03
    -8.99435545e-05 8.03305488e-03 -1.18840917e-03 8.12622905e-02
    1.06851999e-02 1.14690773e-01 2.17629177e-03 5.43088466e-03
    5.01357578e-02 5.01357578e-02 3.25171016e-02 3.25171016e-02
    4.92395461e-02 2.45419946e-02 2.29767472e-01 0. 1.26771326e-03
    1.62585010e-03 -4.90797858e-04 2.40651937e-03 -1.14012946e-04
    7.21630529e-02 2.38569677e-02 1.22227132e-01 7.39885589e-43 0.
    7.39885589e-43 0. -6.81798047e-05 8.62189336e-04 1.04650389e-02
    4.58990373e-02 1.94015175e-01 5.12840226e-04 -5.21176844e-04
    1.03547657e-03 -3.45023386e-02 3.69439349e-02 4.35405783e-03
    2.16998737e-02 -1.39467567e-02 1.59489378e-01 3.81130679e-03
    4.04394558e-03 4.24873494e-02 4.60931137e-02 1.28206122e-03
    2.80951168e-02 3.69403586e-02 1.40029415e-02 2.47550577e-01
    2.03470755e-02 -5.42950118e-04 2.37826235e-03 7.94946100e-04
    3.16507695e-03 -2.56985845e-03 1.00814074e-01 2.31290981e-02
    1.18795790e-01 1.39856040e-02 1.42303528e-02 -2.75156042e-03
    3.23567353e-02 4.79200244e-04 5.74476644e-03 3.68131846e-02
    1.57958902e-02 2.49142841e-01 2.36525342e-01 -3.97829898e-02
    3.97829898e-02 3.36691737e-03 3.36691737e-03 1.18040582e-02
    3.70961539e-02 -4.81047109e-03 2.44858831e-01 3.22400749e-01
    3.23242515e-01 -2.69187510e-01 3.11155051e-01 1.26688004e-01
    1.34263560e-01 2.89398935e-02 3.69815156e-02 1.93570688e-01
    3.64749022e-02 -5.97713050e-03 4.70639206e-02 7.44317193e-03
    1.54849142e-02 1.71868186e-02 3.48398313e-02 2.96837185e-02
    1.63743928e-01 2.96666898e-04 2.07496318e-03 -2.17097532e-03
    2.44273827e-03 -1.83389500e-01 1.83389500e-01 1.10758498e-01
    1.46317361e-02 1.05084553e-01 3.36691737e-03 7.55564729e-03
    2.32685655e-02 1.97549269e-01 2.74521440e-01 1.47988662e-01
    9.12568197e-02 1.15100434e-02 1.14896640e-01 8.01011845e-02
    1.50203690e-01 -1.46814715e-02 3.51426080e-02 1.14236204e-02
    3.26301195e-02 3.77087332e-02 1.71112083e-02 2.04574794e-01
    3.06638591e-02 1.26152206e-03 1.80103967e-03 1.08954054e-03
    1.55695481e-03 2.45518149e-05 3.26593146e-02 -9.02536325e-03
    1.19678482e-01 -8.08854308e-03 8.30203854e-03 -3.06189358e-02
    3.08135729e-02 -3.50347400e-05 3.50347400e-05 1.19961668e-02
    -2.11270228e-02 2.12422937e-01 2.52766963e-02 3.24150212e-02
    3.77023257e-02 -2.20479779e-02 5.41902147e-02 6.19956944e-03
    4.65552211e-02 3.38395201e-02 2.17747390e-01 -5.47768104e-05
    3.70631716e-03 -3.96175403e-03 4.42704977e-03 4.26044082e-03
    6.16240036e-03 2.58397982e-02 1.93841755e-03 1.28880814e-01 0.
    -7.84370641e-04 1.11815450e-03 2.76054576e-04 2.76054576e-04
    -8.30172357e-05 1.26191098e-02 -1.42964059e-02 2.11410671e-01
    1.78325847e-02 2.15664860e-02 1.38850138e-02 5.54751344e-02
    -7.65204430e-03 1.07603138e-02 1.01634162e-02 -2.34556701e-02
    2.13408515e-01 2.41929409e-03 -1.18539510e-02 3.92380543e-02
    -5.08841546e-03 6.30926620e-03 -1.58931632e-02 4.37956452e-02
    1.96879972e-02 1.27243385e-01 -1.62228034e-03 3.90596665e-03
    -6.27942674e-04 7.23226171e-04 -3.50637012e-04 5.49618853e-04
    2.92333979e-02 -1.65086873e-02 1.20585166e-01 3.64596304e-03
    -3.74756026e-04 4.02303500e-04 2.04624585e-03 2.52337777e-03
    1.75414801e-01 3.54928374e-02 -1.33253764e-02 2.33335957e-01
    1.16220647e-02 1.92856826e-02 1.18078878e-02 2.90187038e-02
    -7.39348158e-02 2.28273347e-01 3.65409702e-02 1.97155122e-03
    1.20712578e-01 1.34721443e-01 -6.80373460e-02 2.16906264e-01
    -9.09474492e-03 1.82750579e-02 -2.64855828e-02 1.10037282e-01
    2.34960672e-03 1.10577881e-01 -1.66235818e-03 2.18728767e-03
    -1.53996572e-02 1.53996572e-02 6.65419130e-03 7.78109347e-03
    7.25824460e-02 2.04303898e-02 1.22455403e-01 4.22162283e-03
    2.46441558e-01 5.04796803e-01 4.20871899e-02 4.20871899e-02
    1.79678481e-03 3.00761294e-02 7.28150737e-03 1.95244506e-01
    -1.14097141e-01 2.75248408e-01 -5.46108298e-02 1.47586912e-01
    -6.33715838e-02 1.18945971e-01 2.27564778e-02 -1.20437294e-02
    1.60064027e-01 3.16454098e-02 -1.27037326e-02 2.12937053e-02
    2.56343442e-03 5.09625534e-03 -5.46149851e-04 4.73360866e-02
    3.29737738e-02 2.16358840e-01 2.23604543e-03 2.27167876e-03
    -5.38962078e-04 5.82561595e-04 2.23108174e-04 3.00181739e-04
    4.06209826e-02 2.46124659e-02 2.08651051e-01 8.32594559e-03
    1.81424874e-03 3.69210262e-03 1.68685510e-03 3.35334754e-03
    7.84443505e-03 1.76724773e-02 -1.69874225e-02 1.47436678e-01
    -1.70141715e-03 5.73245622e-03 -3.05106379e-02 3.39530185e-02
    -3.94871691e-03 4.20586159e-03 1.94539260e-02 -1.33750727e-02
    1.30796418e-01 4.85292476e-05 -2.40888709e-04 7.91926752e-04
    2.21965677e-42 0. 7.39885589e-43 2.15393342e-02 -1.53352022e-02
    1.44856408e-01 1.00553846e-02 1.01987515e-02 -7.14947050e-03
    7.47065339e-03 3.06042540e-03 3.12829507e-03 1.52383655e-01
    1.17158871e-02 1.01148717e-01 5.72406203e-02 7.68343313e-03
    1.92664731e-02 -8.73302203e-03 8.73302203e-03 -8.53824150e-03
    2.41749156e-02 -4.31387406e-03 1.30235538e-01 -1.29491566e-02
    2.05066372e-02 -1.25653846e-02 3.33671719e-02 -8.25089309e-03
    1.16936900e-02 1.15709782e-01 -6.23520464e-06 9.85535681e-02
    3.89726274e-03 1.11665134e-03 4.08809679e-03 -5.64091504e-02
    5.87659776e-02 -6.35531871e-03 1.18835201e-03 -3.16190273e-02
    1.92996398e-01 1.68756768e-02 3.33661623e-02 1.84594423e-01
    2.55348682e-01 1.45716220e-01 2.94624865e-01 8.65603536e-02
    9.86932311e-03 1.00548036e-01 4.58262563e-02 -1.13109656e-01
    3.07956338e-01 -1.41060665e-01 1.67813823e-01 3.55069973e-02
    2.36596316e-02 -8.08287505e-03 1.56672850e-01 -1.90270878e-03
    1.65443216e-02 -5.49209490e-03 3.97117361e-02 -6.57812739e-03
    1.19373631e-02 3.33306454e-02 1.06670000e-02 2.05644697e-01
    5.20553216e-02 -8.62043351e-03 2.51325611e-02 2.31482997e-03
    8.19811225e-03 1.41060690e-03 4.12024930e-02 1.45213995e-02
    1.26915500e-01 1.48925543e-01 2.81295925e-01 -6.45199567e-02
    2.77302355e-01 -1.95419006e-02 1.79888308e-01 1.16350256e-01
    8.92765820e-04 9.85281244e-02 2.57788092e-01 -1.41053274e-01
    2.79289454e-01 6.21513575e-02 1.72597945e-01 -1.49229290e-02
    8.38977620e-02 -3.13975941e-03 1.13800213e-01 1.95163651e-03
    1.15402313e-02 6.32699206e-03 2.02252269e-02 -4.04763175e-03
    4.04934492e-03 5.63954040e-02 2.80327611e-02 1.27135545e-01
