<?xml version="1.0"?>
<opencv_storage>
<keypoint2d002 type_id="opencv-matrix">
  <rows>304</rows>
  <cols>1</cols>
  <dt>"2f"</dt>
  <data>
    2.73817841e+02 1.91427734e+02 2.64401154e+02 1.55823303e+02
    2.68489624e+02 1.97715973e+02 3.71620911e+02 3.15496826e+02
    3.19594849e+02 1.74603378e+02 2.75116821e+02 1.83207489e+02
    3.00953064e+02 1.47880447e+02 2.84845978e+02 1.39059982e+02
    3.02380066e+02 1.52553192e+02 2.86584167e+02 1.38215652e+02
    3.05351166e+02 1.58243103e+02 2.75998199e+02 1.78986679e+02
    3.76839874e+02 2.68975250e+02 2.82418518e+02 1.42029419e+02
    3.75855377e+02 2.80239594e+02 2.79694916e+02 1.45280289e+02
    3.32723297e+02 1.89211472e+02 3.39182983e+02 1.65706802e+02
    3.38716064e+02 1.99909058e+02 3.76339569e+02 2.83808197e+02
    3.25703857e+02 1.70171082e+02 3.77624115e+02 2.88235138e+02
    2.84406250e+02 2.02227921e+02 2.82085846e+02 1.96117584e+02
    2.74931152e+02 1.36876389e+02 2.74037750e+02 2.30338989e+02
    3.42215515e+02 3.66517761e+02 3.18119934e+02 3.65277435e+02
    3.13253784e+02 3.64231720e+02 3.08484497e+02 3.62726288e+02
    3.04131256e+02 3.61129120e+02 3.41475494e+02 3.60359406e+02
    3.14610962e+02 3.64726715e+02 3.11705444e+02 3.28514954e+02
    2.88303894e+02 2.01781418e+02 3.35359436e+02 1.66265015e+02
    2.99468414e+02 3.62486481e+02 2.74889374e+02 2.43037186e+02
    2.72209961e+02 2.57030426e+02 3.11648743e+02 3.23424713e+02
    3.05199860e+02 3.07752411e+02 2.94181427e+02 2.29073761e+02
    2.98130554e+02 2.17609238e+02 3.36970886e+02 3.36256226e+02
    3.35900757e+02 2.38536774e+02 2.98652740e+02 1.54662979e+02
    2.72931183e+02 2.44951874e+02 2.93738037e+02 2.07319916e+02
    3.22082581e+02 1.60234970e+02 2.76846283e+02 2.46331757e+02
    3.10956512e+02 1.53046997e+02 3.13124420e+02 2.90865295e+02
    3.46026489e+02 3.47319641e+02 3.18712219e+02 3.01634033e+02
    3.20788330e+02 3.12153412e+02 2.80414795e+02 2.26504257e+02
    2.87517792e+02 2.11111969e+02 2.82138092e+02 1.33767944e+02
    2.83683228e+02 2.95275940e+02 2.81027191e+02 2.04000458e+02
    2.84637665e+02 2.23228470e+02 3.03853790e+02 1.63246506e+02
    3.15648285e+02 2.40909805e+02 3.18512238e+02 1.60478546e+02
    3.62081604e+02 3.64897034e+02 2.75380066e+02 2.37875580e+02
    3.22927948e+02 2.89005585e+02 2.90886658e+02 1.83352112e+02
    3.22151276e+02 3.12914734e+02 3.44716400e+02 3.54198486e+02
    3.17020935e+02 3.11322632e+02 2.98638275e+02 3.00952148e+02
    2.76206360e+02 2.35718872e+02 3.75434387e+02 3.59731873e+02
    2.80985596e+02 2.22775345e+02 3.44527588e+02 2.08518860e+02
    3.65891052e+02 2.87020660e+02 3.49811707e+02 3.35239471e+02
    3.37665619e+02 2.25458527e+02 3.40142670e+02 2.47303848e+02
    3.05941925e+02 2.29993637e+02 2.77820160e+02 2.12447540e+02
    3.00327057e+02 2.02644836e+02 3.19187103e+02 1.57427444e+02
    3.00436096e+02 1.38886765e+02 2.93734131e+02 2.55202942e+02
    3.53066528e+02 2.32349838e+02 3.67840057e+02 2.71138092e+02
    3.13943146e+02 3.17782837e+02 3.04166229e+02 1.75859863e+02
    3.01359222e+02 1.75843613e+02 3.63964081e+02 3.08567169e+02
    3.02948669e+02 2.01990875e+02 2.76908264e+02 2.23596527e+02
    2.74447876e+02 2.61382843e+02 3.16153473e+02 2.11929092e+02
    3.55834717e+02 1.34512909e+02 3.62472565e+02 2.60138611e+02
    3.30331543e+02 2.07227890e+02 2.78117004e+02 2.15182175e+02
    2.93926056e+02 2.52286438e+02 3.31345398e+02 2.42074997e+02
    3.74105316e+02 3.23341949e+02 2.74257996e+02 2.67887817e+02
    2.92620453e+02 1.81212540e+02 2.78867950e+02 2.22396240e+02
    3.25825775e+02 2.05142685e+02 3.72014862e+02 2.47664383e+02
    3.24804626e+02 2.70012451e+02 3.27238220e+02 1.62098465e+02
    3.61796478e+02 3.17649780e+02 2.82267090e+02 3.03055573e+02
    3.32685699e+02 2.08431641e+02 3.02672943e+02 2.39552307e+02
    3.23867126e+02 3.55907654e+02 3.20020172e+02 1.96153671e+02
    2.97043823e+02 2.14767181e+02 3.33572632e+02 1.61487885e+02
    3.66355286e+02 2.62386444e+02 3.01549622e+02 2.39598831e+02
    2.82120178e+02 2.99983856e+02 3.70000671e+02 2.51695923e+02
    3.41237915e+02 1.50018127e+02 3.72610168e+02 2.25157074e+02
    2.74206207e+02 2.47701752e+02 3.58135040e+02 2.57224091e+02
    3.40514618e+02 3.44880768e+02 3.05867279e+02 3.17098633e+02
    3.71136230e+02 2.21266846e+02 3.05010895e+02 2.41081177e+02
    3.22896210e+02 2.05290558e+02 3.04329102e+02 2.21260590e+02
    2.90443451e+02 2.12520142e+02 3.01384613e+02 3.46837982e+02
    3.29880951e+02 2.47181808e+02 3.05225403e+02 2.18620514e+02
    3.04911804e+02 2.03834534e+02 3.21424286e+02 2.23335114e+02
    2.77054749e+02 2.72414825e+02 2.95391113e+02 3.02193359e+02
    2.96665497e+02 3.45059906e+02 3.66354523e+02 2.59557617e+02
    3.03665771e+02 2.36348801e+02 3.63412872e+02 2.67794281e+02
    3.44051727e+02 1.51836548e+02 2.83945190e+02 1.47651199e+02
    3.10608459e+02 3.49832001e+02 2.99901855e+02 3.46249634e+02
    3.21950562e+02 2.11382339e+02 3.64984924e+02 3.39444946e+02
    2.93633972e+02 3.43968231e+02 3.64675049e+02 2.74189117e+02
    3.24146149e+02 2.03140579e+02 2.76721527e+02 2.76683228e+02
    3.69193268e+02 2.44059830e+02 3.13106445e+02 2.06121048e+02
    3.30013275e+02 3.13967224e+02 3.16212311e+02 2.96817200e+02
    3.01480072e+02 1.91268539e+02 3.04945679e+02 3.48124847e+02
    2.92538208e+02 3.00132965e+02 3.08160187e+02 3.49089142e+02
    3.64252686e+02 2.99058533e+02 2.80652710e+02 2.46769562e+02
    3.21514374e+02 2.62683472e+02 3.60254150e+02 3.06383728e+02
    2.99456482e+02 2.81946472e+02 2.77100555e+02 2.66175140e+02
    3.08894073e+02 3.84363892e+02 3.02245514e+02 3.56152893e+02
    3.69277954e+02 2.61643402e+02 3.08228577e+02 1.57907303e+02
    3.01558868e+02 2.78911835e+02 2.98101868e+02 2.18612808e+02
    3.66294739e+02 3.00649323e+02 3.15691376e+02 3.55726257e+02
    3.32294983e+02 2.58217957e+02 3.04033020e+02 2.87302856e+02
    3.11610748e+02 2.08850800e+02 2.93890259e+02 2.04308929e+02
    3.64427612e+02 2.78089661e+02 3.15829407e+02 2.18839371e+02
    3.13780426e+02 3.50862579e+02 2.77858917e+02 1.69158325e+02
    3.58539612e+02 2.91473297e+02 2.81957275e+02 1.55020157e+02
    3.06650665e+02 2.04900406e+02 3.19308655e+02 3.30144379e+02
    3.64590363e+02 2.42731216e+02 2.66765411e+02 2.13359436e+02
    3.17595612e+02 2.83031525e+02 2.76120422e+02 2.09040939e+02
    2.87214569e+02 2.83051086e+02 3.09663818e+02 2.47512711e+02
    2.92525696e+02 2.24154144e+02 2.79017731e+02 2.55718643e+02
    2.68789459e+02 2.03532364e+02 2.78529572e+02 2.60539429e+02
    2.82312653e+02 2.75326233e+02 3.02879242e+02 2.83324768e+02
    3.00631927e+02 2.44910400e+02 3.13940796e+02 2.82510864e+02
    2.80317139e+02 2.50270782e+02 3.50744720e+02 2.24080597e+02
    3.00323608e+02 2.35251968e+02 3.62508240e+02 2.92780701e+02
    3.25282623e+02 1.79743515e+02 3.42495300e+02 2.31416077e+02
    3.31483612e+02 2.67880463e+02 3.04132050e+02 2.72970673e+02
    3.09961121e+02 1.93507416e+02 3.17110413e+02 2.08184982e+02
    3.41146301e+02 2.98725586e+02 2.82736816e+02 2.14412064e+02
    3.46704834e+02 2.12599014e+02 3.10031708e+02 1.36893097e+02
    3.33198090e+02 2.94307098e+02 3.61749756e+02 3.70170929e+02
    2.90341217e+02 2.16265594e+02 3.41805878e+02 3.05939423e+02
    3.32734039e+02 3.56217468e+02 2.78978760e+02 2.20093903e+02
    3.22008270e+02 3.66815796e+02 3.17037415e+02 1.92450241e+02
    3.70806213e+02 2.36275940e+02 2.79360779e+02 1.62036438e+02
    3.31838165e+02 1.81048065e+02 2.92207397e+02 2.80998077e+02
    2.93763214e+02 2.73483215e+02 3.09627625e+02 2.85178101e+02
    3.17375977e+02 2.45589722e+02 3.59512909e+02 1.61130066e+02
    3.30968140e+02 1.66695129e+02 2.92592773e+02 3.06468323e+02
    2.84467804e+02 3.09683197e+02 2.88438416e+02 3.02334564e+02
    2.79671692e+02 1.60415131e+02 3.15828003e+02 3.93989655e+02
    3.04115204e+02 3.65712280e+02 3.01946350e+02 3.18279755e+02
    3.18880432e+02 3.47923798e+02 3.23138977e+02 2.38267563e+02
    3.02426025e+02 2.29772827e+02 3.05273712e+02 2.74111328e+02
