<?xml version="1.0"?>
<opencv_storage>
<keypoint2d006 type_id="opencv-matrix">
  <rows>414</rows>
  <cols>1</cols>
  <dt>"2f"</dt>
  <data>
    2.71980835e+02 2.42976440e+02 2.47027557e+02 2.45107605e+02
    2.43756836e+02 2.62696503e+02 3.17472046e+02 1.76000580e+02
    2.76178650e+02 2.06097061e+02 3.20299805e+02 3.10697235e+02
    2.76142303e+02 2.31075974e+02 3.22845093e+02 3.09012756e+02
    2.43746063e+02 2.63182709e+02 3.26447357e+02 3.06927338e+02
    2.58139648e+02 2.15809555e+02 2.74454773e+02 2.79130493e+02
    3.14128967e+02 2.26808716e+02 2.73985626e+02 1.67289902e+02
    2.47512741e+02 2.53371902e+02 3.13140442e+02 2.19026321e+02
    2.60553497e+02 2.38218689e+02 2.90020142e+02 2.07872330e+02
    2.52928299e+02 2.28188171e+02 3.32163391e+02 3.03862305e+02
    3.07389740e+02 2.09889740e+02 2.87928802e+02 2.03452942e+02
    2.59719971e+02 2.24680542e+02 2.59359131e+02 2.23588333e+02
    3.08719269e+02 2.51369400e+02 3.10209778e+02 2.83570648e+02
    2.47492981e+02 2.56263153e+02 2.60560822e+02 2.28939697e+02
    2.87471893e+02 1.76667374e+02 2.61250946e+02 1.34034698e+02
    2.69471771e+02 1.79879211e+02 2.85693115e+02 2.13727631e+02
    2.65412842e+02 2.09613205e+02 2.82729370e+02 2.51161194e+02
    3.04588318e+02 2.42848022e+02 2.79853943e+02 2.74742188e+02
    2.77840698e+02 2.48021378e+02 2.97700592e+02 1.64250305e+02
    2.87142700e+02 1.84992935e+02 2.63319977e+02 1.37248550e+02
    2.61751678e+02 1.98536118e+02 2.52336838e+02 2.40007599e+02
    2.79177460e+02 1.72988846e+02 2.87301788e+02 2.34916550e+02
    2.69893890e+02 1.98754837e+02 2.58684662e+02 2.19830978e+02
    2.85952423e+02 3.11764618e+02 3.31652069e+02 2.58745880e+02
    2.80993256e+02 2.00788834e+02 2.71026184e+02 1.82967529e+02
    2.52812653e+02 2.38351257e+02 2.47454391e+02 1.62457993e+02
    2.94352234e+02 3.22527771e+02 2.27478363e+02 1.46357254e+02
    2.41898224e+02 1.45025375e+02 2.92962891e+02 3.19214203e+02
    3.32956055e+02 2.62542114e+02 2.98865356e+02 1.26280815e+02
    2.89238220e+02 2.75823303e+02 2.77799561e+02 3.09091278e+02
    2.65788940e+02 2.47084824e+02 2.83164978e+02 1.67101944e+02
    2.73050690e+02 2.22148026e+02 3.06576843e+02 2.71672150e+02
    3.06456787e+02 2.34839645e+02 3.00924591e+02 2.10626205e+02
    2.78498444e+02 2.37919479e+02 2.98110901e+02 2.97792725e+02
    2.83916443e+02 2.40204285e+02 2.61883820e+02 1.21227097e+02
    2.57530914e+02 1.51141693e+02 2.66510132e+02 1.87956467e+02
    3.35996399e+02 2.67451202e+02 3.00408478e+02 2.13949036e+02
    3.07744354e+02 2.32819931e+02 2.73948425e+02 1.92770416e+02
    2.86913818e+02 1.37903091e+02 2.89818085e+02 2.87039642e+02
    3.19018829e+02 2.37205383e+02 3.00491516e+02 1.64504501e+02
    3.05396606e+02 2.70248291e+02 2.79116516e+02 2.84116974e+02
    2.74417480e+02 2.15388458e+02 3.05237518e+02 2.87265533e+02
    3.17266296e+02 2.10059433e+02 2.86057953e+02 1.66732437e+02
    2.66227295e+02 2.38557571e+02 3.09507019e+02 3.28416412e+02
    2.75920837e+02 2.52612961e+02 2.78907562e+02 2.40156693e+02
    3.07009125e+02 1.71691910e+02 3.08409393e+02 2.66490509e+02
    2.92710602e+02 2.00128296e+02 3.13224274e+02 2.11206314e+02
    2.63418274e+02 3.05086334e+02 3.27768188e+02 2.73275787e+02
    2.73049591e+02 2.85918915e+02 3.23684204e+02 2.98373413e+02
    3.15966125e+02 2.36434708e+02 3.07277649e+02 2.80809296e+02
    2.44728226e+02 1.44046844e+02 2.38048416e+02 2.46268295e+02
    3.23394806e+02 2.94278778e+02 2.52223846e+02 1.45382568e+02
    2.95101318e+02 2.93090332e+02 3.26142090e+02 2.41659409e+02
    2.56035919e+02 1.61699722e+02 2.80633881e+02 1.73365097e+02
    2.94752777e+02 2.85642761e+02 2.83085083e+02 2.76616180e+02
    3.30722595e+02 2.28080185e+02 3.22113403e+02 2.42938736e+02
    2.53625854e+02 1.42182663e+02 3.15903137e+02 2.04572708e+02
    2.86245941e+02 2.77028442e+02 2.60936462e+02 2.66893219e+02
    3.16925964e+02 2.12792480e+02 2.81226349e+02 2.49914597e+02
    2.62096191e+02 2.37842392e+02 2.45454041e+02 2.33656815e+02
    2.72262787e+02 1.20947151e+02 3.21323303e+02 3.02569244e+02
    3.25553223e+02 2.83734833e+02 3.26913879e+02 2.46853271e+02
    3.03096252e+02 3.44501068e+02 2.59301880e+02 2.67109436e+02
    3.22776611e+02 2.24913879e+02 2.98803345e+02 1.96584869e+02
    3.03234955e+02 1.81803619e+02 2.96128143e+02 2.69135864e+02
    2.79947937e+02 2.43025085e+02 2.88794403e+02 2.20620270e+02
    2.71550842e+02 2.90398285e+02 3.26302155e+02 2.26228348e+02
    2.58842133e+02 2.77016937e+02 3.06571045e+02 1.81747101e+02
    2.96316711e+02 1.89215790e+02 2.74393524e+02 2.71479553e+02
    2.96409058e+02 2.70857208e+02 2.38758896e+02 2.50668930e+02
    2.64710846e+02 2.72483215e+02 2.61758484e+02 2.77754242e+02
    2.56104950e+02 1.61652496e+02 3.19995392e+02 2.43574997e+02
    2.99455078e+02 2.69859985e+02 3.08912018e+02 1.71427185e+02
    2.65904114e+02 2.32059296e+02 3.29138977e+02 2.36106003e+02
    2.99358032e+02 2.42366043e+02 2.57091492e+02 1.87285095e+02
    3.05092102e+02 2.56952637e+02 2.14629562e+02 1.79658447e+02
    2.63879211e+02 2.68630920e+02 3.08183899e+02 1.89385025e+02
    2.86705261e+02 2.28615860e+02 2.32415726e+02 2.04679031e+02
    3.18847992e+02 2.74507294e+02 3.07067261e+02 3.05890839e+02
    2.51959000e+02 2.68988190e+02 2.48394730e+02 1.50012772e+02
    2.40322586e+02 1.58714737e+02 2.67531860e+02 1.61979553e+02
    3.06946594e+02 1.93916351e+02 3.26989838e+02 2.33072983e+02
    3.06865051e+02 3.11563721e+02 2.76892029e+02 1.74674149e+02
    2.18100220e+02 1.63436966e+02 2.30346161e+02 2.62944244e+02
    2.80680939e+02 2.13625870e+02 2.29954559e+02 1.65127655e+02
    3.21351410e+02 2.34147842e+02 3.24628632e+02 2.14803284e+02
    2.35875214e+02 1.96163788e+02 2.40640289e+02 1.86451111e+02
    2.39895737e+02 1.61805969e+02 2.74680115e+02 2.50251984e+02
    3.00188416e+02 2.39225845e+02 2.29981476e+02 2.08588348e+02
    2.80442627e+02 2.19716339e+02 3.40159607e+02 3.28436127e+02
    2.75137115e+02 2.92298798e+02 2.91120728e+02 2.23123779e+02
    2.59743683e+02 2.89040924e+02 2.69498810e+02 3.57041260e+02
    3.39924255e+02 3.25710693e+02 2.58393738e+02 2.25236084e+02
    3.21907349e+02 2.58143066e+02 3.02055145e+02 1.95967651e+02
    2.67080078e+02 3.23613007e+02 2.82602936e+02 2.61949249e+02
    2.38961975e+02 2.12986115e+02 3.06239838e+02 3.14460358e+02
    2.20250275e+02 1.65621445e+02 2.73950714e+02 3.48123474e+02
    3.15038055e+02 2.66922607e+02 2.35621246e+02 2.43342621e+02
    2.58875183e+02 1.89608505e+02 2.64350830e+02 2.80791107e+02
    2.97149292e+02 3.15358429e+02 3.06099518e+02 1.77106857e+02
    2.76807312e+02 2.66934784e+02 2.56640991e+02 1.53937225e+02
    2.86036407e+02 2.22869858e+02 2.28254868e+02 2.07007111e+02
    2.69471558e+02 2.73420807e+02 2.71395721e+02 1.89785187e+02
    2.62942627e+02 3.20320770e+02 3.23908325e+02 2.49949997e+02
    2.54142487e+02 1.27939186e+02 2.34042068e+02 2.31596237e+02
    2.31019440e+02 2.44628860e+02 2.37415970e+02 1.94645248e+02
    2.32896347e+02 2.64897064e+02 2.17876266e+02 1.96181320e+02
    3.15991119e+02 1.99218414e+02 2.93064301e+02 1.88258545e+02
    3.12590820e+02 1.91503174e+02 3.13856049e+02 2.97905396e+02
    3.08182861e+02 1.99800369e+02 3.02067261e+02 2.58830719e+02
    2.17266891e+02 1.83945557e+02 2.49940353e+02 2.70108154e+02
    2.80148102e+02 2.93255402e+02 2.81138275e+02 1.88422348e+02
    2.66414337e+02 3.38592651e+02 2.72138947e+02 2.66542511e+02
    3.02752350e+02 1.78165146e+02 2.90790649e+02 1.92917755e+02
    2.97092316e+02 3.07492371e+02 2.35103394e+02 2.58063385e+02
    2.41585815e+02 2.34133820e+02 3.01211975e+02 1.88297623e+02
    2.79862671e+02 3.23975220e+02 2.83542267e+02 2.93761475e+02
    3.08914917e+02 2.99188660e+02 2.83573364e+02 3.40555176e+02
    2.39777008e+02 1.33257599e+02 3.18251587e+02 2.52262909e+02
    2.14801926e+02 1.69655670e+02 2.46288925e+02 1.85205002e+02
    2.32664490e+02 2.37883743e+02 2.91798859e+02 2.58835052e+02
    2.24381516e+02 2.32192886e+02 2.82294067e+02 2.83887909e+02
