<?xml version="1.0"?>
<opencv_storage>
<pose003 type_id="opencv-matrix">
  <rows>4</rows>
  <cols>4</cols>
  <dt>f</dt>
  <data>
    -1.81523845e-01 9.67035651e-01 1.78580791e-01 1.96406269e-03
    1.98275313e-01 2.13859439e-01 -9.56530750e-01 4.78494018e-02
    -9.63190556e-01 -1.38224974e-01 -2.30559886e-01 6.03846133e-01 0. 0.
    0. 1.</data></pose003>
</opencv_storage>
