<?xml version="1.0"?>
<opencv_storage>
<pose006 type_id="opencv-matrix">
  <rows>4</rows>
  <cols>4</cols>
  <dt>f</dt>
  <data>
    2.86988348e-01 9.43792939e-01 1.63989663e-01 -5.71406148e-02
    2.07525432e-01 1.05870605e-01 -9.72483635e-01 9.47213098e-02
    -9.35184896e-01 3.13123584e-01 -1.65477410e-01 5.74064732e-01 0. 0.
    0. 1.</data></pose006>
</opencv_storage>
