<?xml version="1.0"?>
<opencv_storage>
<pose005 type_id="opencv-matrix">
  <rows>4</rows>
  <cols>4</cols>
  <dt>f</dt>
  <data>
    2.44786009e-01 9.68334079e-01 4.90807667e-02 -6.70982450e-02
    1.77749380e-01 4.94460762e-03 -9.84063387e-01 1.87209696e-01
    -9.53144848e-01 2.49608994e-01 -1.70910403e-01 4.71483320e-01 0. 0.
    0. 1.</data></pose005>
</opencv_storage>
