<?xml version="1.0"?>
<opencv_storage>
<pose003 type_id="opencv-matrix">
  <rows>4</rows>
  <cols>4</cols>
  <dt>f</dt>
  <data>
    1.27569824e-01 9.90377426e-01 5.36505245e-02 -5.89896031e-02
    2.96054780e-03 5.37120700e-02 -9.98552084e-01 1.61540866e-01
    -9.91825223e-01 1.27543941e-01 3.91992182e-03 5.33030033e-01 0. 0.
    0. 1.</data></pose003>
</opencv_storage>
