<?xml version="1.0"?>
<opencv_storage>
<pose002 type_id="opencv-matrix">
  <rows>4</rows>
  <cols>4</cols>
  <dt>f</dt>
  <data>
    -1.23918355e-01 9.90367711e-01 6.17738999e-02 -6.33061631e-03
    1.41192615e-01 7.92183578e-02 -9.86807525e-01 8.79011974e-02
    -9.82195973e-01 -1.13561548e-01 -1.49649218e-01 5.41102469e-01 0. 0.
    0. 1.</data></pose002>
</opencv_storage>
