<?xml version="1.0"?>
<opencv_storage>
<pose004 type_id="opencv-matrix">
  <rows>4</rows>
  <cols>4</cols>
  <dt>f</dt>
  <data>
    3.20779651e-01 9.46503937e-01 3.50828618e-02 -8.36128443e-02
    1.73660323e-01 -2.23621018e-02 -9.84551549e-01 1.78478450e-01
    -9.31097448e-01 3.21916640e-01 -1.71543479e-01 5.07705450e-01 0. 0.
    0. 1.</data></pose004>
</opencv_storage>
