<?xml version="1.0"?>
<opencv_storage>
<Distortion type_id="opencv-matrix">
  <rows>4</rows>
  <cols>1</cols>
  <dt>f</dt>
  <data>
    0.1198590113639581 -0.1310346453225307 0.0070187772442847 -0.02335038634258817
    </data></Distortion>
</opencv_storage>
