<?xml version="1.0"?>
<opencv_storage>
<Intrinsics type_id="opencv-matrix">
  <rows>3</rows>
  <cols>3</cols>
  <dt>f</dt>
  <data>
    541.7084706800928 0 312.6945803266324 0 539.9289409636573 241.325960768061 0 0 1</data></Intrinsics>
</opencv_storage>
