<?xml version="1.0"?>
<opencv_storage>
<pose004 type_id="opencv-matrix">
  <rows>4</rows>
  <cols>4</cols>
  <dt>f</dt>
  <data>
    -9.99821603e-01 9.59059689e-03 -1.62711535e-02 4.63394299e-02
    1.06276115e-02 9.97835636e-01 -6.48925304e-02 -2.80834194e-02
    1.56135801e-02 -6.50538802e-02 -9.97759581e-01 3.94865006e-01 0. 0.
    0. 1.</data></pose004>
</opencv_storage>
