<?xml version="1.0"?>
<opencv_storage>
<wing_basic type_id="opencv-matrix">
  <rows>333</rows>
  <cols>3</cols>
  <dt>f</dt>
  <data>
    82. 42. 42. -7.40000010e-01 3.50000001e-02 1.99145999e-17
    -7.40000010e-01 3.50000001e-02 1.99145999e-17 -7.40000010e-01
    3.50000001e-02 1.99145999e-17 -7.40000010e-01 -1.71453995e-15
    -1.05319996e-30 -7.40000010e-01 -1.71453995e-15 -1.05319996e-30
    -7.40000010e-01 -1.85679003e-15 2.50000000e-01 -7.40000010e-01
    -1.85679003e-15 2.50000000e-01 -7.40000010e-01 3.50000001e-02
    2.50000000e-01 7.40000010e-01 3.50000001e-02 1.99145999e-17
    7.40000010e-01 3.50000001e-02 1.99145999e-17 7.40000010e-01
    2.01550007e-15 1.06915001e-30 7.40000010e-01 3.50000001e-02
    2.50000000e-01 7.74999976e-01 3.05000007e-01 1.73542003e-16
    7.74999976e-01 3.05000007e-01 1.73542003e-16 7.74999976e-01
    3.05000007e-01 1.73542003e-16 7.74999976e-01 3.05000007e-01
    1.73542003e-16 7.74999976e-01 3.05000007e-01 1.73542003e-16
    7.40000010e-01 3.05000007e-01 1.73542003e-16 7.40000010e-01
    3.05000007e-01 1.73542003e-16 7.40000010e-01 3.05000007e-01
    2.50000000e-01 7.40000010e-01 3.05000007e-01 2.50000000e-01
    7.74999976e-01 3.05000007e-01 2.50000000e-01 7.74999976e-01
    3.05000007e-01 2.50000000e-01 7.74999976e-01 3.05000007e-01
    2.50000000e-01 7.74999976e-01 -3.10000002e-01 -1.76387001e-16
    7.74999976e-01 -3.10000002e-01 -1.76387001e-16 7.40000010e-01
    -3.10000002e-01 -1.76387001e-16 7.74999976e-01 -3.10000002e-01
    2.50000000e-01 7.74999976e-01 -3.10000002e-01 -1.76387001e-16
    7.74999976e-01 -3.10000002e-01 -1.76387001e-16 7.74999976e-01
    -3.10000002e-01 -1.76387001e-16 7.74999976e-01 -3.10000002e-01
    2.50000000e-01 7.74999976e-01 -3.10000002e-01 2.50000000e-01
    7.74999976e-01 -3.75000000e-01 2.50000000e-01 7.74999976e-01
    -3.75000000e-01 2.50000000e-01 7.74999976e-01 -3.75000000e-01
    -2.13371001e-16 -7.74999976e-01 -3.10000002e-01 -1.76387001e-16
    -7.74999976e-01 -3.10000002e-01 -1.76387001e-16 -7.74999976e-01
    -3.10000002e-01 2.50000000e-01 -7.74999976e-01 -3.75000000e-01
    -2.13371001e-16 -7.40000010e-01 3.05000007e-01 1.73542003e-16
    -7.40000010e-01 3.05000007e-01 1.73542003e-16 -7.40000010e-01
    3.05000007e-01 1.73542003e-16 -7.74999976e-01 3.05000007e-01
    1.73542003e-16 -7.74999976e-01 3.05000007e-01 1.73542003e-16
    -7.74999976e-01 3.05000007e-01 1.73542003e-16 -7.74999976e-01
    3.05000007e-01 2.50000000e-01 -7.74999976e-01 3.05000007e-01
    2.50000000e-01 -7.74999976e-01 3.05000007e-01 2.50000000e-01
    -7.40000010e-01 3.05000007e-01 2.50000000e-01 -7.40000010e-01
    -3.10000002e-01 -1.76387001e-16 -7.40000010e-01 -3.10000002e-01
    -1.76387001e-16 -7.74999976e-01 -3.10000002e-01 -1.76387001e-16
    -7.40000010e-01 -3.10000002e-01 2.50000000e-01 2.50000000e-01
    -3.10000002e-01 -1.76387001e-16 2.50000000e-01 -3.10000002e-01
    -1.76387001e-16 2.50000000e-01 -3.10000002e-01 -1.76387001e-16
    2.84999996e-01 -3.10000002e-01 -1.76387001e-16 2.84999996e-01
    -3.10000002e-01 -1.76387001e-16 2.84999996e-01 -3.10000002e-01
    2.50000000e-01 2.84999996e-01 -3.10000002e-01 2.50000000e-01
    2.50000000e-01 -3.10000002e-01 2.50000000e-01 2.50000000e-01
    3.05000007e-01 1.73542003e-16 2.50000000e-01 3.05000007e-01
    1.73542003e-16 2.84999996e-01 3.05000007e-01 1.73542003e-16
    2.50000000e-01 3.05000007e-01 2.50000000e-01 -3.54999989e-01
    -3.10000002e-01 -1.76387001e-16 -3.54999989e-01 -3.10000002e-01
    -1.76387001e-16 -3.54999989e-01 -3.10000002e-01 -1.76387001e-16
    -3.19999993e-01 -3.10000002e-01 -1.76387001e-16 -3.19999993e-01
    -3.10000002e-01 -1.76387001e-16 -3.19999993e-01 -3.10000002e-01
    2.50000000e-01 -3.19999993e-01 -3.10000002e-01 2.50000000e-01
    -3.54999989e-01 -3.10000002e-01 2.50000000e-01 -3.54999989e-01
    3.05000007e-01 1.73542003e-16 -3.54999989e-01 3.05000007e-01
    1.73542003e-16 -3.19999993e-01 3.05000007e-01 1.73542003e-16
    -3.54999989e-01 3.05000007e-01 2.50000000e-01 7.74999976e-01
    3.70000005e-01 2.10526002e-16 7.74999976e-01 3.70000005e-01
    2.10526002e-16 7.74999976e-01 3.70000005e-01 2.50000000e-01
    -7.74999976e-01 3.70000005e-01 2.10526002e-16 -7.40000010e-01
    -1.71453995e-15 -1.05319996e-30 -7.40000010e-01 3.50000001e-02
    2.50000000e-01 7.40000010e-01 3.50000001e-02 1.99145999e-17
    -7.40000010e-01 -1.85679003e-15 2.50000000e-01 7.40000010e-01
    2.01550007e-15 1.06915001e-30 -7.40000010e-01 3.50000001e-02
    2.50000000e-01 7.40000010e-01 1.87325000e-15 2.50000000e-01
    7.40000010e-01 3.50000001e-02 2.50000000e-01 7.40000010e-01
    2.01550007e-15 1.06915001e-30 7.40000010e-01 3.50000001e-02
    2.50000000e-01 7.40000010e-01 1.87325000e-15 2.50000000e-01
    7.40000010e-01 1.87325000e-15 2.50000000e-01 7.40000010e-01
    3.05000007e-01 1.73542003e-16 7.74999976e-01 3.05000007e-01
    2.50000000e-01 7.74999976e-01 -3.10000002e-01 -1.76387001e-16
    7.74999976e-01 3.70000005e-01 2.10526002e-16 -7.74999976e-01
    3.05000007e-01 1.73542003e-16 7.40000010e-01 3.05000007e-01
    2.50000000e-01 7.40000010e-01 -3.10000002e-01 -1.76387001e-16
    7.74999976e-01 3.05000007e-01 2.50000000e-01 7.40000010e-01
    -3.10000002e-01 2.50000000e-01 7.74999976e-01 -3.10000002e-01
    2.50000000e-01 7.74999976e-01 3.70000005e-01 2.50000000e-01
    -7.74999976e-01 3.05000007e-01 2.50000000e-01 7.40000010e-01
    -3.10000002e-01 -1.76387001e-16 7.74999976e-01 -3.10000002e-01
    2.50000000e-01 7.40000010e-01 -3.10000002e-01 2.50000000e-01
    7.40000010e-01 -3.10000002e-01 2.50000000e-01 7.74999976e-01
    -3.10000002e-01 2.50000000e-01 7.74999976e-01 -3.75000000e-01
    -2.13371001e-16 -7.74999976e-01 -3.10000002e-01 -1.76387001e-16
    7.74999976e-01 -3.75000000e-01 2.50000000e-01 -7.74999976e-01
    -3.10000002e-01 2.50000000e-01 7.74999976e-01 -3.75000000e-01
    -2.13371001e-16 -7.74999976e-01 -3.75000000e-01 2.50000000e-01
    -7.74999976e-01 -3.75000000e-01 -2.13371001e-16 -7.74999976e-01
    -3.10000002e-01 2.50000000e-01 -7.74999976e-01 -3.75000000e-01
    -2.13371001e-16 -7.74999976e-01 -3.75000000e-01 2.50000000e-01
    -7.74999976e-01 -3.75000000e-01 2.50000000e-01 -7.74999976e-01
    3.05000007e-01 1.73542003e-16 -7.40000010e-01 3.05000007e-01
    2.50000000e-01 -7.40000010e-01 -3.10000002e-01 -1.76387001e-16
    -7.74999976e-01 3.05000007e-01 2.50000000e-01 -7.74999976e-01
    -3.10000002e-01 -1.76387001e-16 -7.74999976e-01 3.70000005e-01
    2.10526002e-16 -7.40000010e-01 3.05000007e-01 2.50000000e-01
    -7.74999976e-01 -3.10000002e-01 2.50000000e-01 -7.74999976e-01
    3.70000005e-01 2.50000000e-01 -7.40000010e-01 -3.10000002e-01
    2.50000000e-01 -7.74999976e-01 -3.10000002e-01 -1.76387001e-16
    -7.40000010e-01 -3.10000002e-01 2.50000000e-01 -7.74999976e-01
    -3.10000002e-01 2.50000000e-01 -7.74999976e-01 -3.10000002e-01
    2.50000000e-01 2.84999996e-01 -3.10000002e-01 -1.76387001e-16
    2.50000000e-01 -3.10000002e-01 2.50000000e-01 2.50000000e-01
    3.05000007e-01 1.73542003e-16 2.84999996e-01 -3.10000002e-01
    2.50000000e-01 2.84999996e-01 3.05000007e-01 1.73542003e-16
    2.50000000e-01 -3.10000002e-01 2.50000000e-01 2.84999996e-01
    3.05000007e-01 2.50000000e-01 2.50000000e-01 3.05000007e-01
    2.50000000e-01 2.84999996e-01 3.05000007e-01 1.73542003e-16
    2.50000000e-01 3.05000007e-01 2.50000000e-01 2.84999996e-01
    3.05000007e-01 2.50000000e-01 2.84999996e-01 3.05000007e-01
    2.50000000e-01 -3.19999993e-01 -3.10000002e-01 -1.76387001e-16
    -3.54999989e-01 -3.10000002e-01 2.50000000e-01 -3.54999989e-01
    3.05000007e-01 1.73542003e-16 -3.19999993e-01 -3.10000002e-01
    2.50000000e-01 -3.19999993e-01 3.05000007e-01 1.73542003e-16
    -3.54999989e-01 -3.10000002e-01 2.50000000e-01 -3.19999993e-01
    3.05000007e-01 2.50000000e-01 -3.54999989e-01 3.05000007e-01
    2.50000000e-01 -3.19999993e-01 3.05000007e-01 1.73542003e-16
    -3.54999989e-01 3.05000007e-01 2.50000000e-01 -3.19999993e-01
